BTAP	STDEMPST	CHEMPST	MCAMSIS	FCAMSIS
1	0	0	43.8	26.38
1	1	-1	45.13	24.61
1	2	1	44.92	41.21
1	5	2	48.34	17.56
1	6	3	36.18	40.87
2	0	0	42.71	39.15
2	1	-1	54.46	49.08
2	2	1	55.04	55.73
2	5	2	48.36	39.48
2	6	3	39.92	37.97
3	0	0	55.35	52.27
3	1	-1	64.67	53.23
3	2	1	64.98	59.78
3	5	2	53.73	44.95
3	6	3	50.51	52.07
11	0	0	43.8	26.38
11	1	-1	45.13	24.61
11	2	1	44.92	41.21
11	5	2	48.34	17.56
11	6	3	36.18	40.87
21	0	0	37.97	33.23
21	1	-1	42.23	31.76
21	2	1	42.26	38.27
21	5	2	41.88	26.98
21	6	3	34.99	33.66
22	0	0	31.35	30.54
22	1	-1	43.08	45.36
22	2	1	42.88	48.79
22	5	2	45.39	34.19
22	6	3	28.53	28.46
23	0	0	35.56	33.17
23	1	-1	48.48	53.43
23	2	1	48.71	68.37
23	5	2	46.77	36.52
23	6	3	32.36	30.19
24	0	0	29	32.75
24	1	-1	47.72	49.91
24	2	1	47.52	64.1
24	5	2	49.43	37.62
24	6	3	25.84	30.38
25	0	0	39.28	30.79
25	1	-1	50.15	40.52
25	2	1	50.45	54.56
25	5	2	47.72	31.75
25	6	3	37.46	30.21
26	0	0	40.34	36.29
26	1	-1	50.92	50.19
26	2	1	51.19	63.77
26	5	2	48.73	34.67
26	6	3	36.2	33.08
27	0	0	45.55	45.49
27	1	-1	57.59	50.66
27	2	1	57.7	60.49
27	5	2	56.08	43.41
27	6	3	43.61	44.9
28	0	0	46.1	54.22
28	1	-1	67.12	69.6
28	2	1	67.41	75.76
28	5	2	61.25	67.47
28	6	3	45.35	53.59
29	0	0	53.27	53.67
29	1	-1	67.72	65.4
29	2	1	68.12	70.4
29	5	2	57.71	54.23
29	6	3	49.73	51.97
31	0	0	54.74	46.62
31	1	-1	59.02	47.66
31	2	1	59.2	55.06
31	5	2	54.31	38.25
31	6	3	51.31	46.4
32	0	0	59.62	58.23
32	1	-1	65.46	64.57
32	2	1	65.47	65.81
32	5	2	64.84	56.73
32	6	3	55.54	57.53
33	0	0	58.01	56.01
33	1	-1	63.59	53.32
33	2	1	63.7	61.82
33	5	2	58.15	48.56
33	6	3	53.43	56.73
34	0	0	37.14	48.03
34	1	-1	47.43	44.9
34	2	1	48.1	48.81
34	5	2	41.88	40.97
34	6	3	35.98	48.3
35	0	0	43.58	49.73
35	1	-1	56.66	43.88
35	2	1	56.66	46.3
35	5	2	56.5	42.7
35	6	3	43.09	49.79
36	0	0	55.55	62.42
36	1	-1	80.01	80.01
36	2	1	80.04	80.29
36	5	2	68.23	75.12
36	6	3	48.24	57.67
37	0	0	70.68	73.51
37	1	-1	76.95	76.58
37	2	1	76.97	77.24
37	5	2	76	71.02
37	6	3	67.16	72.45
38	0	0	62.05	65.68
38	1	-1	65.6	69.03
38	2	1	65.75	71.09
38	5	2	59.61	57.01
38	6	3	57.28	62.74
39	0	0	45.57	36.71
39	1	-1	54.04	40.68
39	2	1	54.39	46.44
39	5	2	49.26	31.54
39	6	3	38.38	35.38
41	0	0	39.76	31.36
41	1	-1	48.22	45.84
41	2	1	48.33	48.07
41	5	2	46.22	31.08
41	6	3	37.72	28.14
42	0	0	74.34	58.33
42	1	-1	83.55	68.14
42	2	1	83.58	76.89
42	5	2	80.17	53.61
42	6	3	63.72	57.24
43	0	0	72.52	63.14
43	1	-1	81.07	65.49
43	2	1	81.08	68.06
43	5	2	74.6	39.13
43	6	3	69.99	62.95
44	0	0	78.57	74.34
44	1	-1	82.89	74.34
44	2	1	83.03	75.14
44	5	2	61.1	63.81
44	6	3	77.73	74.34
45	0	0	82.54	82.49
45	1	-1	84.31	85.98
45	2	1	84.39	85.23
45	5	2	64.24	94.7
45	6	3	81.54	81.25
46	0	0	37.96	37.78
46	1	-1	66.05	61.66
46	2	1	67.02	66.91
46	5	2	50.49	43.55
46	6	3	35.95	36.7
47	0	0	56.7	53.43
47	1	-1	66.1	61.6
47	2	1	59.95	54.1
47	5	2	53.8	46.6
47	6	3	50.2	52.1
111	0	0	43.92	23.46
111	1	-1	44.33	23.4
111	2	1	44.11	40.28
111	5	2	48.04	16.67
111	6	3	33.92	25.72
112	0	0	53.75	34
112	1	-1	59.02	35.81
112	2	1	59.52	47.8
112	5	2	52.11	28.5
112	6	3	33.94	27.73
113	0	0	41.42	48.51
113	1	-1	43.72	48.23
113	2	1	43.22	49
113	5	2	52.58	46.7
113	6	3	39.09	48.86
114	0	0	39.86	45.22
114	1	-1	50.98	44.38
114	2	1	51.13	49.94
114	5	2	49.27	38.6
114	6	3	33.67	45.58
115	0	0	45.98	37.42
115	1	-1	50.48	45.93
115	2	1	50.32	47.8
115	5	2	53.21	45.11
115	6	3	44.78	32.4
211	0	0	38.22	32.74
211	1	-1	42.23	31.09
211	2	1	42.26	37.69
211	5	2	41.91	26.33
211	6	3	35.22	33.29
212	0	0	33.89	39.48
212	1	-1	42.21	47.44
212	2	1	42.5	49.6
212	5	2	41.1	46.21
212	6	3	32.55	37.5
213	0	0	29.52	8.49
213	1	-1	42.5	49.6
213	2	1	42.5	33
213	5	2	35.2	49.6
213	6	3	28.6	7.7
214	0	0	28.6	52.75
214	1	-1	42.9	49.6
214	2	1	42.35	49.6
214	5	2	41.8	49.6
214	6	3	28.6	53
221	0	0	27.67	25.58
221	1	-1	46.4	49.49
221	2	1	46.6	56.18
221	5	2	45.09	31.7
221	6	3	26.85	24.18
222	0	0	32.49	32.09
222	1	-1	41.78	44.91
222	2	1	41.8	47.92
222	5	2	41.58	33.79
222	6	3	28.85	29.91
223	0	0	35.99	32.19
223	1	-1	43.08	44.17
223	2	1	42.76	48.6
223	5	2	46.9	39.1
223	6	3	31.93	30.33
231	0	0	27.06	27.32
231	1	-1	45.77	36.3
231	2	1	46.22	36.3
231	5	2	43.3	36.3
231	6	3	24.75	27.06
232	0	0	40.4	40.34
232	1	-1	49.16	55.71
232	2	1	49.31	70.84
232	5	2	47.97	36.57
232	6	3	37.49	35.17
241	0	0	27.93	42.53
241	1	-1	45.41	56.3
241	2	1	45	48.55
241	5	2	50.8	40.8
241	6	3	24.43	30.5
242	0	0	27.65	35.5
242	1	-1	45.73	46.3
242	2	1	45	64.1
242	5	2	50.8	37.4
242	6	3	24.78	34.4
243	0	0	25.22	35.57
243	1	-1	46.02	39.1
243	2	1	45	47.98
243	5	2	50.8	39.1
243	6	3	22.2	34.4
244	0	0	34.58	30.46
244	1	-1	53.23	53.1
244	2	1	53.9	64.1
244	5	2	37.8	37.4
244	6	3	30.85	26.93
251	0	0	21.64	16.73
251	1	-1	47.82	31.6
251	2	1	49.1	37.68
251	5	2	42	31.6
251	6	3	19.96	16.4
252	0	0	28.74	27.94
252	1	-1	49	41.76
252	2	1	50.04	54.1
252	5	2	42	31.4
252	6	3	27.47	27.1
253	0	0	33.26	31.78
253	1	-1	47.95	38.96
253	2	1	48.62	54.1
253	5	2	42.93	31.4
253	6	3	31.24	31.47
254	0	0	40.23	27.02
254	1	-1	48.65	37.54
254	2	1	49.02	59.5
254	5	2	46.83	28.2
254	6	3	39.52	26.72
255	0	0	46.95	31.79
255	1	-1	52.51	37.59
255	2	1	52.27	59.5
255	5	2	55.3	28.33
255	6	3	46.26	31.63
256	0	0	44.51	35.28
256	1	-1	55.34	42.47
256	2	1	56.1	52.1
256	5	2	44.8	35.6
256	6	3	40.98	34.88
257	0	0	43.79	38.2
257	1	-1	50.74	41.12
257	2	1	50.78	54.04
257	5	2	50.31	32.45
257	6	3	40.07	37.05
261	0	0	40.59	36.1
261	1	-1	50.76	42.62
261	2	1	51.01	61.4
261	5	2	48.74	31.6
261	6	3	36.46	33.74
262	0	0	46.36	57.46
262	1	-1	60.43	66
262	2	1	61.5	66
262	5	2	48.2	66
262	6	3	36.11	53.3
263	0	0	31.35	26.67
263	1	-1	41.8	44.84
263	2	1	41.8	61.4
263	5	2	38.1	31.6
263	6	3	31.03	26
271	0	0	49.64	52.26
271	1	-1	58.75	52.45
271	2	1	57.69	63
271	5	2	71.5	40.8
271	6	3	48.46	52.24
272	0	0	43.21	40.82
272	1	-1	57.28	49.62
272	2	1	57.9	58.3
272	5	2	47.6	44.6
272	6	3	40.76	39.47
273	0	0	42.08	39.07
273	1	-1	55.89	49.39
273	2	1	56.7	58.3
273	5	2	47.6	44.6
273	6	3	38.99	38.27
281	0	0	47.63	55.84
281	1	-1	67.36	71.01
281	2	1	67.39	76.25
281	5	2	66.72	69.17
281	6	3	47	55.22
282	0	0	31.36	21.25
282	1	-1	66.12	37.56
282	2	1	67.5	61.4
282	5	2	47.6	31.6
282	6	3	28.72	20.65
291	0	0	69.88	73.74
291	1	-1	71.65	72.75
291	2	1	71.65	76.12
291	5	2	71.33	55.7
291	6	3	68.44	74.38
292	0	0	54.29	62.34
292	1	-1	57.73	61.53
292	2	1	57.87	63.6
292	5	2	56.2	57.28
292	6	3	53.67	62.43
293	0	0	54.1	56.1
293	1	-1	61.03	57.81
293	2	1	60.59	61.8
293	5	2	63.53	53
293	6	3	53.45	55.89
294	0	0	47.05	50.5
294	1	-1	60.76	61.84
294	2	1	61.33	62.56
294	5	2	54.7	61
294	6	3	45.91	49.9
295	0	0	26.94	27.87
295	1	-1	43.09	42.24
295	2	1	44.3	61.4
295	5	2	40.7	31.6
295	6	3	26.58	27.69
311	0	0	54.74	46.62
311	1	-1	59.02	47.66
311	2	1	59.2	55.06
311	5	2	54.31	38.25
311	6	3	51.31	46.4
321	0	0	55.76	55.52
321	1	-1	63.23	61.47
321	2	1	63.25	63.13
321	5	2	59.97	46.19
321	6	3	53.13	55.31
322	0	0	65.31	65.12
322	1	-1	67.43	66.62
322	2	1	67.43	68.91
322	5	2	67	57.5
322	6	3	62.98	64.76
323	0	0	59.38	61.95
323	1	-1	65.53	59.91
323	2	1	65.61	64.06
323	5	2	60.96	45.8
323	6	3	54.54	62.19
324	0	0	66.14	66.32
324	1	-1	67.38	67
324	2	1	67.38	66.98
324	5	2	67	67.2
324	6	3	63.57	65.75
325	0	0	61.39	64.04
325	1	-1	62.7	64.02
325	2	1	62.7	63.91
325	5	2	62.7	64.73
325	6	3	58.5	64.05
331	0	0	59.65	57.75
331	1	-1	63.22	57.41
331	2	1	63.33	61.75
331	5	2	56.61	44.55
331	6	3	53.16	58.08
332	0	0	53.97	55.68
332	1	-1	64.03	51.4
332	2	1	64.15	61.59
332	5	2	61.35	49.07
332	6	3	51.3	56.57
333	0	0	60.62	59.04
333	1	-1	68.58	68.18
333	2	1	68.73	69.47
333	5	2	59.19	62.6
333	6	3	58.97	58.29
341	0	0	39.85	47.1
341	1	-1	61.47	36.9
341	2	1	61.47	38.5
341	5	2	61.9	35.3
341	6	3	39.52	47.22
342	0	0	35.17	44.99
342	1	-1	44.51	43.68
342	2	1	44.97	48.05
342	5	2	42.08	39.43
342	6	3	34.06	45.56
343	0	0	40.53	58.49
343	1	-1	53.4	54.84
343	2	1	53.4	65.8
343	5	2	53.4	39.5
343	6	3	37.62	65.8
344	0	0	58.69	66.38
344	1	-1	69.65	65.8
344	2	1	69.65	65.8
344	5	2	55.24	65.8
344	6	3	57.09	66.38
345	0	0	35.23	38.8
345	1	-1	48.01	45.83
345	2	1	48.31	48.2
345	5	2	38.7	43.3
345	6	3	32.5	38.45
351	0	0	43.58	49.73
351	1	-1	56.66	43.88
351	2	1	56.66	46.3
351	5	2	56.5	42.7
351	6	3	43.09	49.79
361	0	0	46.4	50.41
361	1	-1	58.26	52.84
361	2	1	58.31	53.87
361	5	2	51.85	50.67
361	6	3	45.74	50.37
362	0	0	83.38	78.6
362	1	-1	84.53	81.13
362	2	1	84.53	81.06
362	5	2	84.62	82.65
362	6	3	79.54	76.27
371	0	0	75.27	75.29
371	1	-1	79.93	78.56
371	2	1	79.98	78.76
371	5	2	76	76.25
371	6	3	72.9	73.32
372	0	0	72.64	74.99
372	1	-1	87.2	79.44
372	2	1	87.2	79.7
372	5	2	74.02	76.7
372	6	3	69.05	74.8
373	0	0	64.05	65
373	1	-1	72.64	68.65
373	2	1	72.56	70.15
373	5	2	76	62.7
373	6	3	57.51	63.28
381	0	0	74.75	79.14
381	1	-1	71.92	81.66
381	2	1	71.9	82.48
381	5	2	76	71.65
381	6	3	77.09	77.97
382	0	0	72.65	70.63
382	1	-1	74.64	71.9
382	2	1	74.65	71.95
382	5	2	74.6	71.1
382	6	3	69.63	69.09
383	0	0	66.21	68.88
383	1	-1	71.02	72.32
383	2	1	71.1	73.03
383	5	2	64.8	66.9
383	6	3	56.8	63.61
384	0	0	54.79	59.55
384	1	-1	58.62	63.06
384	2	1	58.7	66.52
384	5	2	56.89	50.56
384	6	3	50.27	57.18
391	0	0	46.26	38.18
391	1	-1	54.04	41.45
391	2	1	54.39	46.35
391	5	2	49.3	32.73
391	6	3	39.29	36.88
392	0	0	24.39	29.38
392	1	-1	53.62	26.2
392	2	1	54.7	57.03
392	5	2	35.3	22.49
392	6	3	22.8	29.63
411	0	0	38.61	25.54
411	1	-1	44.07	29.46
411	2	1	44.08	29.48
411	5	2	43.97	29.43
411	6	3	38.18	25.41
412	0	0	32.73	46.58
412	1	-1	55.46	43.57
412	2	1	56.21	46
412	5	2	42.1	32.84
412	6	3	30.12	48.12
413	0	0	48.73	47.85
413	1	-1	49.68	48.39
413	2	1	49.66	49.98
413	5	2	50.36	32.2
413	6	3	42.2	47.02
421	0	0	88.65	64.53
421	1	-1	90.45	68.58
421	2	1	90.49	81.72
421	5	2	81.06	54.02
421	6	3	84.43	63.3
422	0	0	66.69	70.61
422	1	-1	70.33	72.39
422	2	1	70.11	73.49
422	5	2	80.08	64.96
422	6	3	62.85	69.84
423	0	0	72.7	58.88
423	1	-1	75.91	65.3
423	2	1	75.87	81.93
423	5	2	80.01	48.35
423	6	3	62.7	57.57
424	0	0	71.65	64.84
424	1	-1	70.85	67.47
424	2	1	70.8	75.3
424	5	2	77.1	60.15
424	6	3	75.65	61.5
425	0	0	50.49	54.02
425	1	-1	74.3	49.91
425	2	1	73.7	61.95
425	5	2	79.36	46
425	6	3	50.28	54.07
431	0	0	71.37	62.02
431	1	-1	76.58	63.33
431	2	1	76.58	66.04
431	5	2	74.6	38.6
431	6	3	70.14	61.91
432	0	0	75.8	69.48
432	1	-1	88.51	82.7
432	2	1	88.51	82.8
432	5	2	73.78	74.9
432	6	3	69.49	68.69
441	0	0	90.74	81.37
441	1	-1	93.72	82.86
441	2	1	93.72	82.86
441	5	2	79.86	75.56
441	6	3	87.69	81
442	0	0	90.9	82.63
442	1	-1	90.93	81.48
442	2	1	91	81.6
442	5	2	61.1	76.8
442	6	3	90.9	82.9
443	0	0	83.82	79.29
443	1	-1	85.3	78.18
443	2	1	85.3	78.2
443	5	2	72.5	76.8
443	6	3	83.7	79.4
444	0	0	73.9	74.09
444	1	-1	74.01	73.91
444	2	1	74.4	72.5
444	5	2	61.1	76.8
444	6	3	73.9	74.1
445	0	0	73.9	68.73
445	1	-1	83.3	65.29
445	2	1	72.2	64.6
445	5	2	61.1	76.8
445	6	3	73.9	68.9
446	0	0	77.99	74.45
446	1	-1	71.61	73.12
446	2	1	71.81	74.77
446	5	2	61.1	50.84
446	6	3	79.39	74.61
447	0	0	71.49	74.61
447	1	-1	77.85	74.09
447	2	1	77.95	74.81
447	5	2	61.1	61.44
447	6	3	69.45	74.69
451	0	0	83.47	84.69
451	1	-1	84.24	86.53
451	2	1	84.44	85.82
451	5	2	61.1	94.7
451	6	3	82.74	83.61
452	0	0	83.39	84.32
452	1	-1	89.94	85.56
452	2	1	89.94	84.8
452	5	2	89.12	94.7
452	6	3	80.23	83.7
453	0	0	82.07	79.53
453	1	-1	83.98	84.13
453	2	1	83.98	83.2
453	5	2	83.1	94.7
453	6	3	81.23	78.9
461	0	0	37.96	37.78
461	1	-1	66.05	61.66
461	2	1	67.02	66.91
461	5	2	50.49	43.55
461	6	3	35.95	36.7
471	0	0	56.7	53.43
471	1	-1	66.1	61.6
471	2	1	59.95	54.1
471	5	2	53.8	46.6
471	6	3	50.2	52.1
10000	0	0	43.8	26.38
10000	1	-1	45.13	24.61
10000	2	1	44.92	41.21
10000	5	2	48.34	17.56
10000	6	3	36.18	40.87
11000	0	0	43.8	26.38
11000	1	-1	45.13	24.61
11000	2	1	44.92	41.21
11000	5	2	48.34	17.56
11000	6	3	36.18	40.87
11100	0	0	43.92	23.46
11100	1	-1	44.33	23.4
11100	2	1	44.11	40.28
11100	5	2	48.04	16.67
11100	6	3	33.92	25.72
11101	0	0	44.21	23.58
11101	1	-1	44.36	23.39
11101	2	1	44.1	40.1
11101	5	2	48.9	16.7
11101	6	3	37	37.2
11102	0	0	28.6	19.66
11102	1	-1	39.78	23.47
11102	2	1	45.1	47.8
11102	5	2	29	15.9
11102	6	3	23.1	10.9
11103	0	0	51.32	50.85
11103	1	-1	50.61	49
11103	2	1	50.8	49
11103	5	2	48.9	16.6
11103	6	3	51.5	51.5
11200	0	0	53.75	34
11200	1	-1	59.02	35.81
11200	2	1	59.52	47.8
11200	5	2	52.11	28.5
11200	6	3	33.94	27.73
11201	0	0	57.7	34.69
11201	1	-1	61.14	39.02
11201	2	1	61.6	47.8
11201	5	2	48.9	28.5
11201	6	3	48.4	31.4
11202	0	0	52.06	34.62
11202	1	-1	58.98	35.39
11202	2	1	59.4	47.8
11202	5	2	53.5	28.5
11202	6	3	28.6	30.7
11203	0	0	57.28	32.13
11203	1	-1	57.94	36.45
11203	2	1	58.7	47.8
11203	5	2	48.9	28.5
11203	6	3	51.5	20.4
11300	0	0	41.42	48.51
11300	1	-1	43.72	48.23
11300	2	1	43.22	49
11300	5	2	52.58	46.7
11300	6	3	39.09	48.86
11301	0	0	48.63	46.7
11301	1	-1	50.55	48.08
11301	2	1	50.4	49
11301	5	2	53.5	46.7
11301	6	3	47	45.7
11302	0	0	39.77	47.53
11302	1	-1	41.97	48.04
11302	2	1	41.8	49
11302	5	2	48.9	46.7
11302	6	3	31	45.7
11303	0	0	42.23	48.38
11303	1	-1	43.21	47.48
11303	2	1	42.3	49
11303	5	2	53.5	46.7
11303	6	3	38.5	51.5
11304	0	0	40.78	46.7
11304	1	-1	42.3	46.7
11304	2	1	42.3	49
11304	5	2	53.5	46.7
11304	6	3	38.5	48.9
11305	0	0	39.49	49.95
11305	1	-1	43.63	48.62
11305	2	1	42.3	49
11305	5	2	53.5	46.7
11305	6	3	38.5	51.5
11400	0	0	39.86	45.22
11400	1	-1	50.98	44.38
11400	2	1	51.13	49.94
11400	5	2	49.27	38.6
11400	6	3	33.67	45.58
11401	0	0	39.6	41.16
11401	1	-1	51.19	40.37
11401	2	1	51.4	49.8
11401	5	2	49	35.8
11401	6	3	33.6	41.5
11402	0	0	45.97	48.18
11402	1	-1	48.71	47.21
11402	2	1	48.4	50
11402	5	2	53.5	42.3
11402	6	3	38.1	48.6
11500	0	0	45.98	37.42
11500	1	-1	50.48	45.93
11500	2	1	50.32	47.8
11500	5	2	53.21	45.11
11500	6	3	44.78	32.4
11501	0	0	54.23	32.4
11501	1	-1	66.82	46.5
11501	2	1	67.1	46.5
11501	5	2	48.9	23.9
11501	6	3	51.6	32.4
11502	0	0	41.99	32.86
11502	1	-1	44.68	37.53
11502	2	1	43.8	47.8
11502	5	2	53.5	32.4
11502	6	3	41.4	32.4
11503	0	0	50.98	34.26
11503	1	-1	50.8	46.5
11503	2	1	50.8	46.5
11503	5	2	51	23.9
11503	6	3	51	32.4
11504	0	0	46.19	42.01
11504	1	-1	47.98	47.03
11504	2	1	47.9	47.8
11504	5	2	53.5	46.7
11504	6	3	41.4	32.4
20000	0	0	42.71	39.15
20000	1	-1	54.46	49.08
20000	2	1	55.04	55.73
20000	5	2	48.36	39.48
20000	6	3	39.92	37.97
21000	0	0	37.97	33.23
21000	1	-1	42.23	31.76
21000	2	1	42.26	38.27
21000	5	2	41.88	26.98
21000	6	3	34.99	33.66
21100	0	0	38.22	32.74
21100	1	-1	42.23	31.09
21100	2	1	42.26	37.69
21100	5	2	41.91	26.33
21100	6	3	35.22	33.29
21101	0	0	32.11	34.48
21101	1	-1	42.25	25.9
21101	2	1	42.5	48.8
21101	5	2	42	25.9
21101	6	3	31.5	34.6
21102	0	0	36.77	29.46
21102	1	-1	42.82	28.7
21102	2	1	42.9	28.7
21102	5	2	42.2	28.7
21102	6	3	33.3	30
21103	0	0	39.72	34.89
21103	1	-1	41.8	36.04
21103	2	1	41.8	47.6
21103	5	2	41.8	26.1
21103	6	3	37.5	34.6
21104	0	0	40.27	34.63
21104	1	-1	41.8	49.6
21104	2	1	41.8	49.6
21104	5	2	41.8	49.6
21104	6	3	40	33.7
21105	0	0	38.33	29.41
21105	1	-1	41.47	21.7
21105	2	1	41.5	21.7
21105	5	2	41.1	21.7
21105	6	3	35.9	33.3
21106	0	0	37.35	24.76
21106	1	-1	49.32	25.9
21106	2	1	50.5	48.8
21106	5	2	41.1	25.9
21106	6	3	34.7	24.2
21107	0	0	35.35	26.77
21107	1	-1	50.5	49.6
21107	2	1	50.5	49.6
21107	5	2	42	49.6
21107	6	3	31.5	24.2
21200	0	0	33.89	39.48
21200	1	-1	42.21	47.44
21200	2	1	42.5	49.6
21200	5	2	41.1	46.21
21200	6	3	32.55	37.5
21201	0	0	32.53	35.56
21201	1	-1	42.5	25.9
21201	2	1	42.5	48.8
21201	5	2	41.1	25.9
21201	6	3	32.2	37.5
21202	0	0	33.15	39.86
21202	1	-1	42.17	49.6
21202	2	1	42.5	49.6
21202	5	2	41.1	49.6
21202	6	3	31.5	37.5
21203	0	0	42.59	40.52
21203	1	-1	42.3	49.6
21203	2	1	42.5	49.6
21203	5	2	41.1	49.6
21203	6	3	42.7	37.5
21300	0	0	29.52	8.49
21300	1	-1	42.5	49.6
21300	2	1	42.5	33
21300	5	2	35.2	49.6
21300	6	3	28.6	7.7
21301	0	0	29.52	8.49
21301	1	-1	42.5	49.6
21301	2	1	42.5	7.7
21301	5	2	28.6	49.6
21301	6	3	28.6	7.7
21400	0	0	28.6	52.75
21400	1	-1	42.9	49.6
21400	2	1	42.35	49.6
21400	5	2	41.8	49.6
21400	6	3	28.6	53
21401	0	0	28.6	52.75
21401	1	-1	42.9	49.6
21401	2	1	42.9	49.6
21401	5	2	41.8	49.6
21401	6	3	28.6	53
22000	0	0	31.35	30.54
22000	1	-1	43.08	45.36
22000	2	1	42.88	48.79
22000	5	2	45.39	34.19
22000	6	3	28.53	28.46
22100	0	0	27.67	25.58
22100	1	-1	46.4	49.49
22100	2	1	46.6	56.18
22100	5	2	45.09	31.7
22100	6	3	26.85	24.18
22101	0	0	22.52	20.68
22101	1	-1	46.6	51.2
22101	2	1	46.6	53.3
22101	5	2	22.1	31.7
22101	6	3	22.1	18.5
22102	0	0	28.94	24.28
22102	1	-1	45.69	54.69
22102	2	1	46.6	62.5
22102	5	2	28.5	31.7
22102	6	3	28.5	22.4
22103	0	0	35.66	36.64
22103	1	-1	46.6	45.6
22103	2	1	46.6	50.4
22103	5	2	46.6	31.7
22103	6	3	33.8	33.8
22104	0	0	25.34	27.24
22104	1	-1	46.6	40.74
22104	2	1	46.6	50.4
22104	5	2	46.6	31.7
22104	6	3	24.7	26.9
22200	0	0	32.49	32.09
22200	1	-1	41.78	44.91
22200	2	1	41.8	47.92
22200	5	2	41.58	33.79
22200	6	3	28.85	29.91
22201	0	0	32.36	37.55
22201	1	-1	41.8	46.52
22201	2	1	41.8	48.1
22201	5	2	41.8	35.8
22201	6	3	28.5	34.8
22202	0	0	28.38	23.7
22202	1	-1	41.8	37.43
22202	2	1	41.8	43.8
22202	5	2	26.2	29.8
22202	6	3	26.2	23
22203	0	0	36.22	28.08
22203	1	-1	41.8	33.65
22203	2	1	41.8	43.8
22203	5	2	41.8	29.8
22203	6	3	33.2	27.2
22204	0	0	31.39	47.76
22204	1	-1	41.62	47.62
22204	2	1	41.8	50.8
22204	5	2	38.4	39.1
22204	6	3	28.4	47.8
22300	0	0	35.99	32.19
22300	1	-1	43.08	44.17
22300	2	1	42.76	48.6
22300	5	2	46.9	39.1
22300	6	3	31.93	30.33
22301	0	0	32.09	30.57
22301	1	-1	38.2	42.26
22301	2	1	38.2	48.6
22301	5	2	46.9	39.1
22301	6	3	31.7	29.8
22302	0	0	32.15	28.2
22302	1	-1	38.58	42.9
22302	2	1	38.2	48.6
22302	5	2	46.9	39.1
22302	6	3	28.9	27
22303	0	0	40.22	35.72
22303	1	-1	47.41	44.8
22303	2	1	47.5	48.6
22303	5	2	46.9	39.1
22303	6	3	35.8	33.2
22304	0	0	48.47	33.57
22304	1	-1	49.54	43.48
22304	2	1	50	48.6
22304	5	2	46.9	39.1
22304	6	3	47.6	31.9
22305	0	0	49.37	40.91
22305	1	-1	49.83	45.27
22305	2	1	50	48.6
22305	5	2	46.9	39.1
22305	6	3	47.6	39.3
23000	0	0	35.56	33.17
23000	1	-1	48.48	53.43
23000	2	1	48.71	68.37
23000	5	2	46.77	36.52
23000	6	3	32.36	30.19
23100	0	0	27.06	27.32
23100	1	-1	45.77	36.3
23100	2	1	46.22	36.3
23100	5	2	43.3	36.3
23100	6	3	24.75	27.06
23101	0	0	21.52	33.6
23101	1	-1	41.08	36.3
23101	2	1	41.5	36.3
23101	5	2	39.1	36.3
23101	6	3	19.8	33.2
23102	0	0	23.84	34.23
23102	1	-1	46.45	36.3
23102	2	1	47.3	70.4
23102	5	2	39.1	36.3
23102	6	3	21.8	33.2
23103	0	0	38.81	33.49
23103	1	-1	46.27	36.3
23103	2	1	46.2	70.4
23103	5	2	46.6	36.3
23103	6	3	36.6	33.2
23104	0	0	29.07	26.63
23104	1	-1	50.32	36.3
23104	2	1	51.3	36.3
23104	5	2	46.4	36.3
23104	6	3	28.8	26.5
23105	0	0	35.8	33.2
23105	1	-1	50.97	70.4
23105	2	1	51.3	70.4
23105	5	2	46.4	36.3
23105	6	3	28.7	33.2
23106	0	0	27.83	44.6
23106	1	-1	51.3	70.4
23106	2	1	51.3	70.4
23106	5	2	43.3	36.3
23106	6	3	27.2	27.1
23107	0	0	31.77	33.74
23107	1	-1	50.77	36.3
23107	2	1	51.3	36.3
23107	5	2	46.4	36.3
23107	6	3	28.7	33.2
23200	0	0	40.4	40.34
23200	1	-1	49.16	55.71
23200	2	1	49.31	70.84
23200	5	2	47.97	36.57
23200	6	3	37.49	35.17
23201	0	0	38.76	35.24
23201	1	-1	47.08	49.72
23201	2	1	46.7	64.1
23201	5	2	50.7	37.4
23201	6	3	32.8	21.8
23202	0	0	40.2	24.92
23202	1	-1	49.68	37.4
23202	2	1	49.5	70.4
23202	5	2	50.9	37.4
23202	6	3	35.6	21.8
23203	0	0	30.51	24.24
23203	1	-1	43.57	53.55
23203	2	1	44.2	70.4
23203	5	2	39.5	36.7
23203	6	3	25.6	21.8
23204	0	0	38.03	48.39
23204	1	-1	48.37	58.31
23204	2	1	48.7	71.6
23204	5	2	45.2	36.3
23204	6	3	33.2	42.2
23205	0	0	43.01	46.19
23205	1	-1	50.93	56.47
23205	2	1	50.8	71.6
23205	5	2	52.3	36.3
23205	6	3	40.8	42.2
23206	0	0	42.28	41.48
23206	1	-1	50.84	40.22
23206	2	1	51.5	71.6
23206	5	2	47.8	36.3
23206	6	3	38.5	42.2
23207	0	0	31.57	23.47
23207	1	-1	44.69	70.4
23207	2	1	44.2	70.4
23207	5	2	49.7	36.7
23207	6	3	29.2	21.8
23208	0	0	42.5	70.4
23208	1	-1	47.12	70.4
23208	2	1	47	70.4
23208	5	2	48.7	36.7
23208	6	3	37.9	35.2
23209	0	0	35.89	30.9
23209	1	-1	49.7	46.3
23209	2	1	49.7	64.1
23209	5	2	49.7	37.4
23209	6	3	31.4	23.2
23210	0	0	43.73	32.17
23210	1	-1	52.36	42.74
23210	2	1	52.9	64.1
23210	5	2	48.7	37.4
23210	6	3	42.6	31.6
23211	0	0	43.35	42.52
23211	1	-1	51.82	44.07
23211	2	1	51.7	64.1
23211	5	2	52.7	37.4
23211	6	3	40.3	42.2
23212	0	0	40.81	25.38
23212	1	-1	49.52	55.2
23212	2	1	49.5	64.1
23212	5	2	49.7	37.4
23212	6	3	37.3	23.2
24000	0	0	29	32.75
24000	1	-1	47.72	49.91
24000	2	1	47.52	64.1
24000	5	2	49.43	37.62
24000	6	3	25.84	30.38
24100	0	0	27.93	42.53
24100	1	-1	45.41	56.3
24100	2	1	45	48.55
24100	5	2	50.8	40.8
24100	6	3	24.43	30.5
24101	0	0	26.91	42.53
24101	1	-1	45	56.3
24101	2	1	45	56.3
24101	5	2	50.8	40.8
24101	6	3	23.9	30.5
24102	0	0	28.58	42.53
24102	1	-1	45	56.3
24102	2	1	45	56.3
24102	5	2	25.6	40.8
24102	6	3	25.6	30.5
24103	0	0	27.73	42.53
24103	1	-1	45.64	56.3
24103	2	1	45	56.3
24103	5	2	50.8	40.8
24103	6	3	23.9	30.5
24200	0	0	27.65	35.5
24200	1	-1	45.73	46.3
24200	2	1	45	64.1
24200	5	2	50.8	37.4
24200	6	3	24.78	34.4
24201	0	0	26.72	35.6
24201	1	-1	45.63	37.4
24201	2	1	45	34.4
24201	5	2	50.8	37.4
24201	6	3	21.9	34.4
24202	0	0	28.51	35.49
24202	1	-1	46	48.84
24202	2	1	45	64.1
24202	5	2	50.8	37.4
24202	6	3	27.1	34.4
24300	0	0	25.22	35.57
24300	1	-1	46.02	39.1
24300	2	1	45	47.98
24300	5	2	50.8	39.1
24300	6	3	22.2	34.4
24301	0	0	22.78	34.82
24301	1	-1	45.72	37.4
24301	2	1	45	56.3
24301	5	2	50.8	37.4
24301	6	3	20.2	34.4
24302	0	0	28.73	40.8
24302	1	-1	46.28	40.8
24302	2	1	45	56.3
24302	5	2	50.8	40.8
24302	6	3	25.3	30.5
24400	0	0	34.58	30.46
24400	1	-1	53.23	53.1
24400	2	1	53.9	64.1
24400	5	2	37.8	37.4
24400	6	3	30.85	26.93
24401	0	0	37.57	39.6
24401	1	-1	57.53	53.83
24401	2	1	57.8	64.1
24401	5	2	50.8	37.4
24401	6	3	32.9	34.6
24402	0	0	47.9	34.6
24402	1	-1	57.8	27.4
24402	2	1	57.8	27.4
24402	5	2	45.8	27.4
24402	6	3	45.8	34.6
24403	0	0	24.47	21.29
24403	1	-1	45	37.4
24403	2	1	45	27.4
24403	5	2	21.8	37.4
24403	6	3	21.8	19.4
24404	0	0	27.53	21.63
24404	1	-1	42.75	64.1
24404	2	1	45	64.1
24404	5	2	24.8	19.4
24404	6	3	24.8	19.4
25000	0	0	39.28	30.79
25000	1	-1	50.15	40.52
25000	2	1	50.45	54.56
25000	5	2	47.72	31.75
25000	6	3	37.46	30.21
25100	0	0	21.64	16.73
25100	1	-1	47.82	31.6
25100	2	1	49.1	37.68
25100	5	2	42	31.6
25100	6	3	19.96	16.4
25101	0	0	17.3	16.4
25101	1	-1	49.1	54.4
25101	2	1	33.2	43
25101	5	2	17.3	31.6
25101	6	3	17.3	16.4
25102	0	0	21.75	16.4
25102	1	-1	47.91	54.4
25102	2	1	49.1	54.4
25102	5	2	42	31.6
25102	6	3	20	16.4
25103	0	0	25.82	17
25103	1	-1	47.52	31.6
25103	2	1	49.1	54.4
25103	5	2	42	31.6
25103	6	3	24.2	16.4
25104	0	0	15.33	16.4
25104	1	-1	48.21	16.4
25104	2	1	49.1	16.4
25104	5	2	42	16.4
25104	6	3	13.5	16.4
25200	0	0	28.74	27.94
25200	1	-1	49	41.76
25200	2	1	50.04	54.1
25200	5	2	42	31.4
25200	6	3	27.47	27.1
25201	0	0	28.52	28.86
25201	1	-1	46.73	35.94
25201	2	1	49.1	54.1
25201	5	2	42	31.4
25201	6	3	28.1	28.8
25202	0	0	27.75	29.42
25202	1	-1	48.87	45.02
25202	2	1	50.1	54.1
25202	5	2	42	31.4
25202	6	3	25.9	27.2
25203	0	0	28.24	26.93
25203	1	-1	51.27	34.23
25203	2	1	52.3	54.1
25203	5	2	42	31.4
25203	6	3	25.4	26.2
25204	0	0	40.43	27.2
25204	1	-1	42	54.1
25204	2	1	46.05	42.75
25204	5	2	42	31.4
25204	6	3	40.4	27.2
25205	0	0	25.39	19.35
25205	1	-1	45.67	38.96
25205	2	1	51.8	54.1
25205	5	2	42	31.4
25205	6	3	25.1	18.1
25206	0	0	30.02	18.1
25206	1	-1	51.8	54.1
25206	2	1	51.8	54.1
25206	5	2	42	31.4
25206	6	3	29.8	18.1
25207	0	0	26.47	28.67
25207	1	-1	50.71	42.75
25207	2	1	51.8	54.1
25207	5	2	42	31.4
25207	6	3	26	28
25208	0	0	39.21	25.03
25208	1	-1	42.39	45.02
25208	2	1	42.5	54.1
25208	5	2	42	31.4
25208	6	3	38.8	23.8
25209	0	0	28.17	28.34
25209	1	-1	51.27	42.96
25209	2	1	51.8	54.1
25209	5	2	42	31.4
25209	6	3	26	26.9
25300	0	0	33.26	31.78
25300	1	-1	47.95	38.96
25300	2	1	48.62	54.1
25300	5	2	42.93	31.4
25300	6	3	31.24	31.47
25301	0	0	21.99	32.29
25301	1	-1	39.12	40.48
25301	2	1	38.3	54.1
25301	5	2	42	31.4
25301	6	3	21.6	32.1
25302	0	0	21.6	32.1
25302	1	-1	48.6	54.4
25302	2	1	45.8	43
25302	5	2	43	31.6
25302	6	3	21.6	32.1
25303	0	0	40.08	32.1
25303	1	-1	46.21	54.4
25303	2	1	46.1	54.4
25303	5	2	47.2	31.6
25303	6	3	38.9	32.1
25304	0	0	43.13	41.5
25304	1	-1	52.65	54.1
25304	2	1	53.4	54.1
25304	5	2	47.2	31.6
25304	6	3	39.9	28.9
25305	0	0	37.6	27.06
25305	1	-1	46.18	31.4
25305	2	1	46.1	54.4
25305	5	2	47.2	31.4
25305	6	3	31.8	26.2
25306	0	0	40.71	30.85
25306	1	-1	51.37	54.1
25306	2	1	51.9	54.1
25306	5	2	47.2	31.6
25306	6	3	38.4	26.2
25307	0	0	40.33	39.16
25307	1	-1	44.54	54.4
25307	2	1	44	54.4
25307	5	2	47.2	31.6
25307	6	3	40	31.5
25308	0	0	32.57	28.35
25308	1	-1	47.28	37.88
25308	2	1	48.5	54.1
25308	5	2	38.8	31.4
25308	6	3	30.8	26.2
25309	0	0	31.86	29.41
25309	1	-1	46.56	34.23
25309	2	1	48.5	54.1
25309	5	2	38.8	31.4
25309	6	3	29.9	28.9
25400	0	0	40.23	27.02
25400	1	-1	48.65	37.54
25400	2	1	49.02	59.5
25400	5	2	46.83	28.2
25400	6	3	39.52	26.72
25401	0	0	39.63	33.46
25401	1	-1	48.07	35.26
25401	2	1	48.2	59.5
25401	5	2	47.5	28.2
25401	6	3	38.8	33.2
25402	0	0	43.49	34.73
25402	1	-1	53.49	36.02
25402	2	1	53.2	59.5
25402	5	2	55.2	28.2
25402	6	3	42.3	34.6
25403	0	0	38.99	26.56
25403	1	-1	51.37	59.5
25403	2	1	52.2	59.5
25403	5	2	44	28.2
25403	6	3	38.1	25.8
25404	0	0	42.82	28.2
25404	1	-1	50.34	28.2
25404	2	1	51.7	59.5
25404	5	2	44	28.2
25404	6	3	42.5	28.2
25405	0	0	39.76	25.89
25405	1	-1	47.31	40.23
25405	2	1	48	59.5
25405	5	2	44	28.2
25405	6	3	39.2	25.7
25500	0	0	46.95	31.79
25500	1	-1	52.51	37.59
25500	2	1	52.27	59.5
25500	5	2	55.3	28.33
25500	6	3	46.26	31.63
25501	0	0	48.31	32.2
25501	1	-1	51.43	28.2
25501	2	1	51	54.4
25501	5	2	55.3	28.2
25501	6	3	46.8	34.2
25502	0	0	46.4	34.2
25502	1	-1	55.97	54.4
25502	2	1	56.1	54.4
25502	5	2	55.3	31.6
25502	6	3	45.7	34.2
25503	0	0	49.08	33.91
25503	1	-1	49.65	31.6
25503	2	1	49.3	54.4
25503	5	2	55.3	31.6
25503	6	3	48.9	34.2
25504	0	0	38.28	34.2
25504	1	-1	46.2	34.2
25504	2	1	45.3	34.2
25504	5	2	55.3	34.2
25504	6	3	38.1	34.2
25505	0	0	34.32	26.4
25505	1	-1	48.27	32.11
25505	2	1	47.1	59.5
25505	5	2	55.3	28.2
25505	6	3	32.4	26.3
25506	0	0	40.87	34.49
25506	1	-1	45.77	34.46
25506	2	1	45.3	59.5
25506	5	2	55.3	28.2
25506	6	3	40.3	34.5
25507	0	0	52.46	33.7
25507	1	-1	56.45	43.85
25507	2	1	56.5	59.5
25507	5	2	55.3	28.2
25507	6	3	52	33.4
25508	0	0	50.93	40.04
25508	1	-1	56.42	36.02
25508	2	1	56.5	59.5
25508	5	2	55.3	28.2
25508	6	3	50.6	40.3
25509	0	0	42.77	30.7
25509	1	-1	46.55	59.5
25509	2	1	45.3	59.5
25509	5	2	55.3	29.6
25509	6	3	42.7	29.6
25600	0	0	44.51	35.28
25600	1	-1	55.34	42.47
25600	2	1	56.1	52.1
25600	5	2	44.8	35.6
25600	6	3	40.98	34.88
25601	0	0	48.35	39.14
25601	1	-1	56.19	44.2
25601	2	1	56.8	52.1
25601	5	2	44.8	35.6
25601	6	3	44.7	38.7
25602	0	0	37.26	33.5
25602	1	-1	50.71	40.88
25602	2	1	51.8	52.1
25602	5	2	44.8	35.6
25602	6	3	35.6	33.2
25700	0	0	43.79	38.2
25700	1	-1	50.74	41.12
25700	2	1	50.78	54.04
25700	5	2	50.31	32.45
25700	6	3	40.07	37.05
25701	0	0	44.34	43.34
25701	1	-1	49.52	40.15
25701	2	1	49.3	52.1
25701	5	2	51.8	28.2
25701	6	3	41.3	44.5
25702	0	0	46.52	44.18
25702	1	-1	52.25	42.54
25702	2	1	52.4	59.5
25702	5	2	50.4	28.2
25702	6	3	42.7	44.5
25703	0	0	45.84	31.81
25703	1	-1	46.22	40.23
25703	2	1	45.9	59.5
25703	5	2	50.4	28.2
25703	6	3	45.3	27.9
25704	0	0	42.23	41.1
25704	1	-1	47.76	52.1
25704	2	1	47.8	52.1
25704	5	2	47.6	33.9
25704	6	3	40.3	37.3
25705	0	0	37.34	31.7
25705	1	-1	46.85	38.45
25705	2	1	46.4	52.1
25705	5	2	49.4	33.9
25705	6	3	35.5	30.5
25706	0	0	32.1	36.85
25706	1	-1	46.65	41.14
25706	2	1	46.3	52.1
25706	5	2	49.4	33.9
25706	6	3	29.5	34.3
26000	0	0	40.34	36.29
26000	1	-1	50.92	50.19
26000	2	1	51.19	63.77
26000	5	2	48.73	34.67
26000	6	3	36.2	33.08
26100	0	0	40.59	36.1
26100	1	-1	50.76	42.62
26100	2	1	51.01	61.4
26100	5	2	48.74	31.6
26100	6	3	36.46	33.74
26101	0	0	34.51	40.13
26101	1	-1	48.23	37.56
26101	2	1	48.5	61.4
26101	5	2	47.5	31.6
26101	6	3	29.4	41.3
26102	0	0	49.43	42.6
26102	1	-1	54.79	46.5
26102	2	1	55	61.4
26102	5	2	52.9	31.6
26102	6	3	40.5	41.3
26103	0	0	46.09	45.14
26103	1	-1	56.08	52.46
26103	2	1	56.4	61.4
26103	5	2	52.9	31.6
26103	6	3	40.5	41.3
26104	0	0	41.31	34.74
26104	1	-1	53.03	31.6
26104	2	1	53.7	61.4
26104	5	2	48.2	31.6
26104	6	3	36.5	37.1
26105	0	0	40.1	37.12
26105	1	-1	49.8	37.18
26105	2	1	50	61.4
26105	5	2	48.2	31.6
26105	6	3	36.4	37.1
26106	0	0	34.29	31.81
26106	1	-1	41.8	51.46
26106	2	1	41.8	61.4
26106	5	2	48.8	31.6
26106	6	3	30.2	26.9
26107	0	0	33.88	31.29
26107	1	-1	42.22	48.15
26107	2	1	41.8	61.4
26107	5	2	47.5	31.6
26107	6	3	30.2	26.9
26200	0	0	46.36	57.46
26200	1	-1	60.43	66
26200	2	1	61.5	66
26200	5	2	48.2	66
26200	6	3	36.11	53.3
26201	0	0	32.18	57.53
26201	1	-1	41.8	66
26201	2	1	41.8	66
26201	5	2	30.1	31.6
26201	6	3	30.1	53.3
26202	0	0	55.09	57.45
26202	1	-1	64.01	66
26202	2	1	65.7	66
26202	5	2	48.2	66
26202	6	3	43.2	53.3
26300	0	0	31.35	26.67
26300	1	-1	41.8	44.84
26300	2	1	41.8	61.4
26300	5	2	38.1	31.6
26300	6	3	31.03	26
26301	0	0	36.18	26.62
26301	1	-1	41.8	31.6
26301	2	1	41.8	63.8
26301	5	2	36	31.6
26301	6	3	36	26
26302	0	0	29.86	26.68
26302	1	-1	41.8	46.5
26302	2	1	41.8	61.4
26302	5	2	29.5	31.6
26302	6	3	29.5	26
27000	0	0	45.55	45.49
27000	1	-1	57.59	50.66
27000	2	1	57.7	60.49
27000	5	2	56.08	43.41
27000	6	3	43.61	44.9
27100	0	0	49.64	52.26
27100	1	-1	58.75	52.45
27100	2	1	57.69	63
27100	5	2	71.5	40.8
27100	6	3	48.46	52.24
27101	0	0	48.8	52.43
27101	1	-1	59.12	52.93
27101	2	1	57.8	63.6
27101	5	2	71.5	40.8
27101	6	3	47.7	52.4
27102	0	0	51.69	53.29
27102	1	-1	55.18	49.75
27102	2	1	54.3	62.3
27102	5	2	71.5	40.8
27102	6	3	51.2	53.6
27103	0	0	50.69	49.58
27103	1	-1	52.84	42.7
27103	2	1	51.1	63.6
27103	5	2	71.5	40.8
27103	6	3	50.3	50.4
27104	0	0	50.56	52.24
27104	1	-1	63.19	55.97
27104	2	1	62.8	62.3
27104	5	2	71.5	40.8
27104	6	3	48.3	51.5
27200	0	0	43.21	40.82
27200	1	-1	57.28	49.62
27200	2	1	57.9	58.3
27200	5	2	47.6	44.6
27200	6	3	40.76	39.47
27201	0	0	43.26	40.16
27201	1	-1	57.27	49.41
27201	2	1	57.9	58.3
27201	5	2	47.6	44.6
27201	6	3	40.8	38.6
27202	0	0	41.65	42.91
27202	1	-1	57.9	50.68
27202	2	1	57.9	58.3
27202	5	2	47.6	44.6
27202	6	3	39.7	42.1
27300	0	0	42.08	39.07
27300	1	-1	55.89	49.39
27300	2	1	56.7	58.3
27300	5	2	47.6	44.6
27300	6	3	38.99	38.27
27301	0	0	45.26	40.3
27301	1	-1	55.85	50.34
27301	2	1	56.7	58.3
27301	5	2	47.6	44.6
27301	6	3	42.5	39.3
27302	0	0	25.36	37.09
27302	1	-1	56.7	46.12
27302	2	1	56.7	58.3
27302	5	2	23.5	44.6
27302	6	3	23.5	36.7
28000	0	0	46.1	54.22
28000	1	-1	67.12	69.6
28000	2	1	67.41	75.76
28000	5	2	61.25	67.47
28000	6	3	45.35	53.59
28100	0	0	47.63	55.84
28100	1	-1	67.36	71.01
28100	2	1	67.39	76.25
28100	5	2	66.72	69.17
28100	6	3	47	55.22
28101	0	0	51.51	57.18
28101	1	-1	70.83	76.14
28101	2	1	70.8	85.1
28101	5	2	71.5	73.7
28101	6	3	51	56.5
28102	0	0	45.63	46.8
28102	1	-1	64.16	76.8
28102	2	1	60.5	76.8
28102	5	2	71.5	68.7
28102	6	3	45.5	46.8
28103	0	0	54.8	47.57
28103	1	-1	60.5	56.68
28103	2	1	60.5	62.4
28103	5	2	54.8	52.6
28103	6	3	53.7	46.8
28104	0	0	34.73	51.44
28104	1	-1	66.63	55.27
28104	2	1	67.5	62.4
28104	5	2	47.6	52.6
28104	6	3	33.8	51.3
28200	0	0	31.36	21.25
28200	1	-1	66.12	37.56
28200	2	1	67.5	61.4
28200	5	2	47.6	31.6
28200	6	3	28.72	20.65
28201	0	0	30.48	21.14
28201	1	-1	66.59	35.32
28201	2	1	67.5	61.4
28201	5	2	47.6	31.6
28201	6	3	27.6	20.3
28202	0	0	33.61	21.36
28202	1	-1	64.65	46.5
28202	2	1	67.5	61.4
28202	5	2	47.6	31.6
28202	6	3	31.6	21
29000	0	0	53.27	53.67
29000	1	-1	67.72	65.4
29000	2	1	68.12	70.4
29000	5	2	57.71	54.23
29000	6	3	49.73	51.97
29100	0	0	69.88	73.74
29100	1	-1	71.65	72.75
29100	2	1	71.65	76.12
29100	5	2	71.33	55.7
29100	6	3	68.44	74.38
29101	0	0	71.79	73.01
29101	1	-1	72.6	71.8
29101	2	1	72.6	74.5
29101	5	2	73.1	55.7
29101	6	3	69.5	74.6
29102	0	0	71	74.44
29102	1	-1	75.26	85
29102	2	1	75.3	85
29102	5	2	70.1	55.7
29102	6	3	70.3	73.7
29103	0	0	68.85	70.74
29103	1	-1	69.3	77.67
29103	2	1	69.3	85
29103	5	2	70.1	55.7
29103	6	3	68.3	68.9
29104	0	0	68.4	68.29
29104	1	-1	69.4	65.46
29104	2	1	69.4	85
29104	5	2	70.1	55.7
29104	6	3	68	68.9
29105	0	0	63.03	74.6
29105	1	-1	62.4	76.3
29105	2	1	62.4	76.3
29105	5	2	71.3	55.7
29105	6	3	63.6	74.6
29106	0	0	68.25	74.06
29106	1	-1	69.01	70.35
29106	2	1	69	85
29106	5	2	70.1	55.7
29106	6	3	68	74.6
29107	0	0	71.82	78.06
29107	1	-1	74.38	85
29107	2	1	74.5	85
29107	5	2	70.1	55.7
29107	6	3	71.3	74.6
29108	0	0	76.16	83.56
29108	1	-1	75.5	85
29108	2	1	75.5	85
29108	5	2	71.3	55.7
29108	6	3	77	80.7
29109	0	0	70.76	75.37
29109	1	-1	71.4	69.22
29109	2	1	71.4	85
29109	5	2	71.3	55.7
29109	6	3	70.3	80.7
29110	0	0	72.24	79.32
29110	1	-1	76.36	70.35
29110	2	1	76.4	85
29110	5	2	70.1	55.7
29110	6	3	68.9	80.7
29111	0	0	75.75	75.38
29111	1	-1	73	79.14
29111	2	1	73	85
29111	5	2	71.3	55.7
29111	6	3	77.1	74.6
29112	0	0	68.71	75.36
29112	1	-1	71.47	79.67
29112	2	1	71.5	85
29112	5	2	70.1	55.7
29112	6	3	67.5	74.6
29200	0	0	54.29	62.34
29200	1	-1	57.73	61.53
29200	2	1	57.87	63.6
29200	5	2	56.2	57.28
29200	6	3	53.67	62.43
29201	0	0	56.68	62.58
29201	1	-1	56.6	60.5
29201	2	1	56.6	63.6
29201	5	2	56.6	57.4
29201	6	3	56.7	62.9
29202	0	0	52.98	62.07
29202	1	-1	48.13	59.6
29202	2	1	47.5	63.6
29202	5	2	59.8	55.6
29202	6	3	54.2	62.9
29203	0	0	54.45	67.97
29203	1	-1	57.1	61.27
29203	2	1	57.4	63.6
29203	5	2	54.5	57.4
29203	6	3	53.7	69
29204	0	0	54.25	48.8
29204	1	-1	54.67	63.6
29204	2	1	54.5	63.6
29204	5	2	59.8	55.6
29204	6	3	54.2	48.8
29205	0	0	53.92	50.91
29205	1	-1	60.3	62.36
29205	2	1	60.3	63.6
29205	5	2	56.2	57.4
29205	6	3	52.2	48.8
29206	0	0	54.42	48.8
29206	1	-1	60.3	63.6
29206	2	1	60.3	63.6
29206	5	2	56.2	55.6
29206	6	3	54	48.8
29207	0	0	54.07	62.78
29207	1	-1	60.26	61.67
29207	2	1	60.3	63.6
29207	5	2	59.8	57.4
29207	6	3	53.4	62.9
29300	0	0	54.1	56.1
29300	1	-1	61.03	57.81
29300	2	1	60.59	61.8
29300	5	2	63.53	53
29300	6	3	53.45	55.89
29301	0	0	56.12	56.6
29301	1	-1	61.79	56.06
29301	2	1	61.3	62.3
29301	5	2	63.9	49.3
29301	6	3	55.5	56.7
29302	0	0	51.61	56.58
29302	1	-1	61.8	60.32
29302	2	1	61.6	61.3
29302	5	2	63	57.4
29302	6	3	51.4	56.3
29303	0	0	48.5	56.3
29303	1	-1	63.4	59.86
29303	2	1	63.4	61.4
29303	5	2	63.4	57.4
29303	6	3	47.6	56
29304	0	0	55.84	54.85
29304	1	-1	61.86	61.3
29304	2	1	61.6	61.3
29304	5	2	63	54.4
29304	6	3	54.6	54.1
29305	0	0	51.16	54.5
29305	1	-1	63.4	61.02
29305	2	1	63.4	61.3
29305	5	2	63.5	57.4
29305	6	3	50.8	54.1
29306	0	0	54.1	56.51
29306	1	-1	55.33	58.1
29306	2	1	53.5	61.3
29306	5	2	63	57.4
29306	6	3	53.9	56.3
29307	0	0	52.8	60
29307	1	-1	61.6	60
29307	2	1	61.6	61.3
29307	5	2	63.5	57.4
29307	6	3	52	60
29308	0	0	53.82	49.63
29308	1	-1	61.71	59.62
29308	2	1	61.6	61.3
29308	5	2	63	57.4
29308	6	3	53.3	48.8
29309	0	0	54.04	56.08
29309	1	-1	61.71	59.4
29309	2	1	61.6	61.3
29309	5	2	63	57.4
29309	6	3	53.2	55.7
29400	0	0	47.05	50.5
29400	1	-1	60.76	61.84
29400	2	1	61.33	62.56
29400	5	2	54.7	61
29400	6	3	45.91	49.9
29401	0	0	56.7	65.04
29401	1	-1	64.04	66.25
29401	2	1	64.6	65.3
29401	5	2	52.6	68.8
29401	6	3	52.7	64.7
29402	0	0	51.31	53.9
29402	1	-1	59.97	66.7
29402	2	1	59.7	65.3
29402	5	2	62.2	68.8
29402	6	3	50.8	53.1
29403	0	0	40.52	42.89
29403	1	-1	54.28	49.3
29403	2	1	57	49.3
29403	5	2	50.5	49.3
29403	6	3	40.3	42.7
29404	0	0	40.3	57.02
29404	1	-1	61.3	68.8
29404	2	1	58	67.05
29404	5	2	54.7	68.8
29404	6	3	40.3	53.1
29405	0	0	51.7	57.47
29405	1	-1	59.06	66.68
29405	2	1	58.9	65.3
29405	5	2	62.2	68.8
29405	6	3	51	56.9
29500	0	0	26.94	27.87
29500	1	-1	43.09	42.24
29500	2	1	44.3	61.4
29500	5	2	40.7	31.6
29500	6	3	26.58	27.69
29501	0	0	43.3	9.5
29501	1	-1	44.4	69
29501	2	1	42.1	62.3
29501	5	2	39.8	55.6
29501	6	3	43.3	9.5
29502	0	0	27.76	9.5
29502	1	-1	38.02	69
29502	2	1	37.5	69
29502	5	2	39.8	55.6
29502	6	3	27.3	9.5
29503	0	0	20.29	9.78
29503	1	-1	39.41	31.6
29503	2	1	37.5	9.5
29503	5	2	39.8	31.6
29503	6	3	20.2	9.5
29504	0	0	30.42	50.66
29504	1	-1	39.8	69
29504	2	1	42.1	62.3
29504	5	2	39.8	55.6
29504	6	3	30.3	27.4
29505	0	0	26.46	29.17
29505	1	-1	42.89	48.15
29505	2	1	45.5	61.4
29505	5	2	39.8	31.6
29505	6	3	26.2	29
29506	0	0	33.82	31.6
29506	1	-1	47.4	31.6
29506	2	1	47.4	69
29506	5	2	47.4	31.6
29506	6	3	33.6	27.4
29507	0	0	38.39	30.74
29507	1	-1	47.4	31.6
29507	2	1	47.4	30.7
29507	5	2	47.4	31.6
29507	6	3	37.7	30.7
30000	0	0	55.35	52.27
30000	1	-1	64.67	53.23
30000	2	1	64.98	59.78
30000	5	2	53.73	44.95
30000	6	3	50.51	52.07
31000	0	0	54.74	46.62
31000	1	-1	59.02	47.66
31000	2	1	59.2	55.06
31000	5	2	54.31	38.25
31000	6	3	51.31	46.4
31100	0	0	54.74	46.62
31100	1	-1	59.02	47.66
31100	2	1	59.2	55.06
31100	5	2	54.31	38.25
31100	6	3	51.31	46.4
31101	0	0	54.54	59.5
31101	1	-1	59.76	59.1
31101	2	1	59.9	63.4
31101	5	2	53.4	52.6
31101	6	3	52.7	59.6
31102	0	0	53.92	44.85
31102	1	-1	59.35	39.86
31102	2	1	59.6	49.7
31102	5	2	55.5	32.8
31102	6	3	51.8	45.5
31103	0	0	52.12	42.88
31103	1	-1	59.14	40.98
31103	2	1	59.6	49.7
31103	5	2	55.5	39.9
31103	6	3	51.9	42.9
31104	0	0	72.36	71.3
31104	1	-1	75.56	71.01
31104	2	1	76	75.8
31104	5	2	53.4	56.3
31104	6	3	65.1	71.4
31105	0	0	59.07	55.94
31105	1	-1	59.65	54.46
31105	2	1	59.8	58.2
31105	5	2	53.4	52.8
31105	6	3	56.1	56.3
31106	0	0	45.06	51.33
31106	1	-1	43.9	51.33
31106	2	1	43.9	57.8
31106	5	2	43.9	38.4
31106	6	3	52.4	46.4
31107	0	0	50.49	51.35
31107	1	-1	55.7	46.87
31107	2	1	55.7	51.2
31107	5	2	55.8	38.7
31107	6	3	48.5	53
31108	0	0	50.3	58.4
31108	1	-1	54.02	62.67
31108	2	1	53.9	64
31108	5	2	55.8	57.5
31108	6	3	49.8	57.8
31109	0	0	57.6	56.27
31109	1	-1	58.92	55.98
31109	2	1	59.1	57.8
31109	5	2	53.4	50.8
31109	6	3	52.4	57.5
32000	0	0	59.62	58.23
32000	1	-1	65.46	64.57
32000	2	1	65.47	65.81
32000	5	2	64.84	56.73
32000	6	3	55.54	57.53
32100	0	0	55.76	55.52
32100	1	-1	63.23	61.47
32100	2	1	63.25	63.13
32100	5	2	59.97	46.19
32100	6	3	53.13	55.31
32101	0	0	56.88	55.12
32101	1	-1	63.99	61.91
32101	2	1	64	63.5
32101	5	2	56.1	45.8
32101	6	3	53.7	54.9
32102	0	0	54.76	58.93
32102	1	-1	60.6	61
32102	2	1	60.6	61.2
32102	5	2	60.6	58.7
32102	6	3	53.3	58.7
32103	0	0	53.41	58.12
32103	1	-1	61.5	58.69
32103	2	1	61.5	61.2
32103	5	2	61.5	45.8
32103	6	3	51.8	58.1
32200	0	0	65.31	65.12
32200	1	-1	67.43	66.62
32200	2	1	67.43	68.91
32200	5	2	67	57.5
32200	6	3	62.98	64.76
32201	0	0	63.19	64.12
32201	1	-1	64.63	64.89
32201	2	1	64.6	67.2
32201	5	2	67	57.5
32201	6	3	61.6	63.9
32202	0	0	75.35	70.92
32202	1	-1	80.5	67.7
32202	2	1	80.5	68.7
32202	5	2	75.3	57.5
32202	6	3	68.8	72.1
32203	0	0	65.96	66.71
32203	1	-1	67.98	70.48
32203	2	1	68	73.9
32203	5	2	67	57.5
32203	6	3	63.6	66.1
32204	0	0	66.13	59.6
32204	1	-1	73	66.27
32204	2	1	73	67.2
32204	5	2	65.9	57.5
32204	6	3	63.1	58.7
32300	0	0	59.38	61.95
32300	1	-1	65.53	59.91
32300	2	1	65.61	64.06
32300	5	2	60.96	45.8
32300	6	3	54.54	62.19
32301	0	0	62.89	61.77
32301	1	-1	66.6	60.48
32301	2	1	66.6	63.9
32301	5	2	67	45.8
32301	6	3	60.2	61.9
32302	0	0	57.12	62.91
32302	1	-1	66.1	60.97
32302	2	1	66.1	64.3
32302	5	2	56.9	45.8
32302	6	3	46.4	63.1
32303	0	0	49.79	58.55
32303	1	-1	60.59	57.03
32303	2	1	61	63.9
32303	5	2	48.9	45.8
32303	6	3	42.9	59
32400	0	0	66.14	66.32
32400	1	-1	67.38	67
32400	2	1	67.38	66.98
32400	5	2	67	67.2
32400	6	3	63.57	65.75
32401	0	0	64.34	66.56
32401	1	-1	68.39	69.73
32401	2	1	68.4	70
32401	5	2	67	67.2
32401	6	3	60.9	65.4
32402	0	0	63.07	65.43
32402	1	-1	62.83	66.48
32402	2	1	62.8	66.4
32402	5	2	67	67.2
32402	6	3	64.4	63.7
32403	0	0	69.24	66.92
32403	1	-1	70.57	66.82
32403	2	1	70.6	66.8
32403	5	2	67	67.2
32403	6	3	66.2	67
32500	0	0	61.39	64.04
32500	1	-1	62.7	64.02
32500	2	1	62.7	63.91
32500	5	2	62.7	64.73
32500	6	3	58.5	64.05
32501	0	0	61.4	65.73
32501	1	-1	62.7	65.93
32501	2	1	62.7	65.7
32501	5	2	62.7	67.2
32501	6	3	58.5	65.6
32502	0	0	61.09	55.41
32502	1	-1	62.7	55.43
32502	2	1	62.7	56.4
32502	5	2	62.7	45.8
32502	6	3	58.5	55.4
33000	0	0	58.01	56.01
33000	1	-1	63.59	53.32
33000	2	1	63.7	61.82
33000	5	2	58.15	48.56
33000	6	3	53.43	56.73
33100	0	0	59.65	57.75
33100	1	-1	63.22	57.41
33100	2	1	63.33	61.75
33100	5	2	56.61	44.55
33100	6	3	53.16	58.08
33101	0	0	61.16	56.54
33101	1	-1	62.21	55.72
33101	2	1	62.3	60.6
33101	5	2	57.1	41.5
33101	6	3	54.6	60
33102	0	0	66.15	68.89
33102	1	-1	71.9	74.37
33102	2	1	71.9	74.6
33102	5	2	56.6	56.2
33102	6	3	57.3	66.3
33103	0	0	64.44	69.89
33103	1	-1	75.7	74.6
33103	2	1	75.7	74.6
33103	5	2	56.6	46.9
33103	6	3	54	68.2
33104	0	0	65.04	64.09
33104	1	-1	68.86	67.29
33104	2	1	68.9	69
33104	5	2	57.1	56.2
33104	6	3	60.9	63.2
33105	0	0	55.09	56.83
33105	1	-1	63.88	62.12
33105	2	1	64.1	63.6
33105	5	2	54.5	58.9
33105	6	3	51.8	55.8
33200	0	0	53.97	55.68
33200	1	-1	64.03	51.4
33200	2	1	64.15	61.59
33200	5	2	61.35	49.07
33200	6	3	51.3	56.57
33201	0	0	54.34	55.22
33201	1	-1	65.68	49.7
33201	2	1	66.2	60.3
33201	5	2	60.6	47.9
33201	6	3	52	56.4
33202	0	0	51.66	57.02
33202	1	-1	65	61.72
33202	2	1	65	64.1
33202	5	2	67.5	52.8
33202	6	3	49	56.8
33203	0	0	57.24	59.83
33203	1	-1	60.23	64.14
33203	2	1	60.1	62.7
33203	5	2	67.5	65.2
33203	6	3	55.8	58.5
33204	0	0	57.81	61.92
33204	1	-1	62.41	66.56
33204	2	1	62.3	66.7
33204	5	2	67.5	66.1
33204	6	3	52.3	58.8
33205	0	0	61.67	57.96
33205	1	-1	64.82	66.54
33205	2	1	64.8	67.4
33205	5	2	67.5	63.6
33205	6	3	57.6	56.5
33206	0	0	51.77	59.15
33206	1	-1	64.87	69.24
33206	2	1	65.5	72.3
33206	5	2	55.3	63.6
33206	6	3	49.8	57.9
33207	0	0	57.15	63.21
33207	1	-1	64.1	69.71
33207	2	1	64	66.6
33207	5	2	67.5	72.3
33207	6	3	52.7	60.9
33300	0	0	60.62	59.04
33300	1	-1	68.58	68.18
33300	2	1	68.73	69.47
33300	5	2	59.19	62.6
33300	6	3	58.97	58.29
33301	0	0	65.23	67.54
33301	1	-1	70.71	72.35
33301	2	1	70.8	73.8
33301	5	2	59.3	62.6
33301	6	3	63.7	66.9
33302	0	0	59.42	61.1
33302	1	-1	65.9	68.24
33302	2	1	66.1	69.5
33302	5	2	59.3	62.6
33302	6	3	58.7	60.6
33303	0	0	47.57	48.42
33303	1	-1	58.1	64
33303	2	1	58.1	65.2
33303	5	2	58.1	62.6
33303	6	3	47.4	48.2
33304	0	0	60.78	60.85
33304	1	-1	67.04	64.65
33304	2	1	67.2	65.2
33304	5	2	59.3	62.6
33304	6	3	58.9	60.4
34000	0	0	37.14	48.03
34000	1	-1	47.43	44.9
34000	2	1	48.1	48.81
34000	5	2	41.88	40.97
34000	6	3	35.98	48.3
34100	0	0	39.85	47.1
34100	1	-1	61.47	36.9
34100	2	1	61.47	38.5
34100	5	2	61.9	35.3
34100	6	3	39.52	47.22
34101	0	0	43.36	48.63
34101	1	-1	61.2	38.5
34101	2	1	61.2	38.5
34101	5	2	43.4	48.7
34101	6	3	42.6	48.7
34102	0	0	34.88	48.7
34102	1	-1	61.9	49.1
34102	2	1	61.9	49.1
34102	5	2	34.6	39.5
34102	6	3	34.6	48.7
34103	0	0	35.2	45.2
34103	1	-1	61.5	49.1
34103	2	1	48.35	44.3
34103	5	2	35.2	39.5
34103	6	3	35.2	47
34104	0	0	35.3	47.95
34104	1	-1	61.5	35.3
34104	2	1	48.4	42.2
34104	5	2	35.3	35.3
34104	6	3	35.3	48.7
34105	0	0	39.5	42.8
34105	1	-1	61.5	35.3
34105	2	1	50.5	39.1
34105	5	2	39.5	35.3
34105	6	3	39.5	42.9
34106	0	0	47.5	38.3
34106	1	-1	61.5	49.1
34106	2	1	54.5	44.3
34106	5	2	47.5	39.5
34106	6	3	47.5	38.3
34107	0	0	33.79	38.1
34107	1	-1	61.9	35.3
34107	2	1	61.9	38.3
34107	5	2	32.7	35.3
34107	6	3	32.7	38.3
34108	0	0	35.04	46.68
34108	1	-1	61.9	36.9
34108	2	1	61.9	38.5
34108	5	2	61.9	35.3
34108	6	3	34.6	46.8
34200	0	0	35.17	44.99
34200	1	-1	44.51	43.68
34200	2	1	44.97	48.05
34200	5	2	42.08	39.43
34200	6	3	34.06	45.56
34201	0	0	37.96	43.27
34201	1	-1	39.24	37.01
34201	2	1	39.2	38.5
34201	5	2	40.2	35.3
34201	6	3	37.6	46.8
34202	0	0	35.26	38.27
34202	1	-1	41.69	35.75
34202	2	1	42.3	38.5
34202	5	2	40.2	35.3
34202	6	3	34.7	38.7
34203	0	0	33.89	44.94
34203	1	-1	41.4	42.3
34203	2	1	41.1	51.6
34203	5	2	42.2	37.3
34203	6	3	33.4	45.6
34204	0	0	53.18	55.26
34204	1	-1	54.7	55.7
34204	2	1	54.7	55.7
34204	5	2	54.7	55.7
34204	6	3	47.1	45.6
34300	0	0	40.53	58.49
34300	1	-1	53.4	54.84
34300	2	1	53.4	65.8
34300	5	2	53.4	39.5
34300	6	3	37.62	65.8
34301	0	0	37.95	61.41
34301	1	-1	53.4	59.22
34301	2	1	53.4	65.8
34301	5	2	53.4	39.5
34301	6	3	34.7	65.8
34302	0	0	44.2	57.03
34302	1	-1	53.4	52.65
34302	2	1	53.4	65.8
34302	5	2	41.9	39.5
34302	6	3	41.9	65.8
34400	0	0	58.69	66.38
34400	1	-1	69.65	65.8
34400	2	1	69.65	65.8
34400	5	2	55.24	65.8
34400	6	3	57.09	66.38
34401	0	0	69.71	65.8
34401	1	-1	71.1	65.8
34401	2	1	71.1	65.8
34401	5	2	69.7	65.8
34401	6	3	69.2	65.8
34402	0	0	55.58	65.8
34402	1	-1	63.5	65.8
34402	2	1	63.5	65.8
34402	5	2	55.1	65.8
34402	6	3	55.1	65.8
34403	0	0	61.8	69.18
34403	1	-1	69.6	65.8
34403	2	1	65.7	67.5
34403	5	2	61.8	65.8
34403	6	3	61.8	69.2
34404	0	0	47.46	61.7
34404	1	-1	63.5	61.7
34404	2	1	63.5	61.7
34404	5	2	48.1	61.7
34404	6	3	46.8	61.7
34500	0	0	35.23	38.8
34500	1	-1	48.01	45.83
34500	2	1	48.31	48.2
34500	5	2	38.7	43.3
34500	6	3	32.5	38.45
34501	0	0	35.11	39.88
34501	1	-1	49.4	45.02
34501	2	1	49.7	48.2
34501	5	2	38.7	43.3
34501	6	3	32.1	39.7
34502	0	0	34.81	37.21
34502	1	-1	53.62	45.5
34502	2	1	58.6	48.2
34502	5	2	38.7	43.3
34502	6	3	34.1	36.9
34503	0	0	36.45	39.32
34503	1	-1	44.44	46.88
34503	2	1	44.5	48.2
34503	5	2	38.7	43.3
34503	6	3	31.2	38.2
35000	0	0	43.58	49.73
35000	1	-1	56.66	43.88
35000	2	1	56.66	46.3
35000	5	2	56.5	42.7
35000	6	3	43.09	49.79
35100	0	0	43.58	49.73
35100	1	-1	56.66	43.88
35100	2	1	56.66	46.3
35100	5	2	56.5	42.7
35100	6	3	43.09	49.79
35101	0	0	47.13	49.32
35101	1	-1	56.7	46.3
35101	2	1	56.7	46.3
35101	5	2	47	42.7
35101	6	3	46.2	49.4
35102	0	0	46.5	48.29
35102	1	-1	56.6	46.3
35102	2	1	56.6	46.3
35102	5	2	46.5	42.7
35102	6	3	46.5	48.3
35103	0	0	36.3	42.1
35103	1	-1	56.6	46.3
35103	2	1	56.6	46.3
35103	5	2	36.3	42.7
35103	6	3	36.3	42.1
35104	0	0	46.43	53.63
35104	1	-1	56.5	43.25
35104	2	1	56.5	46.3
35104	5	2	46.3	42.7
35104	6	3	46.3	53.8
35105	0	0	44.16	45.49
35105	1	-1	56.5	43.54
35105	2	1	56.5	46.3
35105	5	2	56.5	42.7
35105	6	3	44	45.5
36000	0	0	55.55	62.42
36000	1	-1	80.01	80.01
36000	2	1	80.04	80.29
36000	5	2	68.23	75.12
36000	6	3	48.24	57.67
36100	0	0	46.4	50.41
36100	1	-1	58.26	52.84
36100	2	1	58.31	53.87
36100	5	2	51.85	50.67
36100	6	3	45.74	50.37
36101	0	0	48.32	53.3
36101	1	-1	56.9	53.3
36101	2	1	56.9	53.3
36101	5	2	48.3	53.3
36101	6	3	48	53.3
36102	0	0	38.03	48.8
36102	1	-1	43.8	48.8
36102	2	1	43.8	48.8
36102	5	2	43.8	48.8
36102	6	3	37.9	48.8
36103	0	0	49.97	53.8
36103	1	-1	56.9	81
36103	2	1	56.9	81
36103	5	2	49.6	50.4
36103	6	3	49.6	53.8
36104	0	0	52.69	48.5
36104	1	-1	70.6	81
36104	2	1	70.6	81
36104	5	2	52.7	50.4
36104	6	3	49.2	46
36105	0	0	45.74	53.8
36105	1	-1	59.9	53.8
36105	2	1	59.9	53.8
36105	5	2	59.9	53.8
36105	6	3	44.1	53.8
36106	0	0	46.6	46
36106	1	-1	50.8	46
36106	2	1	50.8	46
36106	5	2	46.6	46
36106	6	3	46.3	46
36200	0	0	83.38	78.6
36200	1	-1	84.53	81.13
36200	2	1	84.53	81.06
36200	5	2	84.62	82.65
36200	6	3	79.54	76.27
36201	0	0	83.75	81.65
36201	1	-1	84.4	83.4
36201	2	1	84.4	83.4
36201	5	2	83.8	81.6
36201	6	3	81.1	78.9
36202	0	0	75.01	70.47
36202	1	-1	81.6	72.7
36202	2	1	81.6	72.7
36202	5	2	75.1	70.5
36202	6	3	72.3	70.1
36203	0	0	85.05	81.34
36203	1	-1	85.2	83
36203	2	1	85.2	83
36203	5	2	85.2	83
36203	6	3	84	77.1
36204	0	0	81.57	78.42
36204	1	-1	82.9	77.51
36204	2	1	82.9	77.5
36204	5	2	82.9	78.5
36204	6	3	79.4	78.9
37000	0	0	70.68	73.51
37000	1	-1	76.95	76.58
37000	2	1	76.97	77.24
37000	5	2	76	71.02
37000	6	3	67.16	72.45
37100	0	0	75.27	75.29
37100	1	-1	79.93	78.56
37100	2	1	79.98	78.76
37100	5	2	76	76.25
37100	6	3	72.9	73.32
37101	0	0	76.76	77.11
37101	1	-1	78.76	79.28
37101	2	1	78.8	79.6
37101	5	2	76	75.7
37101	6	3	75.8	75.9
37102	0	0	61.57	71.9
37102	1	-1	85.9	78.56
37102	2	1	85.9	79.8
37102	5	2	60.8	76.7
37102	6	3	60.8	71
37103	0	0	74.88	75.07
37103	1	-1	78.66	77.54
37103	2	1	78.7	77.6
37103	5	2	76	76.7
37103	6	3	71.6	72.8
37104	0	0	79.62	70.34
37104	1	-1	85.87	79.72
37104	2	1	86	79.8
37104	5	2	76	76.7
37104	6	3	69.5	63.8
37200	0	0	72.64	74.99
37200	1	-1	87.2	79.44
37200	2	1	87.2	79.7
37200	5	2	74.02	76.7
37200	6	3	69.05	74.8
37201	0	0	80.44	76.58
37201	1	-1	89.3	79.29
37201	2	1	89.3	79.7
37201	5	2	80.4	76.7
37201	6	3	78.2	76.5
37202	0	0	62.97	69.76
37202	1	-1	85.9	79.46
37202	2	1	85.9	79.7
37202	5	2	63.5	76.7
37202	6	3	59.9	69.4
37203	0	0	76.28	74.34
37203	1	-1	85.4	79.7
37203	2	1	85.4	79.7
37203	5	2	76.2	72.7
37203	6	3	70.9	72.7
37300	0	0	64.05	65
37300	1	-1	72.64	68.65
37300	2	1	72.56	70.15
37300	5	2	76	62.7
37300	6	3	57.51	63.28
37301	0	0	55.61	69.52
37301	1	-1	68.94	79.2
37301	2	1	68.3	79.2
37301	5	2	76	62.7
37301	6	3	53.8	65.9
37302	0	0	67.77	69.31
37302	1	-1	80.13	78.49
37302	2	1	80.2	79.2
37302	5	2	76	62.7
37302	6	3	58.8	66.3
37303	0	0	65.37	65.65
37303	1	-1	69.91	62.7
37303	2	1	69.7	70.1
37303	5	2	76	62.7
37303	6	3	64	65.9
37304	0	0	60.75	55.74
37304	1	-1	80.18	65.4
37304	2	1	80.3	66.3
37304	5	2	76	62.7
37304	6	3	57.5	54.9
37305	0	0	66.68	63.68
37305	1	-1	70.14	65.4
37305	2	1	70	66.3
37305	5	2	76	62.7
37305	6	3	59.3	61.6
37306	0	0	54.88	63.71
37306	1	-1	68.51	65.31
37306	2	1	68.3	66.3
37306	5	2	76	62.7
37306	6	3	53	63.5
38000	0	0	62.05	65.68
38000	1	-1	65.6	69.03
38000	2	1	65.75	71.09
38000	5	2	59.61	57.01
38000	6	3	57.28	62.74
38100	0	0	74.75	79.14
38100	1	-1	71.92	81.66
38100	2	1	71.9	82.48
38100	5	2	76	71.65
38100	6	3	77.09	77.97
38101	0	0	75.09	79.09
38101	1	-1	71.93	82.43
38101	2	1	71.9	83.6
38101	5	2	76	71.1
38101	6	3	77.8	77.8
38102	0	0	70.23	79.46
38102	1	-1	71.9	79.2
38102	2	1	71.9	79.2
38102	5	2	69.4	79.4
38102	6	3	69.4	79.8
38200	0	0	72.65	70.63
38200	1	-1	74.64	71.9
38200	2	1	74.65	71.95
38200	5	2	74.6	71.1
38200	6	3	69.63	69.09
38201	0	0	83.87	77.22
38201	1	-1	87.1	77.9
38201	2	1	87.1	78
38201	5	2	83.8	71.1
38201	6	3	80.3	76.4
38202	0	0	74.43	70.3
38202	1	-1	71.84	70.71
38202	2	1	71.7	70.7
38202	5	2	76	71.1
38202	6	3	80.3	69.8
38203	0	0	66.02	67.36
38203	1	-1	70.4	70.13
38203	2	1	70.4	70
38203	5	2	70.4	71.1
38203	6	3	49.4	61.4
38204	0	0	49.4	62.57
38204	1	-1	74.7	70.12
38204	2	1	74.7	70
38204	5	2	57.6	71.1
38204	6	3	49.4	58.7
38205	0	0	55.85	67.15
38205	1	-1	61.25	70.19
38205	2	1	60.9	70
38205	5	2	76	71.1
38205	6	3	49.4	61.4
38300	0	0	66.21	68.88
38300	1	-1	71.02	72.32
38300	2	1	71.1	73.03
38300	5	2	64.8	66.9
38300	6	3	56.8	63.61
38301	0	0	64.03	71.39
38301	1	-1	69.44	72.86
38301	2	1	69.6	73.4
38301	5	2	64.8	70
38301	6	3	42.5	62.1
38302	0	0	70.26	73.29
38302	1	-1	72.18	75.13
38302	2	1	72.2	75.3
38302	5	2	64.8	70
38302	6	3	56.2	62.1
38303	0	0	65.19	66.91
38303	1	-1	68.65	70
38303	2	1	68.7	70
38303	5	2	64.8	70
38303	6	3	60.3	64.3
38304	0	0	61.24	64.32
38304	1	-1	70.26	67.26
38304	2	1	70.4	68.6
38304	5	2	64.8	59
38304	6	3	53.5	61.3
38305	0	0	72.76	78.16
38305	1	-1	78.73	79.1
38305	2	1	78.8	79.7
38305	5	2	64.8	70
38305	6	3	52.9	73.9
38400	0	0	54.79	59.55
38400	1	-1	58.62	63.06
38400	2	1	58.7	66.52
38400	5	2	56.89	50.56
38400	6	3	50.27	57.18
38401	0	0	56.99	58.25
38401	1	-1	59.17	59.88
38401	2	1	59.3	67.3
38401	5	2	54.7	40.4
38401	6	3	53.4	56.4
38402	0	0	49.37	48.83
38402	1	-1	59.38	64.5
38402	2	1	59.5	64.5
38402	5	2	54.7	64.5
38402	6	3	42.6	43.4
38403	0	0	48.9	57.46
38403	1	-1	49.38	64.5
38403	2	1	49.2	66.6
38403	5	2	54.7	64.5
38403	6	3	47.7	43.4
38404	0	0	65.66	70.38
38404	1	-1	73.7	70.7
38404	2	1	73.7	70.7
38404	5	2	73.7	70.7
38404	6	3	45.1	69
38405	0	0	49.6	56.96
38405	1	-1	51.2	61.36
38405	2	1	51.2	65.5
38405	5	2	51.2	40.4
38405	6	3	47.7	52.5
38406	0	0	59.97	51.4
38406	1	-1	66	58.18
38406	2	1	66	64.6
38406	5	2	66	49.2
38406	6	3	52	48.5
38407	0	0	51.78	57.1
38407	1	-1	56.8	59.55
38407	2	1	56.8	63.3
38407	5	2	56.8	44.5
38407	6	3	48.7	56.3
38408	0	0	62.27	63.86
38408	1	-1	63.2	61.07
38408	2	1	63.2	69.2
38408	5	2	63.2	40.4
38408	6	3	60.1	67.9
38409	0	0	53.66	61.35
38409	1	-1	54.6	63.01
38409	2	1	54.6	65.7
38409	5	2	54.7	56.8
38409	6	3	52.4	60.4
38410	0	0	52.13	60.21
38410	1	-1	65.34	63.72
38410	2	1	65.5	64.6
38410	5	2	54.7	40.4
38410	6	3	36.1	52.8
39000	0	0	45.57	36.71
39000	1	-1	54.04	40.68
39000	2	1	54.39	46.44
39000	5	2	49.26	31.54
39000	6	3	38.38	35.38
39100	0	0	46.26	38.18
39100	1	-1	54.04	41.45
39100	2	1	54.39	46.35
39100	5	2	49.3	32.73
39100	6	3	39.29	36.88
39101	0	0	53.78	44.44
39101	1	-1	54.56	43.41
39101	2	1	54.7	46.3
39101	5	2	50.8	36.2
39101	6	3	46.7	50.3
39102	0	0	41.59	58.02
39102	1	-1	41.3	61.9
39102	2	1	47.75	54.1
39102	5	2	41.3	61.9
39102	6	3	41.6	57.9
39103	0	0	38.46	37.85
39103	1	-1	41.3	21.48
39103	2	1	41.3	47.1
39103	5	2	41.3	21.1
39103	6	3	38.4	38.7
39104	0	0	39.05	24.63
39104	1	-1	48.5	27.55
39104	2	1	54.2	47.1
39104	5	2	48.5	26.9
39104	6	3	38.4	24.6
39105	0	0	40.39	26.65
39105	1	-1	51.71	29.98
39105	2	1	52	48.8
39105	5	2	50.9	20.9
39105	6	3	38.4	26.5
39106	0	0	43.37	39.65
39106	1	-1	48.38	38.92
39106	2	1	50.1	47.1
39106	5	2	41.3	33.7
39106	6	3	41	39.8
39200	0	0	24.39	29.38
39200	1	-1	53.62	26.2
39200	2	1	54.7	57.03
39200	5	2	35.3	22.49
39200	6	3	22.8	29.63
39201	0	0	51.77	57.64
39201	1	-1	54.52	49.28
39201	2	1	54.7	58
39201	5	2	48.5	32.4
39201	6	3	46.7	59.7
39202	0	0	22.1	27.7
39202	1	-1	22.1	22.18
39202	2	1	22.1	47.1
39202	5	2	22.1	21.9
39202	6	3	22.1	28.1
41000	0	0	39.76	31.36
41000	1	-1	48.22	45.84
41000	2	1	48.33	48.07
41000	5	2	46.22	31.08
41000	6	3	37.72	28.14
41100	0	0	38.61	25.54
41100	1	-1	44.07	29.46
41100	2	1	44.08	29.48
41100	5	2	43.97	29.43
41100	6	3	38.18	25.41
41101	0	0	41.19	37.63
41101	1	-1	46.26	38.65
41101	2	1	46.4	40.4
41101	5	2	42.1	35.9
41101	6	3	22.7	37
41102	0	0	26.8	25.35
41102	1	-1	45.09	36.86
41102	2	1	45.5	37.4
41102	5	2	42.1	35.9
41102	6	3	22.7	24.6
41103	0	0	39.34	25.53
41103	1	-1	45.12	26.76
41103	2	1	45.5	26.4
41103	5	2	42.1	27.3
41103	6	3	39.1	25.5
41104	0	0	41.67	36.79
41104	1	-1	44.64	35.9
41104	2	1	44	29.3
41104	5	2	50.3	35.9
41104	6	3	39.5	37
41105	0	0	24.69	24.16
41105	1	-1	35.84	38.24
41105	2	1	34.9	40.4
41105	5	2	42.1	35.9
41105	6	3	21.5	23.3
41200	0	0	32.73	46.58
41200	1	-1	55.46	43.57
41200	2	1	56.21	46
41200	5	2	42.1	32.84
41200	6	3	30.12	48.12
41201	0	0	41.18	37.57
41201	1	-1	54.7	38.6
41201	2	1	55.9	40.4
41201	5	2	42.1	35.9
41201	6	3	33	37
41202	0	0	35.45	47.3
41202	1	-1	55.79	45.14
41202	2	1	56.4	46.7
41202	5	2	42.1	31.1
41202	6	3	32.8	50.4
41203	0	0	26.75	49.76
41203	1	-1	55.9	40.3
41203	2	1	55.9	50.4
41203	5	2	28.5	30.2
41203	6	3	26.1	50.4
41300	0	0	48.73	47.85
41300	1	-1	49.68	48.39
41300	2	1	49.66	49.98
41300	5	2	50.36	32.2
41300	6	3	42.2	47.02
41301	0	0	48.7	45.03
41301	1	-1	49.61	44.81
41301	2	1	49.6	46.7
41301	5	2	50.3	30.2
41301	6	3	42.2	45.3
41302	0	0	48.46	57.4
41302	1	-1	51.6	57.89
41302	2	1	51.6	58.3
41302	5	2	50.3	47.2
41302	6	3	42.2	56.2
41303	0	0	50.42	53.34
41303	1	-1	51.6	53.11
41303	2	1	51.6	53.3
41303	5	2	51.6	47.2
41303	6	3	42.2	54.9
41304	0	0	47.26	50.54
41304	1	-1	51.6	41.98
41304	2	1	51.6	46.7
41304	5	2	50.3	30.2
41304	6	3	42.2	53.1
42000	0	0	74.34	58.33
42000	1	-1	83.55	68.14
42000	2	1	83.58	76.89
42000	5	2	80.17	53.61
42000	6	3	63.72	57.24
42100	0	0	88.65	64.53
42100	1	-1	90.45	68.58
42100	2	1	90.49	81.72
42100	5	2	81.06	54.02
42100	6	3	84.43	63.3
42101	0	0	90.74	79.88
42101	1	-1	92.4	81.6
42101	2	1	92.4	81.6
42101	5	2	92.4	81.6
42101	6	3	86.8	78.3
42102	0	0	76.4	57.51
42102	1	-1	76.4	49
42102	2	1	76.4	49
42102	5	2	76.4	49
42102	6	3	76.4	59.3
42103	0	0	70.11	80.83
42103	1	-1	69.42	80.43
42103	2	1	69.2	82.3
42103	5	2	77.1	73.9
42103	6	3	72.4	81.1
42104	0	0	44.41	57.15
42104	1	-1	82.2	48.1
42104	2	1	90.3	48.1
42104	5	2	82.2	48.1
42104	6	3	43.3	57.5
42200	0	0	66.69	70.61
42200	1	-1	70.33	72.39
42200	2	1	70.11	73.49
42200	5	2	80.08	64.96
42200	6	3	62.85	69.84
42201	0	0	69.67	75.42
42201	1	-1	69.35	76.69
42201	2	1	69.3	76.3
42201	5	2	77.1	80.8
42201	6	3	70	74.8
42202	0	0	97.15	92.78
42202	1	-1	96.67	93.2
42202	2	1	97.1	93.2
42202	5	2	77.1	93.2
42202	6	3	99	91.6
42203	0	0	73.95	62.01
42203	1	-1	74.15	61.63
42203	2	1	74.1	62.1
42203	5	2	77.1	52.5
42203	6	3	70	64.6
42204	0	0	56.57	59.18
42204	1	-1	59.66	56.06
42204	2	1	58.7	61.6
42204	5	2	82.2	52.5
42204	6	3	52.7	60.1
42205	0	0	58.77	54.52
42205	1	-1	61.36	54.61
42205	2	1	60.7	54.7
42205	5	2	82.2	52.5
42205	6	3	54.1	54.2
42206	0	0	59.1	64.44
42206	1	-1	70	60.3
42206	2	1	73.55	66.75
42206	5	2	77.1	60.3
42206	6	3	59.1	64.6
42207	0	0	64.98	70.81
42207	1	-1	68.7	70.18
42207	2	1	68.5	71.3
42207	5	2	77.1	60.3
42207	6	3	61.3	71.1
42208	0	0	54.35	66.03
42208	1	-1	73.7	53.55
42208	2	1	73.7	61.6
42208	5	2	77.1	52.5
42208	6	3	52.9	66.6
42300	0	0	72.7	58.88
42300	1	-1	75.91	65.3
42300	2	1	75.87	81.93
42300	5	2	80.01	48.35
42300	6	3	62.7	57.57
42301	0	0	80.9	83.24
42301	1	-1	81.17	84.2
42301	2	1	81.2	84.2
42301	5	2	77.1	84.2
42301	6	3	78.8	81.6
42302	0	0	58.55	56.44
42302	1	-1	61.49	58.04
42302	2	1	61.1	70.5
42302	5	2	82.2	40.4
42302	6	3	54.9	55.7
42303	0	0	78.8	52.78
42303	1	-1	72.4	40.4
42303	2	1	76.2	60.95
42303	5	2	80	40.4
42303	6	3	78.8	53.7
42304	0	0	54.9	67.3
42304	1	-1	72.4	40.4
42304	2	1	76.2	60.95
42304	5	2	80	40.4
42304	6	3	54.9	70.5
42400	0	0	71.65	64.84
42400	1	-1	70.85	67.47
42400	2	1	70.8	75.3
42400	5	2	77.1	60.15
42400	6	3	75.65	61.5
42401	0	0	71.75	74.92
42401	1	-1	70.85	75.3
42401	2	1	70.8	75.3
42401	5	2	77.1	75.3
42401	6	3	76.4	74.1
42402	0	0	48.6	54.5
42402	1	-1	70.8	54.5
42402	2	1	75.4	64.9
42402	5	2	80	54.5
42402	6	3	48.6	54.5
42500	0	0	50.49	54.02
42500	1	-1	74.3	49.91
42500	2	1	73.7	61.95
42500	5	2	79.36	46
42500	6	3	50.28	54.07
42501	0	0	73.7	64.9
42501	1	-1	73.7	69.1
42501	2	1	73.7	69.1
42501	5	2	82.2	69.1
42501	6	3	49.7	64.7
42502	0	0	60.8	58.25
42502	1	-1	73.7	44.72
42502	2	1	73.7	67.3
42502	5	2	82.2	38.7
42502	6	3	60.8	58.4
42503	0	0	60.8	58.8
42503	1	-1	73.7	38.7
42503	2	1	77.95	50.5
42503	5	2	82.2	38.7
42503	6	3	60.8	58.9
42504	0	0	52.59	58.03
42504	1	-1	74.76	46.76
42504	2	1	73.7	67.3
42504	5	2	82.2	45.4
42504	6	3	52.5	58.2
42505	0	0	38.06	43.35
42505	1	-1	73.7	65.18
42505	2	1	73.7	67.3
42505	5	2	73.7	65.1
42505	6	3	37.9	43.3
42506	0	0	67.9	54.97
42506	1	-1	73.7	42.93
42506	2	1	73.7	45.8
42506	5	2	82.2	38.7
42506	6	3	67.9	55.2
42507	0	0	49.92	58.7
42507	1	-1	74.23	58.72
42507	2	1	73.7	67.3
42507	5	2	82.2	38.7
42507	6	3	48.6	58.7
43000	0	0	72.52	63.14
43000	1	-1	81.07	65.49
43000	2	1	81.08	68.06
43000	5	2	74.6	39.13
43000	6	3	69.99	62.95
43100	0	0	71.37	62.02
43100	1	-1	76.58	63.33
43100	2	1	76.58	66.04
43100	5	2	74.6	38.6
43100	6	3	70.14	61.91
43101	0	0	73.54	75.51
43101	1	-1	76.4	82.3
43101	2	1	76.4	82.3
43101	5	2	73.5	38.6
43101	6	3	73.3	75.2
43102	0	0	75.78	63.56
43102	1	-1	93.2	67.17
43102	2	1	93.2	71.3
43102	5	2	75.8	38.6
43102	6	3	75	63.4
43103	0	0	71.02	62.9
43103	1	-1	74.6	60.8
43103	2	1	74.6	62
43103	5	2	74.6	38.6
43103	6	3	66.2	63.9
43104	0	0	60.66	53.74
43104	1	-1	80.9	56.79
43104	2	1	80.9	62.7
43104	5	2	60.4	38.6
43104	6	3	58.9	53.6
43200	0	0	75.8	69.48
43200	1	-1	88.51	82.7
43200	2	1	88.51	82.8
43200	5	2	73.78	74.9
43200	6	3	69.49	68.69
43201	0	0	88.65	83.79
43201	1	-1	89	82.8
43201	2	1	89	82.8
43201	5	2	88.6	83.8
43201	6	3	88.3	84.6
43202	0	0	79.03	75.2
43202	1	-1	83.6	81.22
43202	2	1	83.6	82.8
43202	5	2	79.4	74.9
43202	6	3	78.3	74.9
43203	0	0	86.41	75.25
43203	1	-1	83.6	82.8
43203	2	1	83.6	82.8
43203	5	2	87.3	38.6
43203	6	3	87.3	74.9
43204	0	0	36.1	66.8
43204	1	-1	88.4	82.8
43204	2	1	62.25	74.8
43204	5	2	36.1	66.8
43204	6	3	36.1	66.8
44000	0	0	78.57	74.34
44000	1	-1	82.89	74.34
44000	2	1	83.03	75.14
44000	5	2	61.1	63.81
44000	6	3	77.73	74.34
44100	0	0	90.74	81.37
44100	1	-1	93.72	82.86
44100	2	1	93.72	82.86
44100	5	2	79.86	75.56
44100	6	3	87.69	81
44101	0	0	92.91	82.11
44101	1	-1	93.9	82.7
44101	2	1	93.9	82.7
44101	5	2	92.9	82.1
44101	6	3	90.9	81.8
44102	0	0	85.55	80.69
44102	1	-1	91.1	83.7
44102	2	1	91.1	83.7
44102	5	2	85.6	80.7
44102	6	3	84.9	80.5
44200	0	0	90.9	82.63
44200	1	-1	90.93	81.48
44200	2	1	91	81.6
44200	5	2	61.1	76.8
44200	6	3	90.9	82.9
44201	0	0	90.9	82.63
44201	1	-1	90.93	81.48
44201	2	1	91	81.6
44201	5	2	61.1	76.8
44201	6	3	90.9	82.9
44300	0	0	83.82	79.29
44300	1	-1	85.3	78.18
44300	2	1	85.3	78.2
44300	5	2	72.5	76.8
44300	6	3	83.7	79.4
44301	0	0	83.82	79.29
44301	1	-1	85.3	78.18
44301	2	1	85.3	78.2
44301	5	2	83.9	76.8
44301	6	3	83.7	79.4
44400	0	0	73.9	74.09
44400	1	-1	74.01	73.91
44400	2	1	74.4	72.5
44400	5	2	61.1	76.8
44400	6	3	73.9	74.1
44401	0	0	73.9	74.09
44401	1	-1	74.01	73.91
44401	2	1	74.4	72.5
44401	5	2	61.1	76.8
44401	6	3	73.9	74.1
44500	0	0	73.9	68.73
44500	1	-1	83.3	65.29
44500	2	1	72.2	64.6
44500	5	2	61.1	76.8
44500	6	3	73.9	68.9
44501	0	0	73.9	68.73
44501	1	-1	83.3	65.29
44501	2	1	83.3	64.6
44501	5	2	61.1	76.8
44501	6	3	73.9	68.9
44600	0	0	77.99	74.45
44600	1	-1	71.61	73.12
44600	2	1	71.81	74.77
44600	5	2	61.1	50.84
44600	6	3	79.39	74.61
44601	0	0	77.63	76.49
44601	1	-1	81.73	73.19
44601	2	1	82.1	73.1
44601	5	2	61.1	76.8
44601	6	3	76.9	76.8
44602	0	0	81.36	81.32
44602	1	-1	79.4	79.7
44602	2	1	79.4	79.8
44602	5	2	81.4	76.8
44602	6	3	81.5	81.5
44603	0	0	78.04	78.61
44603	1	-1	72.88	74.75
44603	2	1	73	76.4
44603	5	2	61.1	46.7
44603	6	3	79.4	79.4
44604	0	0	86.56	67.84
44604	1	-1	73	64.7
44604	2	1	73	74.4
44604	5	2	87.4	46.7
44604	6	3	87.4	67.9
44605	0	0	73.14	71.4
44605	1	-1	62.55	68.62
44605	2	1	62.6	70
44605	5	2	61.1	49.7
44605	6	3	77.6	72.4
44700	0	0	71.49	74.61
44700	1	-1	77.85	74.09
44700	2	1	77.95	74.81
44700	5	2	61.1	61.44
44700	6	3	69.45	74.69
44701	0	0	77.36	80.44
44701	1	-1	79.2	79.82
44701	2	1	79.2	80.6
44701	5	2	77.3	69.6
44701	6	3	75.4	80.8
44702	0	0	78.64	75.14
44702	1	-1	81.38	74.01
44702	2	1	81.5	74.2
44702	5	2	61.1	69.6
44702	6	3	77.7	75.3
44703	0	0	59.67	70.19
44703	1	-1	70.12	69.6
44703	2	1	70.2	72.3
44703	5	2	61.1	49.7
44703	6	3	57.1	70.3
44704	0	0	92.06	82.11
44704	1	-1	86.4	83.2
44704	2	1	86.4	83.2
44704	5	2	92.1	59.2
44704	6	3	95.5	81.5
45000	0	0	82.54	82.49
45000	1	-1	84.31	85.98
45000	2	1	84.39	85.23
45000	5	2	64.24	94.7
45000	6	3	81.54	81.25
45100	0	0	83.47	84.69
45100	1	-1	84.24	86.53
45100	2	1	84.44	85.82
45100	5	2	61.1	94.7
45100	6	3	82.74	83.61
45101	0	0	76.91	78.1
45101	1	-1	79.93	82.46
45101	2	1	80.2	78.8
45101	5	2	61.1	94.7
45101	6	3	73.1	76.4
45102	0	0	99	77.65
45102	1	-1	99	80.56
45102	2	1	99	78.8
45102	5	2	82.8	94.7
45102	6	3	99	76.4
45103	0	0	90.04	85.87
45103	1	-1	90.4	87.1
45103	2	1	90.4	86.6
45103	5	2	90.1	94.7
45103	6	3	89.8	85.1
45200	0	0	83.39	84.32
45200	1	-1	89.94	85.56
45200	2	1	89.94	84.8
45200	5	2	89.12	94.7
45200	6	3	80.23	83.7
45201	0	0	99	83.97
45201	1	-1	99	84.8
45201	2	1	99	84.8
45201	5	2	87.9	94.7
45201	6	3	99	83.7
45202	0	0	81.55	84.36
45202	1	-1	88.8	85.62
45202	2	1	88.8	84.8
45202	5	2	81.7	94.7
45202	6	3	78.1	83.7
45203	0	0	99	84.25
45203	1	-1	99	84.8
45203	2	1	99	84.8
45203	5	2	99	84
45203	6	3	99	83.7
45300	0	0	82.07	79.53
45300	1	-1	83.98	84.13
45300	2	1	83.98	83.2
45300	5	2	83.1	94.7
45300	6	3	81.23	78.9
45301	0	0	88.01	83.07
45301	1	-1	87.6	83.61
45301	2	1	87.6	83.2
45301	5	2	88	94.7
45301	6	3	88.2	83
45302	0	0	79.94	77.55
45302	1	-1	78.5	83.2
45302	2	1	78.5	83.2
45302	5	2	79.9	76.2
45302	6	3	80.8	76.2
45303	0	0	79.26	73.94
45303	1	-1	83.1	85.32
45303	2	1	83.1	83.2
45303	5	2	83.1	94.7
45303	6	3	77.5	72.5
45304	0	0	82.1	73.14
45304	1	-1	85.3	83.2
45304	2	1	85.3	83.2
45304	5	2	82.1	71.8
45304	6	3	80.6	71.8
45305	0	0	84.94	83.02
45305	1	-1	85.4	85.75
45305	2	1	85.4	83.2
45305	5	2	84.9	94.7
45305	6	3	84.7	82.3
45306	0	0	80.84	84.25
45306	1	-1	88.4	84.35
45306	2	1	88.4	83.2
45306	5	2	80.8	94.7
45306	6	3	76.3	84.2
45307	0	0	84.61	84.14
45307	1	-1	82.7	83.2
45307	2	1	82.7	83.2
45307	5	2	84.6	83.9
45307	6	3	84.9	84.2
46000	0	0	37.96	37.78
46000	1	-1	66.05	61.66
46000	2	1	67.02	66.91
46000	5	2	50.49	43.55
46000	6	3	35.95	36.7
46100	0	0	37.96	37.78
46100	1	-1	66.05	61.66
46100	2	1	67.02	66.91
46100	5	2	50.49	43.55
46100	6	3	35.95	36.7
46101	0	0	41.19	34.82
46101	1	-1	60.2	38.9
46101	2	1	60.2	67
46101	5	2	60.2	38.9
46101	6	3	41.1	34.8
46102	0	0	22.35	25.64
46102	1	-1	55.4	44.16
46102	2	1	55.4	63.9
46102	5	2	55.4	38.9
46102	6	3	22	25.5
46103	0	0	32.48	36.86
46103	1	-1	43.38	45.15
46103	2	1	48.1	63.9
46103	5	2	37.5	38.9
46103	6	3	32.4	36.8
46104	0	0	58.68	61.68
46104	1	-1	65.2	62.1
46104	2	1	65.2	62.1
46104	5	2	65.2	62.1
46104	6	3	57	61.5
46105	0	0	35.49	39.85
46105	1	-1	55.4	59.32
46105	2	1	55.4	63.9
46105	5	2	55.4	38.9
46105	6	3	32.1	36.6
46106	0	0	57.13	61.47
46106	1	-1	70.9	65.98
46106	2	1	70.9	68.2
46106	5	2	70.9	50
46106	6	3	51.7	60.5
46107	0	0	40.38	61.04
46107	1	-1	60.2	63.65
46107	2	1	60.2	68.2
46107	5	2	37.5	50
46107	6	3	38	60.5
46108	0	0	46.83	48.93
46108	1	-1	67	67
46108	2	1	52.25	55.05
46108	5	2	37.5	43.1
46108	6	3	36	36.7
47000	0	0	56.7	53.43
47000	1	-1	66.1	61.6
47000	2	1	59.95	54.1
47000	5	2	53.8	46.6
47000	6	3	50.2	52.1
47100	0	0	56.7	53.43
47100	1	-1	66.1	61.6
47100	2	1	59.95	54.1
47100	5	2	53.8	46.6
47100	6	3	50.2	52.1
47101	0	0	56.7	53.43
47101	1	-1	66.1	61.6
47101	2	1	59.95	54.1
47101	5	2	53.8	46.6
47101	6	3	50.2	52.1
