 1000    7 61.7 53.5 55.2 58.2 58.2
 1100    1 60.4 64.2 73.4 59.3 59.3
 1110    1 70.4 64.2 73.4 76.5 59.3
 1111    1 70.4 64.2 73.4 95.8 59.3
 1112    1 70.4 64.2 73.4 75.5 59.3
 1190    2 53.7 41.5 49.9 43.6 59.3
 1191    2 53.7 41.5 49.9 44.5 59.3
 1192    2 53.7 41.5 49.9 41.9 59.3
 1193    2 53.7 41.5 49.9 42.2 59.3
 1200    7 69.3 71.9 80.0 65.7 65.7
 1210    3 68.4 61.4 73.1 66.2 65.7
 1211    3 68.4 61.4 73.1 64.4 65.7
 1212    3 68.4 61.4 73.1 65.0 65.7
 1213    3 68.4 61.4 73.1 69.9 65.7
 1220    4 59.3 49.1 63.2 62.9 65.7
 1221    4 59.3 49.1 63.2 69.1 65.7
 1222    4 59.3 49.1 63.2 59.1 65.7
 1223    4 59.3 49.1 63.2 57.9 65.7
 1224    4 59.3 49.1 63.2 74.6 65.7
 1230    5 64.7 56.4 63.0 66.2 65.7
 1231    5 64.7 56.4 63.0 66.2 65.7
 1290    7 76.1 71.9 80.0 67.7 65.7
 1291    7 76.1 71.9 80.0 81.5 65.7
 1292    6 76.1 71.9 80.0 66.4 65.7
 1293    6 76.1 71.9 80.0 81.0 65.7
 1294    6 76.1 71.9 80.0 64.8 65.7
 1295    6 76.1 71.9 80.0 37.4 65.7
 1296    6 76.1 71.9 80.0 60.0 65.7
 1299    6 76.1 71.9 80.0 63.0 65.7
 1310    8 53.0 40.6 46.3 48.5 48.5
 1311    8 53.0 40.6 46.3 48.5 48.5
 1312    8 53.0 40.6 46.3 48.5 48.5
 1313    8 53.0 40.6 46.3 48.5 48.5
 1314    8 53.0 40.6 46.3 48.5 48.5
 2000   31 73.6 71.1 74.8 61.4 61.4
 2100   12 75.9 66.9 83.4 68.1 68.1
 2110   10 79.7 76.7 86.2 69.0 68.1
 2111    9 79.7 76.7 86.2 67.0 68.1
 2112    9 79.7 76.7 86.2 79.2 68.1
 2113    9 79.7 76.7 86.2 69.7 68.1
 2114    9 79.7 76.7 86.2 63.3 68.1
 2115    9 79.7 76.7 86.2 70.1 68.1
 2119    9 79.7 76.7 86.2 71.4 68.1
 2120   12 74.5 66.9 83.4 67.7 68.1
 2121   10 77.3 73.5 83.6 67.5 68.1
 2122   10 77.3 73.5 83.6 67.4 68.1
 2123   10 77.3 73.5 83.6 56.3 68.1
 2124   11 73.3 68.1 83.8 73.6 68.1
 2125   11 73.3 68.1 83.8 67.7 68.1
 2126   11 73.3 68.1 83.8 67.6 68.1
 2127   11 73.3 68.1 83.8 73.6 68.1
 2128   11 73.3 68.1 83.8 45.7 68.1
 2129   12 72.4 66.9 83.4 68.5 68.1
 2200   19 70.0 72.8 79.4 57.5 57.5
 2210   13 65.6 57.6 81.4 57.9 57.5
 2211   13 65.6 57.6 81.4 57.9 57.5
 2212   13 65.6 57.6 81.4 57.2 57.5
 2213   13 65.6 57.6 81.4 61.9 57.5
 2220   14 65.2 57.1 62.0 49.7 57.5
 2221   14 65.2 57.1 62.0 59.2 57.5
 2222   14 65.2 57.1 62.0 39.3 57.5
 2231   15 72.5 67.0 78.5 61.9 57.5
 2290   18 73.7 72.8 79.4 57.9 57.5
 2291   16 64.4 56.0 62.4 57.8 57.5
 2292   18 76.8 72.8 79.4 53.0 57.5
 2293   18 76.8 72.8 79.4 69.8 57.5
 2294   17 70.7 64.5 76.4 59.0 57.5
 2295   18 76.8 72.8 79.4 39.3 57.5
 2299   18 76.8 72.8 79.4 63.3 57.5
 2300   22 71.9 76.3 94.5 62.2 62.2
 2310   19 88.1 88.2100.0 94.4 62.2
 2311   19 88.1 88.2100.0 91.9 62.2
 2312   19 88.1 88.2100.0 99.2 62.2
 2320   21 61.0 51.4 75.3 50.5 62.2
 2321   21 61.0 51.4 75.3 55.0 62.2
 2322   20 61.0 51.4 75.3 42.1 62.2
 2323   20 61.0 51.4 75.3 50.4 62.2
 2324   20 61.0 51.4 75.3 50.4 62.2
 2325   20 61.0 51.4 75.3 50.4 62.2
 2326   20 61.0 51.4 75.3 50.4 62.2
 2380   22 78.3 76.3 94.5 70.2 62.2
 2381   22 79.4 76.3 94.5 88.7 62.2
 2382   22 79.4 76.3 94.5 79.3 62.2
 2383   23 76.9 72.9 80.1 63.1 62.2
 2384   21 79.4 76.3 94.5 71.4 62.2
 2385   21 79.4 76.3 94.5 67.9 62.2
 2386   23 76.9 72.9 80.1 60.8 62.2
 2387   21 79.4 76.3 94.5 67.8 62.2
 2388   23 76.9 72.9 80.1 43.5 62.2
 2390   22 77.3 72.9 80.1 52.2 62.2
 2391   22 76.9 72.9 80.1 52.2 62.2
 2392   21 79.4 76.3 94.5 85.1 62.2
 2393   22 76.9 72.9 80.1 60.2 62.2
 2394   22 76.9 72.9 80.1 60.2 62.2
 2399   22 76.9 72.9 80.1 59.7 62.2
 2400   27 76.1 71.2 84.3 65.5 65.5
 2410   26 75.3 71.2 84.3 65.3 65.5
 2411   27 71.5 65.6 74.5 56.5 65.5
 2412   23 72.1 66.4 84.5 62.6 65.5
 2413   24 78.6 75.3 89.7 69.1 65.5
 2414   26 75.6 71.2 84.3 67.7 65.5
 2420   27 86.2 65.6 74.5 72.8 65.5
 2421   25 96.8100.0 95.7 82.1 65.5
 2422   26 75.6 71.2 84.3 63.4 65.5
 2490   27 74.8 65.6 74.5 54.6 65.5
 2491   27 71.5 65.6 74.5 40.5 65.5
 2492   26 75.6 71.2 84.3 67.7 65.5
 2493   26 75.6 71.2 84.3 77.6 65.5
 2500   31 73.6 71.1 74.8 56.1 56.1
 2510   28 73.9 68.2 73.2 55.0 56.1
 2511   28 73.4 68.2 73.2 59.8 56.1
 2512   28 73.4 68.2 73.2 40.2 56.1
 2513   28 73.4 68.2 73.2 56.5 56.1
 2514   21 79.4 76.3 94.5 80.8 56.1
 2515   28 73.4 68.2 73.2 61.7 56.1
 2520   31 78.6 71.1 74.8 74.8 56.1
 2521   29 84.8 83.7 96.0 77.7 56.1
 2522   31 75.5 71.1 74.8 79.3 56.1
 2523   31 75.5 71.1 74.8 66.0 56.1
 2529   31 75.5 71.1 74.8 57.3 56.1
 2530   32 70.4 60.7 63.0 47.5 56.1
 2531   32 67.9 60.7 63.0 36.4 56.1
 2532   32 67.9 60.7 63.0 45.1 56.1
 2533   31 67.9 60.7 63.0 46.7 56.1
 2534   31 75.5 71.1 74.8 57.0 56.1
 2535   31 75.5 71.1 74.8 56.6 56.1
 2536   30 75.5 71.1 74.8 57.9 56.1
 2537   31 67.9 60.7 63.0 41.1 56.1
 2538   31 67.9 60.7 63.0 41.2 56.1
 2539   31 67.9 60.7 63.0 44.8 56.1
 2540   30 73.6 71.1 74.8 53.1 56.1
 2541   30 75.5 71.1 74.8 62.7 56.1
 2542   30 75.5 71.1 74.8 54.7 56.1
 2543   31 67.9 60.7 63.0 40.0 56.1
 2549   30 75.5 71.1 74.8 52.7 56.1
 3000   47 54.9 42.7 49.5 38.7 38.7
 3100   34 54.8 42.5 56.2 41.6 41.6
 3110   32 58.3 47.7 56.1 41.8 41.6
 3111   32 58.3 47.7 56.1 41.7 41.6
 3112   32 58.3 47.7 56.1 41.8 41.6
 3120   34 54.4 42.5 56.2 41.3 41.6
 3121   34 54.4 42.5 56.2 41.9 41.6
 3122   33 54.4 42.5 56.2 38.8 41.6
 3123   33 54.4 42.5 56.2 39.0 41.6
 3124   33 54.4 42.5 56.2 39.0 41.6
 3125   33 54.4 42.5 56.2 45.5 41.6
 3129   33 54.4 42.5 56.2 48.0 41.6
 3200   36 63.0 53.5 58.9 39.7 39.7
 3210   34 60.1 50.2 63.2 50.0 39.7
 3211   34 60.1 50.2 63.2 52.0 39.7
 3212   34 60.1 50.2 63.2 47.7 39.7
 3213   34 60.1 50.2 63.2 51.5 39.7
 3290   36 63.6 53.5 58.9 36.9 39.7
 3291   35 64.8 56.5 46.5 29.2 39.7
 3292   36 62.5 53.5 58.9 41.0 39.7
 3293   37 60.9 51.2 49.2 43.1 39.7
 3294   38 58.0 47.4 54.6 36.4 39.7
 3300   44 49.7 41.5 48.4 36.6 36.6
 3310      49.3 35.5 41.0 34.8 36.6
 3311   39 49.3 35.5 41.0 34.8 36.6
 3320   42 47.0 34.5 40.5 33.6 36.6
 3321   40 48.4 34.3 39.6 33.7 36.6
 3322   41 39.8 22.6 32.1 26.8 36.6
 3323   42 48.5 34.5 40.5 38.1 36.6
 3324   42 48.5 34.5 40.5 42.8 36.6
 3325   42 48.5 34.5 40.5 40.7 36.6
 3329   42 48.5 34.5 40.5 39.0 36.6
 3390   43 53.7 41.5 48.4 44.1 36.6
 3391   43 53.7 41.5 48.4 43.7 36.6
 3392   43 53.7 41.5 48.4 55.2 36.6
 3393   43 53.7 41.5 48.4 27.9 36.6
 3399   43 53.7 41.5 48.4 43.4 36.6
 3400   45 50.1 36.6 51.2 33.9 33.9
 3411   45 50.1 36.6 51.2 30.7 33.9
 3420   45 50.1 36.6 51.2 36.6 33.9
 3421   45 50.1 36.6 51.2 36.6 33.9
 3490   44 50.1 36.6 51.2 41.4 33.9
 3491   44 50.1 36.6 51.2 41.4 33.9
 3492   44 50.1 36.6 51.2 33.9 33.9
 3493   44 50.1 36.6 51.2 30.7 33.9
 3494   44 50.1 36.6 51.2 33.1 33.9
 3900   47 53.4 42.7 49.5 42.2 42.2
 3910   45 51.9 39.1 48.5 53.6 42.2
 3911   45 51.9 39.1 48.5 53.6 42.2
 3990   47 54.6 42.7 49.5 31.7 42.2
 3991   47 54.6 42.7 49.5 33.5 42.2
 3992   47 54.6 42.7 49.5 33.5 42.2
 3993   47 54.6 42.7 49.5 26.0 42.2
 3994   46 54.6 42.7 49.5 36.1 42.2
 3995   46 54.6 42.7 49.5 29.2 42.2
 3996   46 54.6 42.7 49.5 32.6 42.2
 3997   46 54.6 42.7 49.5 36.3 42.2
 3999   46 54.6 42.7 49.5 36.4 42.2
 4000   66 39.9 34.3 41.2 25.5 25.5
 4100   49 38.5 32.5 43.1 25.2 25.2
 4110   48 39.8 32.5 43.1 27.6 25.2
 4111   48 47.1 32.5 43.1 25.8 25.2
 4112   47 37.8 20.0 39.9 27.5 25.2
 4113   48 47.1 32.5 43.1 24.7 25.2
 4114   48 47.1 32.5 43.1 37.9 25.2
 4115   48 47.1 32.5 43.1 18.8 25.2
 4120   50 34.2 15.1 31.3 21.2 25.2
 4121   50 34.2 15.1 31.3 22.2 25.2
 4122   49 34.2 15.1 31.3 22.3 25.2
 4123   49 34.2 15.1 31.3 19.2 25.2
 4124   49 34.2 15.1 31.3 19.3 25.2
 4125   49 34.2 15.1 31.3  3.4 25.2
 4126   49 34.2 15.1 31.3 13.4 25.2
 4200   52 38.1 20.0 31.7 30.7 30.7
 4210   52 38.1 20.0 31.7 30.7 30.7
 4211   50 39.5 22.3 33.0 29.9 30.7
 4212   51 37.8 20.0 31.7 39.5 30.7
 4213   51 37.8 20.0 31.7 36.0 30.7
 4214   51 37.8 20.0 31.7 29.2 30.7
 4215   51 37.8 20.0 31.7 19.6 30.7
 4216   51 37.8 20.0 31.7 20.5 30.7
 4300   54 46.1 30.9 40.6 34.0 34.0
 4310   54 46.1 30.9 40.6 34.0 34.0
 4311   52 47.0 32.4 42.8 37.0 34.0
 4312   53 45.9 30.9 40.6 36.4 34.0
 4313   53 45.9 30.9 40.6 28.3 34.0
 4314   53 45.9 30.9 40.6 33.9 34.0
 4315   53 45.9 30.9 40.6 31.3 34.0
 4316   53 45.9 30.9 40.6 27.3 34.0
 4400   58 40.8 22.9 35.9 21.9 21.9
 4410   58 40.6 22.9 35.9 21.9 21.9
 4411   54 43.4 27.6 39.5 19.6 21.9
 4412   58 40.0 22.9 35.9 23.4 21.9
 4413   58 40.0 22.9 35.9 26.2 21.9
 4414   58 40.0 22.9 35.9 26.1 21.9
 4415   57 40.0 22.9 35.9 23.4 21.9
 4416   57 40.0 22.9 35.9 25.2 21.9
 4420   57 39.7 22.9 35.9 20.1 21.9
 4421   55 39.2 21.9 37.3 18.6 21.9
 4422   57 40.0 22.9 35.9 18.6 21.9
 4423   57 40.0 22.9 35.9 28.9 21.9
 4430      45.5 30.4 40.4 23.5 21.9
 4431   56 45.5 30.4 40.4 23.5 21.9
 4500   59 29.2  6.6 24.1 24.9 24.9
 4510   59 29.2  6.6 24.1 24.9 24.9
 4511   59 28.0  6.6 24.1 23.3 24.9
 4512   59 28.0  6.6 24.1 24.3 24.9
 4513   58 33.0 13.4 17.7 26.8 24.9
 4519   59 28.0  6.6 24.1 14.1 24.9
 4600   61 39.7 20.0 28.5 29.5 14.6
 4610   61 37.8 20.0 28.5 29.5 14.6
 4611   60 37.8 20.0 28.5 19.6 14.6
 4612   60 37.8 20.0 28.5 25.5 14.6
 4613   60 37.8 20.0 28.5 36.3 14.6
 4614   60 37.8 20.0 28.5 38.7 14.6
 4620   61 42.2 28.9 28.3 11.4 14.6
 4621   60 37.8 20.0 28.5 28.0 14.6
 4622   61 44.4 28.9 28.3 10.0 14.6
 4623   61 44.4 28.9 28.3  8.9 14.6
 4900   66 43.4 34.3 41.2 24.4 24.4
 4910   62 41.2 24.5 35.0 26.3 24.4
 4911   62 41.2 24.5 35.0 30.1 24.4
 4912   62 41.2 24.5 35.0 26.2 24.4
 4913   62 41.2 24.5 35.0 15.5 24.4
 4914   62 41.2 24.5 35.0 29.0 24.4
 4920   63 42.2 25.9 31.5 17.4 24.4
 4921   63 42.2 25.9 31.5  7.9 24.4
 4922   63 42.2 25.9 31.5 19.3 24.4
 4929   63 42.2 25.9 31.5 18.1 24.4
 4930   64 42.0 25.6 32.8 31.0 24.4
 4931   64 42.0 25.6 32.8 31.0 24.4
 4940   66 41.0 34.3 41.2 15.3 24.4
 4941   67 41.0 24.3 30.0 17.1 24.4
 4942   67 41.0 24.3 30.0 16.8 24.4
 4943   66 41.0 24.3 30.0  6.5 24.4
 4944   66 41.0 24.3 30.0 12.6 24.4
 4980   66 45.6 34.3 41.2 25.7 24.4
 4981   66 48.4 34.3 41.2 27.6 24.4
 4982   66 41.0 24.3 30.0 21.2 24.4
 4983   66 41.0 24.3 30.0 14.9 24.4
 4984   65 48.4 34.3 41.2 29.8 24.4
 4985   65 48.4 34.3 41.2 29.2 24.4
 4986   66 41.0 24.3 30.0 21.5 24.4
 4987   65 48.4 34.3 41.2 26.0 24.4
 4988   65 48.4 34.3 41.2 30.7 24.4
 4991   66 41.0 24.3 30.0 11.2 24.4
 4992   65 48.4 34.3 41.2 34.0 24.4
 4999   65 48.4 34.3 41.2 29.2 24.4
 5000   70 56.1 44.1 47.8 32.1 32.1
 5100   67 57.5 46.6 34.9 31.9 31.9
 5110   67 57.5 46.6 34.9 31.9 31.9
 5111   67 57.5 46.6 34.9 31.9 31.9
 5900   70 51.5 44.1 47.8 32.5 32.5
 5910   68 48.8 33.9 39.5 29.0 32.5
 5911   68 48.1 33.9 39.5 29.0 32.5
 5912   70 55.6 44.1 47.8 36.3 32.5
 5990   70 55.6 44.1 47.8 36.5 32.5
 5991   70 55.6 44.1 47.8 26.6 32.5
 5992   69 55.6 44.1 47.8 32.6 32.5
 5993   69 55.6 44.1 47.8 48.6 32.5
 5994   69 55.6 44.1 47.8 33.8 32.5
 5995   69 55.6 44.1 47.8 30.7 32.5
 5996   69 55.6 44.1 47.8 39.8 32.5
 5999   69 55.6 44.1 47.8 32.6 32.5
 6000   90 50.3 33.2 31.9 27.1 27.1
 6100   79 51.0 42.2 46.7 26.9 26.9
 6110   70 49.2 35.4 36.1 27.2 26.9
 6111   70 49.2 35.4 36.1 27.2 26.9
 6120   71 49.6 35.9 32.2 31.0 26.9
 6121   71 49.6 35.9 32.2 31.0 26.9
 6130   72 55.2 43.5 30.1 26.2 26.9
 6131   72 55.2 43.5 30.1 26.2 26.9
 6140   75 49.7 36.2 39.1 27.6 26.9
 6141   73 50.7 37.4 41.5 29.0 26.9
 6142   75 49.8 36.2 39.1 29.0 26.9
 6143   74 48.5 34.5 35.5 26.8 26.9
 6144   75 49.8 36.2 39.1 24.3 26.9
 6145   75 49.8 36.2 39.1 29.2 26.9
 6150   77 43.9 28.1 35.5 23.6 26.9
 6151   77 43.8 28.1 35.5 24.8 26.9
 6152   77 43.8 28.1 35.5 25.5 26.9
 6153   76 44.0 28.4 31.8 22.9 26.9
 6190      53.6 42.2 46.7 19.6 26.9
 6191   78 51.1 38.0 41.1 26.3 26.9
 6192   79 54.2 42.2 46.7 19.6 26.9
 6193   79 54.2 42.2 46.7 28.2 26.9
 6194   79 54.2 42.2 46.7 29.8 26.9
 6199   79 54.2 42.2 46.7 23.6 26.9
 6200   81 49.3 25.0 24.9 35.4 35.4
 6210   81 49.3 25.0 24.9 35.4 35.4
 6211   80 52.7 40.1 41.2 39.3 35.4
 6212   81 41.5 25.0 24.9 25.5 35.4
 6213   81 41.5 25.0 24.9 24.4 35.4
 6300   90 47.9 33.2 31.9 24.3 24.3
 6310   82 46.4 44.2 31.6 28.1 24.3
 6311   82 55.7 44.2 31.6 39.1 24.3
 6312   83 46.2 31.4 35.4 29.9 24.3
 6313   84 44.8 29.5 35.5 26.4 24.3
 6314   85 39.0 21.6 25.9 18.2 24.3
 6320   89 41.8 33.2 31.9 14.4 24.3
 6321   89 47.6 33.2 31.9 15.2 24.3
 6322   86 32.6 12.9 26.7 21.0 24.3
 6323   87 39.5 22.3 36.4  9.5 24.3
 6324   89 47.6 33.2 31.9 20.3 24.3
 6390   88 51.6 42.0 44.1 30.1 24.3
 6391   89 47.6 33.2 31.9 20.8 24.3
 6392   89 47.6 33.2 31.9  9.8 24.3
 6393   88 54.1 42.0 44.1 51.3 24.3
 6394   88 54.1 42.0 44.1 32.4 24.3
 6395   88 54.1 42.0 44.1 33.5 24.3
 6396   88 54.1 42.0 44.1 36.2 24.3
 6397   88 54.1 42.0 44.1 31.1 24.3
 6399   89 47.6 33.2 31.9 21.0 24.3
 7000  103 33.0 15.4 27.3 10.7 10.7
 7100   93 28.7  7.0 14.7 10.7 10.7
 7110   93 27.8  7.0 14.7  9.8 10.7
 7111   90 32.4 12.6 16.3 17.1 10.7
 7112   91 23.1   .0  7.2  3.4 10.7
 7119   93 28.2  7.0 14.7  7.2 10.7
 7120   92 30.5 10.0 26.2 11.8 10.7
 7121   92 30.5 10.0 26.2  8.0 10.7
 7122   92 30.5 10.0 26.2  9.9 10.7
 7123   92 30.5 10.0 26.2 13.2 10.7
 7124   92 30.5 10.0 26.2 15.4 10.7
 7129   92 30.5 10.0 26.2 10.8 10.7
 7200   94 31.6  4.2 21.0  8.3  8.3
 7210   95 29.5  8.7  8.5  7.0  8.3
 7211   95 29.5  8.7  8.5  6.4  8.3
 7212   95 29.5  8.7  8.5  8.5  8.3
 7290   97 32.1 12.2 21.5  9.5  8.3
 7291   97 32.1 12.2 21.5 10.7  8.3
 7292   97 32.1 12.2 21.5  6.1  8.3
 7293   97 32.1 12.2 21.5 14.1  8.3
 7294   96 32.1 12.2 21.5  6.1  8.3
 7295   96 32.1 12.2 21.5 15.7  8.3
 7296   96 32.1 12.2 21.5 25.2  8.3
 7297   96 32.1 12.2 21.5 10.1  8.3
 7298   96 32.1 12.2 21.5  8.6  8.3
 7299   96 32.1 12.2 21.5  8.0  8.3
 7300  100 35.6 13.1 17.8 12.8 12.8
 7310  100 35.6 13.1 17.8 12.8 12.8
 7311   97 29.6  8.9 14.0 11.8 12.8
 7312   98 34.5 15.5 27.2 15.7 12.8
 7313   99 39.1 21.7 32.2 16.4 12.8
 7314   99 39.1 21.7 32.2 11.8 12.8
 7315   98 34.5 15.5 27.2 13.3 12.8
 7900  103 34.3 15.4 27.3 10.0 10.0
 7910  103 34.4 15.4 27.3 16.2 10.0
 7911  103 34.4 15.4 27.3 18.5 10.0
 7912  103 34.4 15.4 27.3 32.3 10.0
 7913  103 34.4 15.4 27.3 14.8 10.0
 7914  103 34.4 15.4 27.3 12.2 10.0
 7990  102 34.2 15.4 27.3  8.6 10.0
 7991  102 34.4 15.4 27.3 11.0 10.0
 7992  102 34.4 15.4 27.3 15.0 10.0
 7993  101 33.9 14.7 19.0  5.9 10.0
 7994  102 34.4 15.4 27.3 30.4 10.0
 7995  102 34.4 15.4 27.3 13.7 10.0
 7996  102 34.4 15.4 27.3  8.2 10.0
 8000  109 42.8 20.4 24.8 21.9 21.9
 8100  104 46.5 31.7 34.7 20.2 20.2
 8110  104 46.5 31.7 34.7 20.2 20.2
 8111  104 46.5 31.7 34.7 19.7 20.2
 8112  103 46.5 31.7 34.7 15.9 20.2
 8113  103 46.5 31.7 34.7 27.4 20.2
 8114  103 46.5 31.7 34.7 16.6 20.2
 8115  103 46.5 31.7 34.7 32.8 20.2
 8116  103 46.5 31.7 34.7 27.1 20.2
 8119  103 46.5 31.7 34.7 15.7 20.2
 8200  107 42.8 30.5 33.7 23.4 23.4
 8210  104 44.2 28.6 27.4 25.1 23.4
 8211  104 44.2 28.6 27.4 25.1 23.4
 8290  107 40.7 30.5 33.7 18.5 23.4
 8291  105 36.3 17.9 24.5 11.3 23.4
 8292  107 45.6 30.5 33.7 36.0 23.4
 8293  106 45.6 30.5 33.7 30.9 23.4
 8294  106 45.6 30.5 33.7 31.9 23.4
 8295  106 45.6 30.5 33.7 27.5 23.4
 8296  106 45.6 30.5 33.7 27.5 23.4
 8297  106 45.6 30.5 33.7 25.7 23.4
 8299  106 45.6 30.5 33.7 16.7 23.4
 8300  109 38.3 20.4 24.8 13.6 13.6
 8310  108 38.3 20.4 24.8 13.6 13.6
 8311  107 39.1 21.7 27.6 18.2 13.6
 8312  108 38.1 20.4 24.8  6.3 13.6
 8313  108 38.1 20.4 24.8 17.2 13.6
 8314  108 38.1 20.4 24.8  8.2 13.6
 8315  108 38.1 20.4 24.8 12.3 13.6
 8319  108 38.1 20.4 24.8 12.3 13.6
 9000  109 33.4  4.2  5.1  8.8  8.8
 9100  110 33.5 14.1 18.3  3.7  3.7
 9110  110 33.5 14.1 18.3  3.7  3.7
 9111  110 33.5 14.1 18.3  3.7  3.7
 9200  112 26.9  5.4 12.4  7.5  7.5
 9210  112 27.1  5.4 12.4  6.9  7.5
 9211  111 27.1  5.4 12.4  9.0  7.5
 9212  111 27.1  5.4 12.4  4.4  7.5
 9213  111 27.1  5.4 12.4  6.9  7.5
 9214  111 27.1  5.4 12.4  8.6  7.5
 9215  111 27.1  5.4 12.4  6.9  7.5
 9219  111 27.1  5.4 12.4  8.9  7.5
 9220  112 26.4  4.5  9.6  9.0  7.5
 9221  112 26.4  4.5  9.6  9.0  7.5
 9222  112 26.4  4.5  9.6  8.7  7.5
 9900  118 34.6 17.5 22.7 12.5 12.5
 9910  113 33.0 16.6 17.1  7.8 12.5
 9911  118 36.0 17.5 22.7 16.7 12.5
 9912  114 28.3  7.1  7.6  1.9 12.5
 9913  114 28.3  7.1  7.6  1.6 12.5
 9914  114 28.3  7.1  7.6  1.0 12.5
 9915  114 28.3  7.1  7.6   .8 12.5
 9916  113 35.3 16.6 17.1  7.7 12.5
 9917  113 35.3 16.6 17.1 11.6 12.5
 9918  113 35.3 16.6 17.1  7.8 12.5
 9919  113 35.3 16.6 17.1  7.9 12.5
 9920  115 33.7 14.1   .0 16.9 12.5
 9921  115 33.5 14.1   .0 19.6 12.5
 9922  113 35.3 16.6 17.1  6.3 12.5
 9929  115 33.5 14.1   .0 36.7 12.5
 9930  118 35.3 17.5 22.7 13.1 12.5
 9931  116 34.0 14.8 19.5 13.2 12.5
 9932  118 36.0 17.5 22.7 14.6 12.5
 9933  117 36.0 17.5 22.7  7.8 12.5
 9990  117 36.0 17.5 22.7 10.4 12.5
 9991  117 36.0 17.5 22.7 10.1 12.5
 9992  117 36.0 17.5 22.7 15.3 12.5
 9993  117 36.0 17.5 22.7  9.8 12.5
 9999  117 36.0 17.5 22.7  9.0 12.5
