mx_occ	mxo_m	mxo_f
1100	75.98	83.47
1101	76.63	79.76
1102	74.6	80.43
1103	73.49	80.43
1104	76.58	77.3
1105	77.25	80.43
1106	77.25	80.43
1109	77.72	80.43
1110	82.75	68.48
1111	82.75	68.48
1119	82.75	68.48
1120	74.23	77.68
1121	73.5	78.58
1129	74.23	77.68
1130	75.35	76.47
1131	66.6	68.48
1132	75.7	77.96
1133	71.12	71.07
1134	75.35	76.87
1139	77.92	68.48
1140	83.44	83.6
1141	78.08	83.6
1142	83.44	83.6
1149	83.44	83.6
1150	70.87	70.58
1151	70.59	70.58
1152	70.59	70.58
1153	70.59	70.58
1159	70.59	70.58
1160	75.36	77.96
1161	74.93	74.59
1162	87.63	77.96
1163	75.36	77.96
1164	80.87	82.61
1165	75.36	77.96
1166	81.05	80.64
1167	75.36	77.96
1168	75.36	77.96
1169	75.36	77.96
1170	84.88	76.03
1171	78.35	79.69
1172	73.18	76.03
1173	82.72	80.28
1174	79.77	74.52
1175	73.18	76.03
1179	80.73	86.94
1180	68.72	68.48
1190	79.33	83.22
1200	59.09	71.33
1201	60.15	71.91
1202	66.86	71.91
1203	60.15	71.91
1204	62.93	62.14
1205	66.96	71.91
1206	62.08	66.11
1209	64.26	71.91
1210	66.07	66.69
1211	66.07	66.69
1219	66.07	66.69
1220	66.76	58.68
1221	64.68	61.83
1222	66.76	58.68
1223	66.76	63.94
1229	66.76	58.68
1230	63.6	69.52
1231	62.43	60.17
1232	63.42	69.52
1239	63.6	69.52
1240	62.8	64.71
1241	55.33	64.71
1242	62.8	64.71
1243	62.8	64.71
1249	62.8	64.71
1250	69.02	65.13
1251	68.02	68.61
1252	70.5	69.65
1260	55.77	58.68
1290	66.33	71.22
1300	78.41	82.32
1310	74.7	76.23
1320	72.08	72.09
1330	66.19	65.59
1331	66.19	44.94
1332	66.19	65.06
1340	64.11	66.73
1350	73.65	76.06
1351	73.65	73.52
1352	73.65	80.72
1353	73.65	73.52
1354	73.65	71.83
1359	73.65	73.52
1360	68.65	75.17
1361	70	70.03
1362	76.83	79.57
1363	67.84	64.86
1364	70.96	69.67
1369	70.96	64.86
1390	68.25	65.98
1400	85.59	86.45
1401	74.53	81.15
1410	53.96	72.15
1411	60.88	72.15
1412	53.96	72.15
1413	72.33	83.32
1414	53.96	71.88
1419	53.96	74.96
1420	63.29	75.78
1421	57.19	73.17
1422	68.45	73.17
1423	68.45	73.17
1429	68.45	73.17
1430	83.33	79.98
1431	74.88	79.98
1432	70.8	78.02
1439	74.88	79.98
1440	57.33	73.17
1450	52.12	73.17
1451	73.74	73.17
1460	64.68	73.17
1461	64.68	73.17
1490	53.96	73.17
2100	79.91	76.44
2101	58.77	61.18
2110	78.99	73.53
2111	82.22	82.21
2119	78.88	73.53
2120	78.76	79.49
2121	77.41	81.04
2122	74.57	76.37
2123	75.12	76.82
2124	76.35	78.84
2125	77.37	74.61
2126	78.11	71.25
2127	69.88	76.76
2128	69.45	74.61
2129	75.42	78.58
2130	74.12	71.33
2131	68.72	71.33
2132	68.72	71.33
2133	63.95	71.33
2139	68.72	71.33
2190	80.35	75.85
4100	30.52	31.31
4101	30.52	31.31
4102	30.52	31.31
4103	30.52	31.31
4104	30.52	31.31
4105	30.52	31.31
4106	30.52	31.31
4107	30.52	31.31
4108	30.52	31.31
4109	30.52	31.31
4110	37.01	33.8
4111	42.12	36.23
4112	40.12	34.12
4113	26.39	23.67
4114	47.46	31.19
4115	37.01	31.19
4116	38.8	31.19
4119	38.8	31.19
4120	36.17	31.31
4130	29.62	22.19
4131	32.51	22.19
4132	36.77	32.81
4133	44.78	22.19
4134	20.35	22.19
4135	27.68	22.19
4136	27.57	22.19
4139	20.35	22.19
4140	30.52	30.34
4150	39.07	47.66
4151	48.3	47.66
4159	39.07	47.66
4160	26.32	21.86
4161	26.32	36.91
4170	43.15	33.69
4190	27.44	18.73
5100	62.38	60.77
5101	63.05	59.13
5109	63.05	59.13
5110	66.93	52.26
5111	65.4	52.26
5119	65.4	52.26
5120	54.42	57.98
5121	53.79	52.26
5129	53.79	52.26
5130	66.52	61.07
5131	60.63	61.07
5139	60.63	61.07
5140	63.4	56.36
5141	62.56	54.08
5149	62.56	54.08
5150	67.21	52.26
5151	61.69	52.26
5159	61.69	52.26
5160	62.62	72.76
5161	70.64	72.76
5169	70.64	72.76
5170	67.36	60.02
5171	63.91	53.42
5179	63.91	53.42
5180	68.69	67.18
5181	65.04	60.18
5189	65.04	62.79
5190	61.08	57.77
5200	45.97	37.08
5201	43.74	29.3
5202	42.85	38.21
5203	35.39	32.28
5204	39.15	41.03
5205	42.85	38.21
5206	37	30.55
5207	42.85	38.21
5208	47.7	46.65
5209	40	40.98
5210	44.77	40.42
5211	29.78	40.42
5220	36.29	20.61
5221	31.07	23.73
5222	43.25	40.42
5223	42.73	33.91
5224	38.72	24.56
5225	46.02	40.42
5226	45.35	40.42
5227	42.57	42.12
5228	43.25	40.42
5229	39.91	35.63
5230	45.5	18.9
5231	25.65	18.9
5232	44.04	46.18
5233	57.98	56.68
5234	59.75	65.84
5239	45.5	18.9
5240	52.32	32.97
5241	48.39	47.67
5242	47.82	49.81
5243	50.96	49.81
5244	49.32	49.81
5245	52.78	51.32
5246	53.15	52.16
5247	54.31	49.81
5248	47.62	49.81
5249	51.57	49.81
5250	40.4	36.13
5251	30.82	34.92
5252	48.53	55.83
5253	30.82	36.13
5259	30.82	36.13
5260	32.45	42.75
5261	39.26	42.75
5262	39.96	23.72
5263	41.03	42.75
5264	39.36	42.75
5265	48.71	39.27
5266	45.3	42.75
5267	44.97	42.75
5269	38.93	42.75
5270	53.05	59.94
5271	59.16	53.86
5272	57.09	53.86
5279	53.05	53.86
5280	44.16	44.15
5281	48.88	60.34
5290	47.39	43.81
5300	39.85	46.18
5301	44.88	38.95
5302	42.3	35.3
5303	40.32	38.86
5304	45.03	46.33
5305	45.03	35.3
5306	52.06	50.04
5307	43.09	35.3
5309	40.2	44.38
5310	43.72	43.06
5311	55.03	43.06
5312	55.03	43.06
5319	55.03	43.06
5320	43.44	46.35
5321	41.76	44.33
5322	42.75	43.06
5323	41.75	43.87
5324	43.86	39.43
5329	42.55	45.25
5330	42.21	41.93
5331	42.64	48.34
5332	44.67	46.21
5333	51.55	51.32
5334	45.99	46.48
5335	42.21	51.32
5339	42.21	51.32
5340	44.21	47.57
5341	50.76	47.11
5342	45.05	43.51
5343	47.16	47.24
5344	49.77	48.03
5345	50.97	47.11
5349	47.15	49.51
5350	42.31	49.51
5351	39.85	46.05
5352	36.97	46.05
5353	48.07	46.05
5359	36.97	46.05
5360	40.61	43.06
5370	54.82	43.06
5371	46.22	43.06
5379	54.82	43.06
5380	47.95	47.79
5381	55.19	46.06
5382	50.04	51.85
5383	47.48	46.06
5389	47.48	46.06
5390	48.29	48
5400	42.97	42.53
5401	40.86	39.2
5410	44.1	42.53
5411	32.08	42.53
5420	40.08	39.65
5421	40.74	43.1
5430	41.12	48.68
5431	42.07	48.46
5440	43.93	50.94
5441	48.93	45.04
5450	33.36	26.62
5451	36.44	45.37
5460	28.42	28.9
5461	31.57	28.9
5470	55.27	59.43
5480	47.26	47.96
5481	48.95	46.7
5490	43.4	47.2
5491	41.09	46.54
5500	37.82	59.45
5501	46.39	59.45
5502	49.11	59.45
5509	49.11	59.45
5510	62.1	59.45
5511	50.77	59.45
5520	54.12	59.45
5521	49.08	59.45
5522	42.81	59.45
5529	53.43	59.45
5530	73.61	59.98
5540	57.82	72.18
5541	42.5	72.18
5542	42.5	72.18
5543	42.5	72.18
5549	42.5	72.18
5550	34.04	59.45
5551	31.21	59.45
5590	53.21	59.45
6100	72.45	74.95
6101	75.76	77.03
6102	74.33	73.29
6109	75.76	77.03
6110	72.86	74.55
6111	68.46	74.02
6120	75.11	77.16
6121	66.39	72.18
6130	66.61	62.35
6131	80.13	86.56
6132	73.59	68.63
6133	73.26	78.53
6139	66.61	62.35
6140	66.29	74.53
6150	72.25	75.74
6160	65.28	67.65
6170	67.11	76.41
6180	60.81	59.94
6190	72.33	74.76
6200	59.59	65.74
6201	58.45	67.19
6202	66.11	66.39
6203	62.82	59.63
6209	66.11	65.74
6210	57.56	59.23
6211	50.64	60.5
6219	57.56	59.23
6220	62.58	61.63
6221	54.92	57.02
6229	54.92	61.63
6230	65.28	64.21
6231	68.49	76.2
6232	55.75	52.53
6239	55.75	52.53
6240	59.35	60.95
6241	58.13	65.21
6249	58.89	60.95
6250	58.79	64.31
6251	55.43	56.59
6259	55.43	56.59
6260	51.16	56.57
6270	67.76	71.71
6290	66	67.17
7100	56	47.66
7110	56.91	57.71
7111	53.69	50.05
7120	49.83	56.54
7121	47.22	46.57
7130	66.08	54.14
7131	67.46	74.2
7132	74.33	54.14
7133	70.45	79.34
7134	72.13	54.14
7135	66.08	54.14
7139	53.73	41.98
7190	52.56	45.14
7200	42.47	49.48
7201	48.05	49.79
7209	50.33	48.11
7210	41.89	36.78
7211	33.36	36.78
7212	32.89	36.78
7213	38.79	36.78
7219	41.89	36.78
7290	45.77	45.89
8100	53.94	44.22
8101	50.65	49.14
8102	53.94	77.44
8109	53.94	44.22
8110	54.35	51.27
8111	49.15	52.82
8120	45.7	41.56
8121	47.92	45.3
8122	51.36	44.59
8123	50.98	45.56
8124	47.92	45.3
8125	36.23	37.01
8126	37.59	50.38
8129	47.92	45.3
8130	51.91	58.15
8131	51.91	66.22
8132	51.91	55.9
8139	51.91	58.15
8140	61.9	60.81
8150	53.18	61.87
8151	63.24	55.87
8152	56.37	55.87
8159	53.18	55.87
8160	41.58	45.3
8190	45.99	50.03
8200	45.5	30.39
8201	26.69	44.88
8202	49.2	30.39
8203	26.69	30.39
8204	30.49	40.18
8209	26.69	31.02
8300	58.71	59.36
8301	52.18	58.91
8302	65.53	59.36
8303	46.79	59.36
8304	67.24	68.84
8309	46.79	59.36
8310	52.32	59.36
8311	53.73	59.36
8312	52.32	59.36
8319	56.43	59.36
8390	46.79	59.36
