PCS4	fr06pcs4_m	fr06pcs4_f
1110	47.2566223144531	41.8268928527832
1111	49.140193939209	48.4563217163086
1112	42.6698837280273	37.8094291687012
1113	44.1872406005859	39.3681793212891
1114	43.5450057983398	38.9762496948242
1115	47.9315032958984	40.2113075256348
1210	47.2566223144531	41.8268928527832
1211	49.140193939209	48.4563217163086
1212	42.6698837280273	37.8094291687012
1213	44.1872406005859	39.3681793212891
1214	43.5450057983398	38.9762496948242
1215	47.9315032958984	40.2113075256348
1220	46.501594543457	48.1282653808594
1221	41.2750511169434	38.7145614624023
1222	41.5904197692871	48.1282653808594
1310	57.1178092956543	64.0845718383789
1311	55.738525390625	62.7623825073242
1312	51.3035507202148	51.6268882751465
1313	52.5724945068359	48.8273162841797
1314	51.6611938476563	54.4196166992188
1315	53.6325531005859	50.1777801513672
2110	39.2444152832031	36.923770904541
2111	38.1544799804688	42.212085723877
2112	43.4513473510742	42.212085723877
2113	44.7255249023438	48.3253746032715
2114	40.8345336914063	48.8420333862305
2115	45.5707054138184	49.2642211914063
2116	42.7290687561035	48.8420333862305
2117	44.1776885986328	63.5318222045898
2119	42.2992477416992	45.98193359375
2120	42.619457244873	57.8651008605957
2121	49.063591003418	57.8651008605957
2122	48.608959197998	57.8651008605957
2123	41.4579620361328	57.8651008605957
2130	47.489013671875	46.4836235046387
2140	48.2512969970703	59.0550193786621
2141	62.7510261535645	72.6177062988281
2142	48.2453804016113	66.7010269165039
2143	53.5140037536621	67.4447937011719
2144	49.5566253662109	53.8220863342285
2145	46.9047164916992	67.4447937011719
2150	21.7738552093506	40.5599174499512
2151	26.9292335510254	39.5771598815918
2152	43.3829383850098	49.2302856445313
2153	29.8191928863525	36.7658004760742
2160	42.3139419555664	46.6509094238281
2161	43.1024627685547	46.5585289001465
2162	40.5489616394043	46.6509094238281
2170	42.8329734802246	39.5745811462402
2171	43.7655410766602	45.8779907226563
2172	45.0648536682129	43.7072219848633
2173	41.0429229736328	40.8240280151367
2174	44.0166702270508	60.0738410949707
2180	42.126350402832	38.6812973022461
2190	42.3233680725098	22.2722949981689
2210	53.5196800231934	53.216609954834
2211	60.321174621582	61.6666297912598
2220	45.818790435791	40.0996170043945
2221	40.8302459716797	40.702075958252
2230	53.6869239807129	59.2601585388184
2231	50.3844795227051	43.2068672180176
2232	52.2817726135254	54.2335739135742
2233	56.7781753540039	58.8877372741699
2234	63.0908584594727	61.8355407714844
2235	49.5290107727051	45.3673324584961
2236	47.0684432983398	45.0328369140625
2237	51.6628150939941	47.0454864501953
2240	41.1165313720703	40.7353820800781
2241	50.349925994873	54.5122718811035
2242	42.586742401123	43.9763450622559
2243	42.5811729431152	37.7000274658203
2250	60.3650550842285	62.1952018737793
2260	64.2931137084961	60.6504020690918
2261	65.3176345825195	67.3937454223633
2262	66.7513275146484	65.5088653564453
2270	56.3991928100586	63.8129844665527
2271	52.5162010192871	61.8104400634766
2272	62.7343444824219	62.3614807128906
2273	57.6959114074707	60.0738410949707
2310	63.3748779296875	52.0453338623047
2320	69.3288650512695	63.2240676879883
2330	56.0013847351074	57.8668746948242
2331	59.8209648132324	55.9898948669434
2332	70.4866409301758	66.9169006347656
2333	59.0328254699707	55.4426727294922
3110	91.8595581054688	90.3879241943359
3111	76.7403259277344	79.3543319702148
3112	77.5242233276367	76.1423721313477
3113	74.7838897705078	67.8692321777344
3114	79.8524551391602	76.7285079956055
3115	86.4451904296875	83.0690078735352
3120	84.0298843383789	83.0798950195313
3121	75.2949600219727	72.5921096801758
3122	77.830940246582	80.1553115844727
3123	72.8634872436523	78.3317184448242
3124	77.6287002563477	78.2729949951172
3125	70.2252349853516	71.8129501342773
3126	78.1550216674805	71.2033233642578
3130	54.6934356689453	99
3310	79.6508331298828	75.0274658203125
3320	76.4323348999023	82.5460205078125
3321	71.9724731445313	77.1852264404297
3330	83.3177947998047	88.1854476928711
3331	57.9910125732422	59.0884742736816
3332	66.0800247192383	71.3450317382813
3333	70.7690505981445	73.9473266601563
3334	67.3654632568359	67.7617492675781
3335	67.1868133544922	72.3370666503906
3340	64.1528472900391	69.1041946411133
3350	72.4831390380859	73.8485412597656
3410	71.9049911499023	75.0170059204102
3411	73.4062347412109	77.5538024902344
3420	84.9983444213867	81.2771530151367
3424	80.0263519287109	80.8328704833984
3430	77.9147109985352	73.1778869628906
3440	82.5831680297852	91.4206237792969
3441	76.8368377685547	79.0373458862305
3442	78.131233215332	81.0237579345703
3443	80.0735931396484	95.4515838623047
3510	75.5247650146484	76.9527053833008
3520	77.3812866210938	78.8064041137695
3521	80.4204559326172	84.0735702514648
3530	75.7010040283203	82.2011642456055
3531	74.9876861572266	76.585334777832
3532	73.9380035400391	78.3952941894531
3540	73.7224578857422	76.4038162231445
3541	69.1551513671875	75.781494140625
3542	60.6631088256836	68.4110794067383
3543	70.1628875732422	70.7870635986328
3546	66.5768508911133	70.3179321289063
3710	74.2636184692383	77.0249404907227
3720	78.4681396484375	80.7128829956055
3721	74.3416595458984	75.9963302612305
3722	69.1398391723633	74.773193359375
3723	79.1526412963867	74.2704238891602
3724	74.8613510131836	81.4325103759766
3725	77.2232208251953	78.4407958984375
3730	67.7162857055664	68.5888366699219
3731	65.307746887207	65.5173568725586
3732	67.1786499023438	71.1645736694336
3733	68.5040130615234	75.1156997680664
3740	56.4925727844238	60.9542579650879
3741	69.8424758911133	74.1141510009766
3742	68.4282913208008	73.2820281982422
3743	76.1557235717773	82.3243942260742
3750	76.7490005493164	81.6187286376953
3751	81.7209701538086	82.7995529174805
3760	80.740348815918	76.7956161499023
3761	68.9989471435547	70.9416046142578
3762	70.2843170166016	75.3711471557617
3763	70.3415908813477	71.3845520019531
3764	65.5208511352539	65.4870071411133
3765	71.2780456542969	71.7608032226563
3766	73.727294921875	74.7411727905273
3770	55.4937553405762	58.4693450927734
3800	74.3283843994141	81.0229415893555
3810	65.42138671875	70.7935638427734
3820	66.2788619995117	78.2922973632813
3821	60.268928527832	71.8775787353516
3822	62.6770210266113	68.0501861572266
3823	77.6271438598633	80.4549789428711
3830	74.3572845458984	83.7655029296875
3831	67.5003433227539	74.0013427734375
3832	72.3267669677734	77.4269561767578
3840	74.4695281982422	84.110107421875
3841	64.5222320556641	70.017822265625
3842	66.3933792114258	76.2516632080078
3850	74.300651550293	79.1712875366211
3851	68.2201461791992	74.0571136474609
3852	65.3843612670898	70.6336669921875
3860	67.361572265625	75.6176071166992
3863	71.9783325195313	81.1841812133789
3864	64.6921615600586	74.2911529541016
3870	69.2616882324219	75.5567855834961
3871	64.7930755615234	75.1702575683594
3872	72.9140090942383	75.4349594116211
3873	61.3334884643555	77.0263442993164
3874	72.3896942138672	75.2411804199219
3875	64.9056854248047	75.1541137695313
3880	74.6445617675781	77.1554183959961
3881	71.0340194702148	77.1792144775391
3882	77.2165832519531	78.6213836669922
3883	74.5160217285156	80.0095825195313
3884	67.24755859375	73.9082946777344
3890	62.2908210754395	67.2271041870117
3891	62.3194961547852	64.757209777832
3892	75.3394470214844	64.757209777832
4210	63.7120170593262	67.2421264648438
4211	68.0282516479492	67.1003799438477
4220	68.1626968383789	69.5547180175781
4221	64.932975769043	67.7619705200195
4222	72.852783203125	67.1160354614258
4223	59.965404510498	48.7060775756836
4224	63.3666610717773	67.5904235839844
4230	52.4285354614258	43.5659942626953
4231	61.5245513916016	68.2117309570313
4240	60.3529205322266	58.960506439209
4250	58.8130073547363	68.5085678100586
4310	60.5233345031738	66.5236968994141
4311	60.5233345031738	63.6804504394531
4312	61.1659545898438	65.4770889282227
4313	60.5233345031738	72.142692565918
4314	55.8332099914551	55.9473190307617
4315	62.1346054077148	58.7181129455566
4316	55.5022964477539	52.6577606201172
4320	71.8746337890625	71.6850128173828
4321	73.0517578125	74.6250839233398
4322	67.1992797851563	70.1325607299805
4323	68.8207855224609	73.3519973754883
4330	59.2307510375977	56.3813552856445
4331	55.2880210876465	46.8433723449707
4332	52.8282699584961	44.9986381530762
4333	62.1210250854492	59.186279296875
4340	67.2392501831055	65.7926788330078
4341	59.9445304870605	58.7933387756348
4342	60.2422943115234	55.3195877075195
4343	55.0660133361816	48.3428611755371
4344	48.3641548156738	46.6499671936035
4345	62.4558944702148	59.0217323303223
4346	62.1595916748047	63.811824798584
4350	68.6694946289063	58.2906684875488
4351	56.3123359680176	47.6381721496582
4410	59.241153717041	74.0654678344727
4411	42.8604698181152	72.0341720581055
4510	48.5008697509766	49.2638397216797
4511	58.1081695556641	62.1078681945801
4512	67.645133972168	73.5908660888672
4513	56.7517547607422	60.8629188537598
4514	53.8670616149902	54.3157501220703
4515	54.5430374145508	59.5297660827637
4520	62.2339782714844	63.4066200256348
4521	45.2694931030273	53.5707893371582
4610	51.90185546875	55.4509735107422
4613	58.2130393981934	54.7057189941406
4614	57.1148719787598	57.8609466552734
4615	49.9576721191406	57.0549430847168
4620	54.9880104064941	51.8661804199219
4621	51.6784896850586	54.6780548095703
4622	56.7033615112305	60.7629051208496
4623	51.2510833740234	56.1604881286621
4624	45.3471412658691	42.5325889587402
4630	60.2591094970703	63.2726707458496
4631	52.5227966308594	56.5630035400391
4632	56.3287200927734	61.0805206298828
4633	51.4493103027344	52.0084648132324
4634	51.9711952209473	55.7452392578125
4640	62.8053550720215	65.7936248779297
4641	72.6543731689453	75.9111633300781
4650	64.2563171386719	63.9104843139648
4651	68.1547317504883	55.418571472168
4652	60.2628288269043	66.3507690429688
4660	51.1195068359375	53.7306060791016
4661	48.8890342712402	52.5687713623047
4662	52.2004661560059	51.2397270202637
4670	58.155345916748	59.6375770568848
4671	57.6182174682617	54.5641326904297
4672	55.2654342651367	53.3535957336426
4673	58.7704467773438	59.0630378723145
4680	44.5433540344238	38.9281463623047
4681	47.2833442687988	47.0717468261719
4710	51.0919876098633	50.1686515808105
4711	46.7493705749512	42.3773040771484
4720	53.826171875	56.6895599365234
4721	47.6328430175781	54.3500785827637
4722	48.7910461425781	50.001148223877
4723	53.9812278747559	52.766902923584
4730	54.2876892089844	53.0930252075195
4731	48.9097671508789	48.1026954650879
4732	48.5001411437988	57.0216827392578
4740	53.8749465942383	52.8620948791504
4741	48.0375556945801	51.0668449401855
4742	53.4162979125977	57.7851829528809
4750	52.7995872497559	56.8545303344727
4751	47.161865234375	52.4121627807617
4760	53.5191688537598	60.0338096618652
4761	45.1960258483887	46.8915061950684
4770	51.2273788452148	52.5982933044434
4771	47.4085350036621	55.0495376586914
4772	52.496395111084	52.8323631286621
4773	45.4908142089844	49.0149154663086
4780	59.3126449584961	60.5107765197754
4781	55.7316818237305	55.206958770752
4782	51.4695053100586	57.4808578491211
4783	55.3165245056152	63.8547058105469
4790	56.4187469482422	63.5286598205566
4791	52.7028121948242	58.4516563415527
4800	43.0020561218262	38.9363594055176
4801	42.2266845703125	39.7449493408203
4810	42.0807495117188	47.3848304748535
4811	40.8346061706543	47.3412551879883
4820	48.9427719116211	46.3212242126465
4830	42.2400856018066	48.2815933227539
4840	42.0599670410156	48.6152458190918
4841	40.1464347839355	47.8270645141602
4850	49.5341491699219	48.6352577209473
4851	41.7340316772461	45.4517250061035
4860	48.2287788391113	59.6550750732422
4863	44.407787322998	51.822940826416
4864	43.8068389892578	48.2685394287109
4870	45.2129440307617	49.4185676574707
4871	43.5479393005371	46.3174438476563
4880	40.1292419433594	41.4759330749512
4881	45.6245727539063	43.404899597168
5210	43.7775459289551	39.352108001709
5211	47.6342849731445	50.4814910888672
5220	52.7091979980469	49.0310668945313
5230	47.0130081176758	47.7022171020508
5240	43.1670608520508	44.6023864746094
5250	43.2668228149414	37.2760314941406
5251	39.109546661377	32.6637573242188
5252	41.8801231384277	32.5772094726563
5253	42.4951362609863	33.6826400756836
5260	49.7043800354004	38.5592765808105
5261	44.2826309204102	46.2436332702637
5262	52.2572212219238	38.4225196838379
5263	44.2826309204102	34.9921379089355
5264	47.719051361084	47.2810478210449
5310	49.8797874450684	44.9672164916992
5311	42.6461563110352	43.8012237548828
5312	44.3902206420898	39.1763229370117
5320	45.7950401306152	44.841480255127
5321	44.327953338623	43.6465835571289
5322	49.1336326599121	49.8876838684082
5330	48.9910469055176	45.6233406066895
5331	36.2817611694336	46.6311988830566
5332	41.9338798522949	46.6311988830566
5340	36.5766143798828	37.0051689147949
5341	39.8367004394531	45.3346366882324
5410	49.6836471557617	46.4754180908203
5413	48.4790267944336	43.160530090332
5420	54.6934356689453	47.033992767334
5421	54.856273651123	47.2663040161133
5430	51.5727615356445	45.8458290100098
5433	48.8531837463379	46.7131767272949
5440	49.8204307556152	39.9623031616211
5450	56.262321472168	53.4052925109863
5451	53.1802177429199	49.8167381286621
5452	52.696647644043	48.4737701416016
5453	53.3175277709961	52.8558616638184
5460	46.1401672363281	41.8197479248047
5461	45.0926246643066	43.2099189758301
5462	59.4896507263184	68.9682540893555
5463	56.0264167785645	48.2079391479492
5464	48.2534561157227	50.1243286132813
5510	39.8554992675781	34.7186737060547
5520	41.8429946899414	33.9330749511719
5530	46.2075881958008	42.2115135192871
5540	40.7352294921875	31.496000289917
5541	41.2883224487305	41.3308067321777
5542	42.7747001647949	37.5569076538086
5543	51.2664604187012	43.6800155639648
5544	47.8295593261719	45.7329292297363
5545	53.9739227294922	48.4281997680664
5546	41.3109321594238	42.4001655578613
5547	34.179931640625	31.9780521392822
5549	46.9969596862793	44.4785537719727
5550	52.2457313537598	41.7397689819336
5560	45.7314643859863	48.5291061401367
5610	40.4310722351074	33.6742057800293
5613	34.5972061157227	32.283275604248
5614	46.0981101989746	40.6827926635742
5615	38.7853851318359	30.6949920654297
5620	43.9347152709961	46.0052032470703
5621	43.9347152709961	37.4376525878906
5630	51.6752395629883	39.4173126220703
5631	34.8053245544434	28.1575660705566
5632	49.4523696899414	32.4459190368652
5640	29.5992259979248	31.1361675262451
5641	45.6813201904297	49.6483573913574
6210	32.8939590454102	37.1467132568359
6211	31.7818794250488	37.1467132568359
6212	38.6263580322266	37.1467132568359
6213	34.832820892334	41.2197380065918
6214	37.1371536254883	37.1467132568359
6215	30.6572456359863	37.1467132568359
6216	30.0955677032471	37.1467132568359
6220	33.6920127868652	35.7674102783203
6221	41.7428817749023	40.6432876586914
6226	38.8302230834961	34.6405792236328
6230	35.3203239440918	27.3009185791016
6231	30.7055149078369	31.9730281829834
6232	38.3643684387207	31.3165378570557
6235	35.3970222473145	30.7645683288574
6236	34.1005325317383	30.7645683288574
6240	35.8733673095703	33.2620887756348
6243	33.4056816101074	32.091438293457
6244	38.5821151733398	36.6952018737793
6245	31.8552188873291	30.603401184082
6246	35.0808219909668	32.091438293457
6250	35.6825218200684	30.0048046112061
6251	36.318775177002	32.5218048095703
6252	29.3202457427979	28.0939311981201
6253	35.5167961120605	30.6783256530762
6254	39.7818183898926	38.3335456848145
6257	40.0987854003906	38.2676887512207
6260	30.628942489624	31.9181499481201
6261	35.6478881835938	31.9181499481201
6262	33.4779319763184	33.9649276733398
6270	30.3176822662354	29.7543506622314
6271	26.0757350921631	30.0060939788818
6272	35.1789627075195	31.6622581481934
6273	47.5242881774902	45.6591148376465
6274	40.7025146484375	41.1093559265137
6275	32.5604438781738	31.9447040557861
6280	37.6866912841797	32.4628868103027
6281	33.8872871398926	36.0850639343262
6282	32.4599075317383	34.9185829162598
6283	32.6298904418945	34.2940254211426
6284	44.2022895812988	44.7759284973145
6285	34.4307746887207	32.905143737793
6286	40.3180770874023	32.4848289489746
6310	35.7475852966309	37.4753837585449
6320	28.3265037536621	32.1817779541016
6321	36.4439888000488	39.3869171142578
6322	35.9562835693359	37.4386100769043
6323	31.9926414489746	39.3869171142578
6324	36.7601699829102	39.3869171142578
6325	32.1069183349609	39.1340827941895
6326	33.4270401000977	39.3869171142578
6327	36.0024108886719	43.2660484313965
6328	34.1608276367188	39.3869171142578
6329	38.6874160766602	39.3869171142578
6330	38.2793083190918	42.2156639099121
6331	36.6495971679688	42.8715782165527
6332	40.9817123413086	42.2156639099121
6333	39.9086761474609	44.1255340576172
6340	35.6050109863281	37.6749839782715
6341	36.5572128295898	32.4923858642578
6342	37.5425682067871	37.6749839782715
6343	35.1266136169434	33.3771629333496
6350	35.2737007141113	35.1552276611328
6360	31.3552780151367	28.5228939056396
6361	32.9862251281738	30.0181865692139
6362	35.8453636169434	33.4607162475586
6363	30.787353515625	31.1047668457031
6370	40.5023040771484	36.3366279602051
6371	53.7282676696777	62.4869499206543
6372	37.7336463928223	34.4126853942871
6373	44.1224250793457	47.0531387329102
6410	32.6990356445313	33.9086723327637
6411	39.2378273010254	35.5891265869141
6420	37.3457908630371	34.6144790649414
6421	40.1632919311523	34.6116981506348
6430	34.7471122741699	32.5376510620117
6440	30.629955291748	32.5376510620117
6510	31.9347038269043	30.550910949707
6511	40.0956878662109	30.550910949707
6520	31.5424957275391	27.7408809661865
6521	37.712028503418	36.6256446838379
6530	38.3548355102539	36.6256446838379
6540	49.1815643310547	43.0216255187988
6550	41.4907264709473	40.2154121398926
6560	41.7252197265625	39.7449493408203
6710	37.1608581542969	36.6403198242188
6711	29.7695026397705	27.5131053924561
6720	35.1299133300781	30.7685165405273
6730	32.5557823181152	28.4119071960449
6731	31.2378444671631	29.588846206665
6732	31.2167148590088	28.3288230895996
6740	32.2977752685547	29.3654861450195
6741	31.7693500518799	28.5051612854004
6742	30.2554531097412	28.4700336456299
6743	32.3527679443359	31.4043102264404
6744	28.9359226226807	25.7657108306885
6750	29.0373764038086	28.8056468963623
6751	36.3851928710938	34.3795585632324
6752	30.0403461456299	28.554838180542
6760	32.6798133850098	29.3931217193604
6761	35.0184478759766	31.0143375396729
6762	40.0828819274902	39.914176940918
6763	31.6762371063232	28.5890312194824
6764	34.2843894958496	32.3017883300781
6810	26.44606590271	32.3297157287598
6811	33.4571380615234	32.3017883300781
6820	32.9054679870605	31.165355682373
6830	33.9520072937012	26.545238494873
6840	30.5665988922119	26.7906398773193
6841	32.1786460876465	28.2454795837402
6850	33.7773094177246	29.4129295349121
6910	30.2597484588623	29.5948047637939
6911	34.0039253234863	29.5948047637939
6912	33.7786636352539	29.932445526123
6913	32.7323570251465	29.5358753204346
6914	34.953742980957	29.5948047637939
6915	34.737735748291	30.6622581481934
6920	30.295726776123	30.1799373626709
