OCC60	STDEMPST	USEMPST	MCAMSIS	FCAMSIS
0	-4	4	74.4	62.8
0	-3	3	80.9	63.9
0	0	0	79.51	63.87
0	1	-1	78.2	67.1
0	2	1	78.2	67.1
0	5	2	74.4	67.1
0	6	-2	79.67	63.65
10	-4	4	81.2	73.7
10	-3	3	81.2	73.7
10	0	0	80.38	73.81
10	1	-1	72.4	75.3
10	2	1	72.4	75.3
10	5	2	74.4	75.6
10	6	-2	81.2	73.7
12	-4	4	99	70.1
12	-3	3	79.6	84.9
12	0	0	82.71	84.9
12	1	-1	79.6	75.6
12	2	1	79.6	75.6
12	5	2	74.4	75.6
12	6	-2	82.92	84.9
13	-4	4	83.2	70.1
13	-3	3	83.2	66.7
13	0	0	83.23	69.56
13	1	-1	83.3	75.3
13	2	1	83.3	75.3
13	5	2	74.4	75.6
13	6	-2	83.2	66.7
14	-4	4	85.3	80.4
14	-3	3	75.3	66.7
14	0	0	75.94	71.71
14	1	-1	72.41	75.31
14	2	1	72.4	75.3
14	5	2	74.4	75.6
14	6	-2	77.04	71.03
15	-4	4	72.7	70.1
15	-3	3	72.7	73.7
15	0	0	72.7	73.87
15	1	-1	72.7	75.3
15	2	1	72.7	75.3
15	5	2	74.4	75.6
15	6	-2	72.7	73.7
20	-4	4	78.3	74.3
20	-3	3	78.3	74.3
20	0	0	77.78	83.94
20	1	-1	76.4	95.51
20	2	1	76.4	96.1
20	5	2	74.4	75.6
20	6	-2	78.3	74.3
21	-4	4	91.1	84.9
21	-3	3	79.7	84.9
21	0	0	81.12	84.72
21	1	-1	78.2	65.6
21	2	1	78.2	65.6
21	5	2	74.4	75.6
21	6	-2	81.14	84.9
22	-4	4	78.4	70.1
22	-3	3	71.3	84.9
22	0	0	71.3	68.17
22	1	-1	71.3	65.6
22	2	1	71.3	65.6
22	5	2	74.4	75.6
22	6	-2	71.3	84.9
23	-4	4	63.7	70.1
23	-3	3	63.7	43.9
23	0	0	63.82	43.9
23	1	-1	65	43.9
23	2	1	65	43.9
23	5	2	65	43.9
23	6	-2	63.7	43.9
30	-4	4	78.6	69.6
30	-3	3	78.6	81.7
30	0	0	78.6	81.7
30	1	-1	77.9	67.3
30	2	1	77.9	67.3
30	5	2	77.9	67.3
30	6	-2	78.6	81.7
31	-4	4	91.7	69.6
31	-3	3	78.1	84.5
31	0	0	91.7	77.05
31	1	-1	77.9	67.3
31	2	1	77.9	67.3
31	5	2	77.9	67.3
31	6	-2	91.7	77.05
32	-4	4	67.5	89.8
32	-3	3	90.2	84.5
32	0	0	73.85	87.63
32	1	-1	77.9	67.3
32	2	1	77.9	67.3
32	5	2	77.9	67.3
32	6	-2	73.85	87.63
34	-4	4	97.7	89.8
34	-3	3	90.2	84.5
34	0	0	95.6	87.68
34	1	-1	77.9	67.3
34	2	1	77.9	67.3
34	5	2	77.9	67.3
34	6	-2	95.6	87.68
35	-4	4	93.4	69.6
35	-3	3	99	67.7
35	0	0	95.5	67.97
35	1	-1	77.9	67.3
35	2	1	77.9	67.3
35	5	2	77.9	67.3
35	6	-2	95.5	68.65
40	-4	4	96.8	89.8
40	-3	3	92.2	84.5
40	0	0	95.44	87.15
40	1	-1	77.9	67.3
40	2	1	77.9	67.3
40	5	2	77.9	67.3
40	6	-2	95.44	87.15
41	-4	4	96.8	69.6
41	-3	3	92.2	67.7
41	0	0	95.38	67.97
41	1	-1	77.9	67.3
41	2	1	77.9	67.3
41	5	2	77.9	67.3
41	6	-2	95.38	68.65
42	-4	4	92	89.8
42	-3	3	74.7	84.5
42	0	0	84.31	87.52
42	1	-1	77.9	67.3
42	2	1	77.9	67.3
42	5	2	77.9	67.3
42	6	-2	84.31	87.52
43	-4	4	77.8	89.8
43	-3	3	77.8	84.5
43	0	0	77.8	87.44
43	1	-1	77.8	67.3
43	2	1	77.8	67.3
43	5	2	77.9	67.3
43	6	-2	77.8	87.44
45	-4	4	85.2	69.6
45	-3	3	74.7	84.5
45	0	0	81.35	84.5
45	1	-1	77.9	67.3
45	2	1	77.9	67.3
45	5	2	77.9	67.3
45	6	-2	81.35	84.5
50	-4	4	97.7	89.8
50	-3	3	90.2	84.5
50	0	0	96.09	88.28
50	1	-1	77.9	67.3
50	2	1	77.9	67.3
50	5	2	77.9	67.3
50	6	-2	96.09	88.28
51	-4	4	77.3	69.6
51	-3	3	78.1	84.5
51	0	0	77.8	84.5
51	1	-1	77.9	67.3
51	2	1	77.9	67.3
51	5	2	77.9	67.3
51	6	-2	77.7	84.5
52	-4	4	85.2	89.8
52	-3	3	78.1	67.7
52	0	0	85.2	89.8
52	1	-1	77.9	67.3
52	2	1	77.9	67.3
52	5	2	77.9	67.3
52	6	-2	85.2	89.8
53	-4	4	93.4	83.9
53	-3	3	99	83.5
53	0	0	95.58	83.75
53	1	-1	77.9	83.5
53	2	1	77.9	83.5
53	5	2	77.9	67.3
53	6	-2	95.74	83.76
54	-4	4	85.7	84.8
54	-3	3	99	81.7
54	0	0	92.15	83.25
54	1	-1	99	67.3
54	2	1	99	67.3
54	5	2	77.9	67.3
54	6	-2	92.1	83.25
60	-4	4	88.2	59.5
60	-3	3	87.7	71.9
60	0	0	87.96	66.22
60	1	-1	87.7	67.3
60	2	1	87.7	67.3
60	5	2	77.9	67.3
60	6	-2	87.97	66.22
70	-4	4	77.3	67
70	-3	3	63.7	67
70	0	0	65.5	67.2
70	1	-1	70.9	67.6
70	2	1	70.9	67.6
70	5	2	77.9	67.6
70	6	-2	63.7	67
71	-4	4	91.9	74.5
71	-3	3	91.9	74.5
71	0	0	88.85	71.93
71	1	-1	88.5	66.08
71	2	1	88.5	65.6
71	5	2	77.9	67.3
71	6	-2	91.9	74.5
72	-4	4	72.8	69.7
72	-3	3	76.4	69.7
72	0	0	75.56	71.41
72	1	-1	70.9	79.4
72	2	1	70.9	79.4
72	5	2	77.9	79.4
72	6	-2	76.18	69.7
73	-4	4	71.2	62.6
73	-3	3	71.2	60.7
73	0	0	71.32	61.41
73	1	-1	72.7	62.9
73	2	1	72.7	60.7
73	5	2	77.9	67.3
73	6	-2	71.2	61.4
74	-4	4	68.8	80
74	-3	3	68.1	64.4
74	0	0	68.23	66.84
74	1	-1	72.7	72.1
74	2	1	72.7	73.7
74	5	2	77.9	67.3
74	6	-2	68.17	66.74
75	-4	4	87.7	74.6
75	-3	3	85.1	72.3
75	0	0	84.89	72.48
75	1	-1	76.4	73.7
75	2	1	76.4	73.7
75	5	2	77.9	73.7
75	6	-2	85.29	72.4
80	-4	4	99	69.6
80	-3	3	80.1	76.8
80	0	0	81.45	76.8
80	1	-1	77.9	67.3
80	2	1	77.9	67.3
80	5	2	77.9	67.3
80	6	-2	81.45	76.8
81	-4	4	90.7	69.6
81	-3	3	90.7	76.8
81	0	0	90.52	66.55
81	1	-1	78.7	60.4
81	2	1	78.7	60.4
81	5	2	77.9	67.3
81	6	-2	90.7	76.8
82	-4	4	70.3	60.8
82	-3	3	78.3	60.8
82	0	0	74.78	60.7
82	1	-1	86.6	60.4
82	2	1	86.6	63.85
82	5	2	77.9	60.4
82	6	-2	74.32	60.8
83	-4	4	80.8	60.8
83	-3	3	81.4	60.8
83	0	0	81.31	60.8
83	1	-1	78.7	67.3
83	2	1	78.7	67.3
83	5	2	77.9	67.3
83	6	-2	81.34	60.8
84	-4	4	87.8	60.8
84	-3	3	77.8	60.8
84	0	0	79.62	60.8
84	1	-1	78.7	67.3
84	2	1	78.7	67.3
84	5	2	77.9	67.3
84	6	-2	79.63	60.8
85	-4	4	73.3	76.8
85	-3	3	77.8	76.8
85	0	0	77.41	76.8
85	1	-1	78.7	67.3
85	2	1	78.7	67.3
85	5	2	77.9	67.3
85	6	-2	77.38	76.8
90	-4	4	71.7	69.6
90	-3	3	71.7	76.8
90	0	0	71.75	76.8
90	1	-1	78.7	67.3
90	2	1	78.7	67.3
90	5	2	77.9	67.3
90	6	-2	71.7	76.8
91	-4	4	83.4	69.6
91	-3	3	83.4	67.7
91	0	0	83.23	67.97
91	1	-1	78.7	67.3
91	2	1	78.7	67.3
91	5	2	77.9	67.3
91	6	-2	83.4	68.65
92	-4	4	89.4	69.6
92	-3	3	89.4	76.8
92	0	0	88.74	76.8
92	1	-1	74.7	67.3
92	2	1	74.7	67.3
92	5	2	77.9	67.3
92	6	-2	89.4	76.8
93	-4	4	71.1	69.6
93	-3	3	79	76.8
93	0	0	77.28	76.8
93	1	-1	74.7	67.3
93	2	1	74.7	67.3
93	5	2	77.9	67.3
93	6	-2	77.5	76.8
101	-4	4	77.3	65.8
101	-3	3	49.2	65.8
101	0	0	52.83	68.4
101	1	-1	57.9	73.2
101	2	1	57.9	73.7
101	5	2	77.9	67.3
101	6	-2	49.2	65.8
102	-4	4	66.5	62.1
102	-3	3	78.1	80.7
102	0	0	66.5	69.44
102	1	-1	77.9	67.3
102	2	1	77.9	67.3
102	5	2	77.9	67.3
102	6	-2	66.5	69.44
103	-4	4	59.2	55.8
103	-3	3	69	55.8
103	0	0	61.34	55.8
103	1	-1	69	67.3
103	2	1	69	67.3
103	5	2	77.9	67.3
103	6	-2	61.17	55.8
104	-4	4	65.8	69.6
104	-3	3	65.8	67.7
104	0	0	67.64	67.65
104	1	-1	70.3	67.64
104	2	1	70.3	67.9
104	5	2	77.9	67.3
104	6	-2	65.8	67.7
105	-4	4	83.1	73.9
105	-3	3	92.7	73.9
105	0	0	81.1	73.69
105	1	-1	76.3	73.44
105	2	1	76.3	73.9
105	5	2	76.3	67.3
105	6	-2	88.75	73.9
111	-4	4	85.9	68.2
111	-3	3	63.4	66.2
111	0	0	76.69	67.57
111	1	-1	77.9	66.2
111	2	1	77.9	66.2
111	5	2	77.9	66.2
111	6	-2	76.69	67.57
120	-4	4	81.8	73.3
120	-3	3	63.1	65.3
120	0	0	69.5	67.4
120	1	-1	66.5	66.2
120	2	1	66.5	66.2
120	5	2	77.9	67.3
120	6	-2	70.19	68.18
130	-4	4	70.7	55.8
130	-3	3	70.7	55.8
130	0	0	70.86	57.84
130	1	-1	73.1	60.4
130	2	1	73.1	60
130	5	2	74	60.4
130	6	-2	70.7	55.8
131	-4	4	85.9	89.1
131	-3	3	99	89.1
131	0	0	88.45	88.25
131	1	-1	73.1	59.6
131	2	1	73.1	59.6
131	5	2	74	59.6
131	6	-2	90.71	89.1
134	-4	4	79	89.1
134	-3	3	92.3	89.1
134	0	0	86.67	81.05
134	1	-1	73.1	59.6
134	2	1	73.1	59.6
134	5	2	74	59.6
134	6	-2	89.76	89.1
135	-4	4	79.9	90
135	-3	3	88.3	90
135	0	0	83.9	90
135	1	-1	79.9	59.6
135	2	1	79.9	59.6
135	5	2	74	59.6
135	6	-2	84	90
140	-4	4	99	90
140	-3	3	95.8	90
140	0	0	97.02	90
140	1	-1	74	59.6
140	2	1	74	59.6
140	5	2	74	59.6
140	6	-2	97.02	90
145	-4	4	74.7	90
145	-3	3	74.7	90
145	0	0	74.7	90
145	1	-1	74	59.6
145	2	1	74	59.6
145	5	2	74	59.6
145	6	-2	74.7	90
150	-4	4	42.2	58.4
150	-3	3	53.1	61.2
150	0	0	46.49	60.37
150	1	-1	42.2	58.3
150	2	1	42.2	58.3
150	5	2	74	58.3
150	6	-2	46.95	60.57
151	-4	4	42.2	42.8
151	-3	3	79.6	50.6
151	0	0	42.2	48.96
151	1	-1	74	59.6
151	2	1	74	59.6
151	5	2	74	59.6
151	6	-2	42.2	48.96
152	-4	4	73.9	74.5
152	-3	3	80.2	74.5
152	0	0	78.85	70.45
152	1	-1	78.6	65.6
152	2	1	78.6	65.6
152	5	2	74	59.6
152	6	-2	80.2	74.5
153	-4	4	73.9	61.5
153	-3	3	80.2	63.3
153	0	0	78.76	65.6
153	1	-1	78.6	65.6
153	2	1	78.6	65.6
153	5	2	74	59.6
153	6	-2	80.2	62.4
154	-4	4	72.9	67.8
154	-3	3	83	64.2
154	0	0	80.13	65.47
154	1	-1	89.4	66.1
154	2	1	89.4	66.1
154	5	2	74	66.1
154	6	-2	79.91	65.46
160	-4	4	71.2	74.5
160	-3	3	71.2	74.5
160	0	0	74.43	72.44
160	1	-1	80.07	63.35
160	2	1	80.1	65.6
160	5	2	74	59.6
160	6	-2	71.2	74.5
161	-4	4	78.7	56.6
161	-3	3	68.7	56.6
161	0	0	71.39	59.01
161	1	-1	74	66.71
161	2	1	74	67.9
161	5	2	74	59.6
161	6	-2	70.1	56.6
162	-4	4	90.2	80.7
162	-3	3	88.3	79.1
162	0	0	77.33	83.7
162	1	-1	70	91.09
162	2	1	70	91.9
162	5	2	74	59.6
162	6	-2	89.15	79.97
163	-4	4	77.3	84.9
163	-3	3	94.7	84.9
163	0	0	91.96	82.34
163	1	-1	89.4	65.45
163	2	1	89.4	66.1
163	5	2	74	59.6
163	6	-2	92.15	84.9
164	-4	4	63.2	50.3
164	-3	3	63.9	50.3
164	0	0	63.37	50.3
164	1	-1	74	59.6
164	2	1	74	59.6
164	5	2	74	59.6
164	6	-2	63.37	50.3
165	-4	4	68.2	64
165	-3	3	71.6	77.7
165	0	0	70.49	72.71
165	1	-1	71.6	66.1
165	2	1	71.6	66.1
165	5	2	71.6	66.1
165	6	-2	70.45	72.85
170	-4	4	73.3	66.1
170	-3	3	73.3	66.1
170	0	0	73.3	65.66
170	1	-1	73.3	62.5
170	2	1	73.3	62.5
170	5	2	73.3	62.5
170	6	-2	73.3	66.1
171	-4	4	70.2	69.5
171	-3	3	93.7	77.2
171	0	0	74.82	71.53
171	1	-1	80.56	60.76
171	2	1	74	62.5
171	5	2	93.7	59.6
171	6	-2	74.77	71.61
172	-4	4	99	82.9
172	-3	3	87.2	82.9
172	0	0	89.02	82.3
172	1	-1	80.2	68.5
172	2	1	80.2	68.5
172	5	2	76.4	68.5
172	6	-2	90.91	82.9
173	-4	4	90.1	90.2
173	-3	3	99	90.2
173	0	0	93.18	87.88
173	1	-1	99	79.3
173	2	1	99	79.3
173	5	2	76.4	68.5
173	6	-2	92.78	90.2
174	-4	4	85.3	72.8
174	-3	3	78.5	71.1
174	0	0	80.43	71.65
174	1	-1	80.2	71.1
174	2	1	80.2	71.1
174	5	2	76.4	68.5
174	6	-2	80.44	71.66
175	-4	4	85.3	82.9
175	-3	3	78.5	82.9
175	0	0	84.16	82.9
175	1	-1	76.4	82.9
175	2	1	76.4	82.9
175	5	2	76.4	68.5
175	6	-2	84.16	82.9
180	-4	4	82.4	75.4
180	-3	3	68	69.6
180	0	0	77.54	73.1
180	1	-1	71.1	66.1
180	2	1	71.1	66.1
180	5	2	76.4	66.1
180	6	-2	77.88	73.42
181	-4	4	55.2	65
181	-3	3	64	65
181	0	0	59.85	65
181	1	-1	64.6	68.5
181	2	1	64.6	68.5
181	5	2	76.4	68.5
181	6	-2	59.44	65
182	-4	4	62.7	64.3
182	-3	3	69.8	65.1
182	0	0	63.35	64.36
182	1	-1	99	59.1
182	2	1	99	59.1
182	5	2	76.4	59.1
182	6	-2	63.29	64.39
183	-4	4	74.1	67.8
183	-3	3	78.4	65.8
183	0	0	74.41	67.66
183	1	-1	99	71.6
183	2	1	99	71.6
183	5	2	76.4	68.5
183	6	-2	74.39	67.65
184	-4	4	67	67.5
184	-3	3	72.7	69.7
184	0	0	71.43	68.99
184	1	-1	99	71.6
184	2	1	99	71.6
184	5	2	76.4	71.6
184	6	-2	69.21	68.69
185	-4	4	60.1	59
185	-3	3	65.1	64
185	0	0	64.88	62.72
185	1	-1	77.2	60.4
185	2	1	77.2	60.4
185	5	2	77.2	60.4
185	6	-2	63.51	62.75
190	-4	4	62.7	51.3
190	-3	3	66.2	51.3
190	0	0	65.64	51.44
190	1	-1	64.6	60.4
190	2	1	64.6	60.4
190	5	2	76.4	68.5
190	6	-2	65.64	51.3
191	-4	4	64.5	65
191	-3	3	65.2	57.2
191	0	0	65.09	58.17
191	1	-1	64.6	68.5
191	2	1	64.6	68.5
191	5	2	76.4	68.5
191	6	-2	65.09	58.17
192	-4	4	65.6	60.5
192	-3	3	62.2	56.8
192	0	0	63.53	58.02
192	1	-1	64.6	60.4
192	2	1	64.6	60.4
192	5	2	76.4	68.5
192	6	-2	63.51	58.01
193	-4	4	71.6	71.2
193	-3	3	63.9	71.5
193	0	0	72.6	72.2
193	1	-1	81.8	79.3
193	2	1	81.8	79.3
193	5	2	76.4	68.5
193	6	-2	67.69	71.35
194	-4	4	76.5	65.5
194	-3	3	76.5	65.4
194	0	0	76.7	68.5
194	1	-1	76.8	68.5
194	2	1	76.8	68.5
194	5	2	76.4	68.5
194	6	-2	76.5	65.45
195	-4	4	79.7	71
195	-3	3	73.9	70.9
195	0	0	75.49	70.8
195	1	-1	71.1	67.9
195	2	1	71.1	67.9
195	5	2	76.4	67.9
195	6	-2	75.76	70.94
200	-4	4	55.3	36.8
200	-3	3	55.3	36.8
200	0	0	46.3	36.8
200	1	-1	46.3	36.8
200	2	1	46.3	36.8
200	5	2	46.3	36.8
200	6	-2	55.3	36.8
222	-4	4	55.3	36.8
222	-3	3	55.3	36.8
222	0	0	55.24	36.8
222	1	-1	46.3	36.8
222	2	1	46.3	36.8
222	5	2	46.3	36.8
222	6	-2	55.3	36.8
250	-4	4	69.3	66.7
250	-3	3	69.3	66.7
250	0	0	68.61	66.2
250	1	-1	63.95	59.85
250	2	1	64.1	63.9
250	5	2	52.3	46.6
250	6	-2	69.3	66.7
251	-4	4	64.4	57.1
251	-3	3	58.7	66.7
251	0	0	50.06	65.3
251	1	-1	45.3	63.9
251	2	1	45.3	63.9
251	5	2	52.3	46.6
251	6	-2	58.7	66.7
252	-4	4	58	57.1
252	-3	3	58	61.9
252	0	0	58	61.9
252	1	-1	59.8	51.4
252	2	1	56.05	49
252	5	2	52.3	46.6
252	6	-2	58	61.9
253	-4	4	76.5	64.6
253	-3	3	76.5	64.6
253	0	0	76.32	64.47
253	1	-1	65.2	46.6
253	2	1	65.2	49
253	5	2	52.3	46.6
253	6	-2	76.5	64.6
254	-4	4	64.4	57.1
254	-3	3	66.5	53.8
254	0	0	66.5	53.49
254	1	-1	59.8	46.6
254	2	1	56.05	49
254	5	2	52.3	46.6
254	6	-2	66.5	53.8
260	-4	4	59.1	61.1
260	-3	3	68.9	62.3
260	0	0	59.1	61.1
260	1	-1	59.8	51.4
260	2	1	56.05	49
260	5	2	52.3	46.6
260	6	-2	59.1	61.1
262	-4	4	51.9	48.6
262	-3	3	51.9	48.6
262	0	0	52.42	50.2
262	1	-1	55	55.51
262	2	1	55	59.3
262	5	2	52.3	46.6
262	6	-2	51.9	48.6
265	-4	4	46	57.1
265	-3	3	51.1	61.9
265	0	0	50.83	61.9
265	1	-1	55	51.4
265	2	1	55	49
265	5	2	52.3	46.6
265	6	-2	50.58	61.9
270	-4	4	67.4	59.7
270	-3	3	68.9	62.3
270	0	0	67.4	59.7
270	1	-1	59.8	51.4
270	2	1	56.05	49
270	5	2	52.3	46.6
270	6	-2	67.4	59.7
275	-4	4	64.4	57.1
275	-3	3	67.9	71.6
275	0	0	67.9	71.6
275	1	-1	59.8	51.4
275	2	1	56.05	49
275	5	2	52.3	46.6
275	6	-2	67.9	71.6
280	-4	4	64.3	47.6
280	-3	3	68.9	62.3
280	0	0	64.3	47.6
280	1	-1	59.8	51.4
280	2	1	56.05	49
280	5	2	52.3	46.6
280	6	-2	64.3	47.6
285	-4	4	66.2	69.9
285	-3	3	76.4	67.2
285	0	0	75.01	67.67
285	1	-1	65.2	62.17
285	2	1	65.2	63.9
285	5	2	52.3	46.6
285	6	-2	75.3	68.11
290	-4	4	64	55.8
290	-3	3	69.2	61.9
290	0	0	64.94	56.25
290	1	-1	59.78	50.4
290	2	1	59.8	51.1
290	5	2	52.3	46.6
290	6	-2	69	61.35
301	-4	4	72	62.6
301	-3	3	76.2	71.4
301	0	0	74.79	69.26
301	1	-1	74.75	85.6
301	2	1	75.2	85.6
301	5	2	52.3	85.6
301	6	-2	74.8	68.6
302	-4	4	54.9	68.8
302	-3	3	54.9	73.5
302	0	0	54.9	70
302	1	-1	67.6	85.6
302	2	1	67.6	76.75
302	5	2	67.6	85.6
302	6	-2	54.9	69.89
303	-4	4	54.9	60.6
303	-3	3	54.9	65.3
303	0	0	54.9	66.34
303	1	-1	54.9	85.6
303	2	1	54.9	85.6
303	5	2	67.6	85.6
303	6	-2	54.9	65.2
304	-4	4	55.6	62.6
304	-3	3	50.7	71.4
304	0	0	50.7	70.14
304	1	-1	67.6	67.9
304	2	1	67.6	66.15
304	5	2	67.6	64.4
304	6	-2	50.7	70.14
305	-4	4	69.1	57.1
305	-3	3	69.1	64.9
305	0	0	69.1	64.7
305	1	-1	67.6	67.9
305	2	1	67.6	66.15
305	5	2	67.6	64.4
305	6	-2	69.1	64.7
310	-4	4	52.4	62.6
310	-3	3	63.4	62.6
310	0	0	62.69	62.59
310	1	-1	71.5	62.58
310	2	1	74.7	65.4
310	5	2	52.3	61.7
310	6	-2	62.36	62.6
312	-4	4	50.5	56.6
312	-3	3	56.2	54.9
312	0	0	56.11	55.06
312	1	-1	63.08	56.82
312	2	1	67.4	56.2
312	5	2	52.3	57.1
312	6	-2	55.76	54.96
313	-4	4	58.9	59.8
313	-3	3	58.9	59.8
313	0	0	59.59	59.72
313	1	-1	67.41	58.25
313	2	1	67.4	56.2
313	5	2	67.6	64.4
313	6	-2	58.9	59.8
314	-4	4	56.6	51.8
314	-3	3	59.1	44.6
314	0	0	58.72	47.24
314	1	-1	61.2	54.9
314	2	1	61.2	54.9
314	5	2	67.6	54.9
314	6	-2	58.7	46.11
315	-4	4	53	63
315	-3	3	53	44.6
315	0	0	53	44.6
315	1	-1	67.6	67.9
315	2	1	67.6	66.15
315	5	2	67.6	64.4
315	6	-2	53	44.6
320	-4	4	58.7	57.1
320	-3	3	55.2	57.2
320	0	0	56.57	57.18
320	1	-1	67.6	56.74
320	2	1	67.6	56.2
320	5	2	67.6	57.1
320	6	-2	56.57	57.18
321	-4	4	85.3	71.8
321	-3	3	85.3	71.8
321	0	0	84.92	71.96
321	1	-1	74.7	85.6
321	2	1	74.7	85.6
321	5	2	67.6	64.4
321	6	-2	85.3	71.8
323	-4	4	53.8	39.9
323	-3	3	57.8	62.6
323	0	0	53.8	39.9
323	1	-1	67.6	67.9
323	2	1	67.6	66.15
323	5	2	67.6	64.4
323	6	-2	53.8	39.9
324	-4	4	44.8	67.4
324	-3	3	48.7	50.3
324	0	0	48.36	54.48
324	1	-1	55.26	54.9
324	2	1	61.2	54.9
324	5	2	52.3	64.4
324	6	-2	48.23	54.48
325	-4	4	59.1	55.9
325	-3	3	65.7	60
325	0	0	64.58	59.5
325	1	-1	67.6	59.65
325	2	1	67.6	54.9
325	5	2	67.6	64.4
325	6	-2	64.57	59.5
333	-4	4	55.6	68.8
333	-3	3	62	61
333	0	0	61.47	61.85
333	1	-1	67.6	54.9
333	2	1	67.6	54.9
333	5	2	67.6	54.9
333	6	-2	61.47	61.88
340	-4	4	55.4	49.3
340	-3	3	57.8	62.6
340	0	0	55.4	49.3
340	1	-1	67.6	67.9
340	2	1	67.6	66.15
340	5	2	67.6	64.4
340	6	-2	55.4	49.3
341	-4	4	70.6	63.3
341	-3	3	70.6	66.9
341	0	0	70.6	67.11
341	1	-1	67.6	76.11
341	2	1	67.6	87.7
341	5	2	67.6	72.7
341	6	-2	70.6	66.7
342	-4	4	78.7	70.7
342	-3	3	58.5	70.1
342	0	0	61.93	70.24
342	1	-1	61.2	72.32
342	2	1	61.2	71.2
342	5	2	67.6	72.7
342	6	-2	61.96	70.19
343	-4	4	46.2	49.9
343	-3	3	46.3	49.9
343	0	0	46.33	49.91
343	1	-1	61.2	54.9
343	2	1	61.2	54.9
343	5	2	61.2	64.4
343	6	-2	46.29	49.9
345	-4	4	61.7	65
345	-3	3	61.7	66.6
345	0	0	61.87	66.42
345	1	-1	74.7	87.3
345	2	1	74.7	87.3
345	5	2	67.6	87.3
345	6	-2	61.7	66.19
350	-4	4	50.3	51.5
350	-3	3	49.2	50.2
350	0	0	49.37	50.42
350	1	-1	61.2	54.9
350	2	1	61.2	54.9
350	5	2	61.2	54.9
350	6	-2	49.33	50.39
351	-4	4	55.6	63
351	-3	3	40.4	57.6
351	0	0	40.4	57.6
351	1	-1	67.6	67.9
351	2	1	67.6	66.15
351	5	2	67.6	64.4
351	6	-2	40.4	57.6
352	-4	4	57.7	59.2
352	-3	3	57.7	59.2
352	0	0	57.7	59.2
352	1	-1	67.6	67.9
352	2	1	67.6	66.15
352	5	2	67.6	64.4
352	6	-2	57.7	59.2
353	-4	4	51.2	59.9
353	-3	3	51.2	57.6
353	0	0	51.2	57.73
353	1	-1	67.6	66.53
353	2	1	67.6	65.8
353	5	2	67.6	66.9
353	6	-2	51.2	57.71
354	-4	4	65.7	75.8
354	-3	3	65.7	75.8
354	0	0	65.67	75.9
354	1	-1	61.2	85.6
354	2	1	61.2	76.75
354	5	2	67.6	85.6
354	6	-2	65.7	75.8
360	-4	4	44.4	61.4
360	-3	3	57.6	61.7
360	0	0	53.53	61.73
360	1	-1	67.6	73.8
360	2	1	67.6	73.8
360	5	2	67.6	73.8
360	6	-2	53.53	61.62
370	-4	4	55.8	61.9
370	-3	3	59.4	60.4
370	0	0	58.65	60.86
370	1	-1	61.2	66.58
370	2	1	61.2	65.8
370	5	2	61.2	66.9
370	6	-2	58.62	60.68
380	-4	4	50.8	55.1
380	-3	3	77.3	72.2
380	0	0	76.15	72.15
380	1	-1	63.9	71.8
380	2	1	63.9	74
380	5	2	66.2	54.2
380	6	-2	77.3	72.2
381	-4	4	50.8	55.1
381	-3	3	63.8	57.5
381	0	0	56.6	57.5
381	1	-1	52.8	57.3
381	2	1	52.8	55.75
381	5	2	66.2	54.2
381	6	-2	63.8	57.5
382	-4	4	50.8	57.5
382	-3	3	47.6	57.5
382	0	0	49.08	57.31
382	1	-1	52.8	53.1
382	2	1	52.8	53
382	5	2	66.2	54.2
382	6	-2	47.6	57.5
383	-4	4	47.6	55.1
383	-3	3	47.6	58.2
383	0	0	46.44	57.4
383	1	-1	44.99	45.7
383	2	1	44.7	45.7
383	5	2	66.2	54.2
383	6	-2	47.6	58.2
385	-4	4	73.5	65.8
385	-3	3	73.5	65.8
385	0	0	73.74	66.33
385	1	-1	75	70.1
385	2	1	75	70.1
385	5	2	66.2	70.1
385	6	-2	73.5	65.8
390	-4	4	52	55.1
390	-3	3	52	55.4
390	0	0	52.05	53.77
390	1	-1	53.3	45.7
390	2	1	53.3	45.7
390	5	2	66.2	45.7
390	6	-2	52	55.4
393	-4	4	71.9	72.6
393	-3	3	71.9	72.6
393	0	0	69.57	72.97
393	1	-1	66.79	74
393	2	1	66.8	74
393	5	2	66.2	74
393	6	-2	71.9	72.6
394	-4	4	50.8	55.1
394	-3	3	63.8	56.3
394	0	0	63.77	56.12
394	1	-1	64.03	54.36
394	2	1	63.9	54.6
394	5	2	66.2	54.2
394	6	-2	63.72	56.29
395	-4	4	50.8	55.1
395	-3	3	71.3	56.3
395	0	0	71.33	55.85
395	1	-1	71.6	54.4
395	2	1	71.6	54.6
395	5	2	66.2	54.2
395	6	-2	71.3	56.3
401	-4	4	22.9	33.8
401	-3	3	42.7	37.4
401	0	0	43.52	41.3
401	1	-1	52.96	61.7
401	2	1	53.1	61.7
401	5	2	38.7	61.7
401	6	-2	41.98	37.04
402	-4	4	39.5	46.7
402	-3	3	39.5	48.2
402	0	0	38.03	48.2
402	1	-1	33.62	62
402	2	1	33.4	62
402	5	2	41.2	62
402	6	-2	39.5	48.2
403	-4	4	43.1	48.2
403	-3	3	52.4	47.5
403	0	0	51.79	48.2
403	1	-1	68.8	62
403	2	1	68.8	62
403	5	2	38.7	62
403	6	-2	51.6	48.2
404	-4	4	50.3	46.4
404	-3	3	50.3	46.4
404	0	0	51.28	46.78
404	1	-1	67.2	70.02
404	2	1	67.2	72.7
404	5	2	38.7	62
404	6	-2	50.3	46.4
405	-4	4	42.5	46.7
405	-3	3	40.2	48.2
405	0	0	40.93	48.2
405	1	-1	44.38	62
405	2	1	44.4	62
405	5	2	41.2	62
405	6	-2	40.24	48.2
410	-4	4	43.1	42.5
410	-3	3	47.4	42.5
410	0	0	51.6	42.83
410	1	-1	68.8	43.6
410	2	1	68.8	43.6
410	5	2	38.7	62
410	6	-2	47.25	42.5
411	-4	4	44.5	42.5
411	-3	3	41.1	42.5
411	0	0	41.41	42.63
411	1	-1	42.09	43.6
411	2	1	42.1	43.6
411	5	2	41.2	62
411	6	-2	41.25	42.5
413	-4	4	27.4	46.7
413	-3	3	27.4	48.2
413	0	0	27.24	48.2
413	1	-1	25.7	62
413	2	1	25.7	62
413	5	2	38.7	62
413	6	-2	27.4	48.2
414	-4	4	55.6	48.4
414	-3	3	58.9	48.4
414	0	0	59.25	49.75
414	1	-1	66.51	72.7
414	2	1	67.2	72.7
414	5	2	41.2	72.7
414	6	-2	58.78	48.4
415	-4	4	40.9	46.7
415	-3	3	40.1	48.2
415	0	0	40.16	48.2
415	1	-1	44.4	62
415	2	1	44.4	62
415	5	2	38.7	62
415	6	-2	40.13	48.2
420	-4	4	68.6	46.7
420	-3	3	68.6	62.8
420	0	0	68.73	63.26
420	1	-1	69.2	65.2
420	2	1	69.2	65.2
420	5	2	38.7	65.2
420	6	-2	68.6	62.8
421	-4	4	51.8	52.9
421	-3	3	54.9	52.9
421	0	0	54.55	52.66
421	1	-1	55.2	43.6
421	2	1	55.2	52.8
421	5	2	38.7	43.6
421	6	-2	54.5	52.9
423	-4	4	47.5	46.7
423	-3	3	71.5	52.9
423	0	0	71.5	49.8
423	1	-1	46.6	43.6
423	2	1	42.65	43.6
423	5	2	38.7	62
423	6	-2	71.5	52.9
424	-4	4	53.1	51.8
424	-3	3	53.1	51.8
424	0	0	53.33	52.79
424	1	-1	55.2	72.7
424	2	1	55.2	72.7
424	5	2	38.7	62
424	6	-2	53.1	51.8
425	-4	4	39.2	46.7
425	-3	3	41.8	48.2
425	0	0	41.46	47.43
425	1	-1	48.4	43.6
425	2	1	48.4	43.6
425	5	2	38.7	62
425	6	-2	41.15	48.2
430	-4	4	50.6	36.4
430	-3	3	53.9	49.7
430	0	0	53.65	49.44
430	1	-1	46.6	62
430	2	1	42.65	62
430	5	2	38.7	62
430	6	-2	53.65	49.41
431	-4	4	47.5	46.7
431	-3	3	37.9	48.2
431	0	0	37.9	49.73
431	1	-1	46.6	62
431	2	1	42.65	62
431	5	2	38.7	62
431	6	-2	37.9	48.2
432	-4	4	47.5	46.7
432	-3	3	56.2	48.2
432	0	0	56.24	48.58
432	1	-1	56.5	49.73
432	2	1	56.5	43.6
432	5	2	38.7	62
432	6	-2	56.2	48.2
434	-4	4	50	46.7
434	-3	3	50	32.2
434	0	0	50.24	32.2
434	1	-1	53.26	62
434	2	1	56.5	62
434	5	2	38.7	62
434	6	-2	50	32.2
435	-4	4	38.7	46.7
435	-3	3	38.7	32.2
435	0	0	38.8	32.2
435	1	-1	56.5	62
435	2	1	56.5	62
435	5	2	38.7	62
435	6	-2	38.7	32.2
444	-4	4	36.1	46.7
444	-3	3	36.1	41.7
444	0	0	36.1	41.7
444	1	-1	46.6	62
444	2	1	42.65	62
444	5	2	38.7	62
444	6	-2	36.1	41.7
450	-4	4	60.2	41.7
450	-3	3	54.8	41.7
450	0	0	56.31	41.71
450	1	-1	52.67	43.6
450	2	1	56.5	43.6
450	5	2	41.2	62
450	6	-2	56.33	41.7
451	-4	4	53.9	49.4
451	-3	3	53.9	49.4
451	0	0	51.7	53.37
451	1	-1	48.5	72.7
451	2	1	48.5	72.7
451	5	2	48.5	62
451	6	-2	53.9	49.4
452	-4	4	45.1	46.7
452	-3	3	45.1	32.2
452	0	0	45.1	32.2
452	1	-1	46.6	62
452	2	1	42.65	62
452	5	2	38.7	62
452	6	-2	45.1	32.2
453	-4	4	57.3	46.7
453	-3	3	61.6	59
453	0	0	61.36	59
453	1	-1	41.2	62
453	2	1	43.9	62
453	5	2	41.2	62
453	6	-2	61.37	59
454	-4	4	58	46.7
454	-3	3	58	47.5
454	0	0	58	54.55
454	1	-1	46.6	62
454	2	1	42.65	62
454	5	2	38.7	62
454	6	-2	58	47.1
460	-4	4	51.7	46.7
460	-3	3	51.7	47.5
460	0	0	51.7	54.55
460	1	-1	46.6	62
460	2	1	42.65	62
460	5	2	38.7	62
460	6	-2	51.7	47.1
461	-4	4	47.5	46.7
461	-3	3	32.4	37
461	0	0	32.4	37
461	1	-1	46.6	62
461	2	1	42.65	62
461	5	2	38.7	62
461	6	-2	32.4	37
465	-4	4	51.3	46.7
465	-3	3	47.2	37
465	0	0	47.51	37.19
465	1	-1	53.77	62
465	2	1	54.1	62
465	5	2	41.2	62
465	6	-2	47.45	37
470	-4	4	51.1	46.7
470	-3	3	49.4	45.3
470	0	0	50.01	45.3
470	1	-1	52.4	62
470	2	1	52.4	62
470	5	2	38.7	62
470	6	-2	49.58	45.3
471	-4	4	48.6	52.4
471	-3	3	57.7	52.4
471	0	0	54.63	52.4
471	1	-1	52.4	62
471	2	1	52.4	62
471	5	2	38.7	62
471	6	-2	54.64	52.4
472	-4	4	44.4	46.7
472	-3	3	42.8	49.2
472	0	0	43.14	50
472	1	-1	44.67	62
472	2	1	44.7	62
472	5	2	41.2	62
472	6	-2	42.88	49.2
473	-4	4	55.7	46.7
473	-3	3	64.8	45.3
473	0	0	64.03	45.3
473	1	-1	52.9	62
473	2	1	52.9	62
473	5	2	52.9	62
473	6	-2	64.41	45.3
474	-4	4	55.7	36.1
474	-3	3	52.4	36.1
474	0	0	52.98	42.41
474	1	-1	52.9	72.7
474	2	1	52.9	72.7
474	5	2	52.9	72.7
474	6	-2	53.02	36.1
475	-4	4	43.5	46.7
475	-3	3	43.5	45.3
475	0	0	43.5	45.3
475	1	-1	46.6	62
475	2	1	42.65	62
475	5	2	38.7	62
475	6	-2	43.5	45.3
480	-4	4	44	35.7
480	-3	3	44.9	45.3
480	0	0	45	45.63
480	1	-1	50.38	72.7
480	2	1	50.7	72.7
480	5	2	41.2	72.7
480	6	-2	44.76	44.47
490	-4	4	47.5	46.7
490	-3	3	25.6	47.5
490	0	0	28.56	54.55
490	1	-1	45.7	62
490	2	1	45.7	62
490	5	2	38.7	62
490	6	-2	25.6	47.1
491	-4	4	43.7	46.7
491	-3	3	43.7	47.5
491	0	0	43.7	54.55
491	1	-1	45.7	62
491	2	1	45.7	62
491	5	2	38.7	62
491	6	-2	43.7	47.1
492	-4	4	32.4	46.7
492	-3	3	32.4	32.6
492	0	0	32.5	32.6
492	1	-1	45.7	62
492	2	1	45.7	62
492	5	2	38.7	62
492	6	-2	32.4	32.6
493	-4	4	57.5	46.7
493	-3	3	57.5	46.5
493	0	0	57.4	46.5
493	1	-1	54.15	62
493	2	1	59.3	62
493	5	2	38.7	62
493	6	-2	57.5	46.5
494	-4	4	52.7	46.5
494	-3	3	52.7	46.5
494	0	0	53.25	47.09
494	1	-1	59.3	72.7
494	2	1	59.3	72.7
494	5	2	38.7	62
494	6	-2	52.7	46.5
495	-4	4	43.1	44.1
495	-3	3	40.1	44.1
495	0	0	41.19	52.98
495	1	-1	42.92	74.63
495	2	1	43	77.9
495	5	2	36.4	62
495	6	-2	40.42	44.1
501	-4	4	47.5	46.7
501	-3	3	43.1	17.2
501	0	0	44.35	29.87
501	1	-1	45.32	43.6
501	2	1	45.5	43.6
501	5	2	38.7	62
501	6	-2	43.1	17.2
502	-4	4	65	46.7
502	-3	3	56.6	32.5
502	0	0	57.04	32.5
502	1	-1	59.3	62
502	2	1	59.3	62
502	5	2	38.7	62
502	6	-2	56.99	32.5
503	-4	4	70.4	32.5
503	-3	3	70.4	32.5
503	0	0	69.66	32.5
503	1	-1	59.3	62
503	2	1	59.3	62
503	5	2	38.7	62
503	6	-2	70.4	32.5
504	-4	4	47.5	46.7
504	-3	3	70.4	32.5
504	0	0	64.85	32.5
504	1	-1	59.3	62
504	2	1	59.3	62
504	5	2	38.7	62
504	6	-2	70.4	32.5
505	-4	4	39.4	46.7
505	-3	3	39.4	17.2
505	0	0	40.39	17.2
505	1	-1	44.3	62
505	2	1	44.3	62
505	5	2	38.7	62
505	6	-2	39.4	17.2
510	-4	4	44.8	46.7
510	-3	3	50.4	48.2
510	0	0	49.69	50.7
510	1	-1	48.4	62
510	2	1	48.5	62
510	5	2	36.4	62
510	6	-2	49.91	48.2
512	-4	4	65	56.1
512	-3	3	58.6	56.1
512	0	0	58.75	56.1
512	1	-1	50.75	62
512	2	1	56.5	62
512	5	2	36.4	62
512	6	-2	58.85	56.1
513	-4	4	47.5	46.7
513	-3	3	41	17.2
513	0	0	41	17.2
513	1	-1	46.6	62
513	2	1	42.65	62
513	5	2	38.7	62
513	6	-2	41	17.2
514	-4	4	34.3	46.7
514	-3	3	34.3	47.5
514	0	0	36.33	54.55
514	1	-1	45.73	62
514	2	1	46	62
514	5	2	36.4	62
514	6	-2	34.3	47.1
515	-4	4	33.8	46.7
515	-3	3	33.8	46.9
515	0	0	38.79	47.22
515	1	-1	41.64	47.5
515	2	1	41.9	47.5
515	5	2	36.4	47.5
515	6	-2	33.8	46.9
520	-4	4	50.4	35.7
520	-3	3	59.7	45.3
520	0	0	58.05	44.9
520	1	-1	56.5	62
520	2	1	56.5	62
520	5	2	38.7	62
520	6	-2	58.06	44.9
521	-4	4	47.5	46.7
521	-3	3	38.9	42.3
521	0	0	40.71	42.3
521	1	-1	45.7	62
521	2	1	45.7	62
521	5	2	38.7	62
521	6	-2	38.9	42.3
523	-4	4	51.5	46.7
523	-3	3	45.5	42.3
523	0	0	46.1	42.58
523	1	-1	45.7	43.6
523	2	1	45.7	43.6
523	5	2	38.7	62
523	6	-2	46.11	42.3
524	-4	4	44.4	46.9
524	-3	3	44.4	46.9
524	0	0	45.35	47.01
524	1	-1	47.52	47.5
524	2	1	47.9	47.5
524	5	2	36.4	47.5
524	6	-2	44.4	46.9
525	-4	4	52.1	40.6
525	-3	3	49.3	40.6
525	0	0	49.94	40.6
525	1	-1	63.3	62
525	2	1	63.3	62
525	5	2	38.7	62
525	6	-2	49.58	40.6
530	-4	4	59.6	46.7
530	-3	3	53	42.3
530	0	0	53.41	43.28
530	1	-1	72.2	62
530	2	1	72.2	62
530	5	2	38.7	62
530	6	-2	53.1	42.3
535	-4	4	42.8	37.5
535	-3	3	42.8	37.5
535	0	0	45.71	39.37
535	1	-1	59.2	47.5
535	2	1	59.2	47.5
535	5	2	38.7	47.5
535	6	-2	42.8	37.5
545	-4	4	45	48.2
545	-3	3	46.2	48.2
545	0	0	46.05	47.37
545	1	-1	45.7	43.6
545	2	1	45.7	43.6
545	5	2	38.7	62
545	6	-2	46.09	48.2
555	-4	4	46.6	61.9
555	-3	3	48	47.5
555	0	0	46.6	61.9
555	1	-1	46.6	62
555	2	1	42.65	62
555	5	2	38.7	62
555	6	-2	46.6	61.9
601	-4	4	37.9	40.6
601	-3	3	62.9	39.4
601	0	0	62.9	47.55
601	1	-1	47.7	53.5
601	2	1	43.1	55.1
601	5	2	38.5	56.7
601	6	-2	62.9	40
602	-4	4	37.9	40.6
602	-3	3	45.2	39.4
602	0	0	45.2	47.55
602	1	-1	47.7	53.5
602	2	1	43.1	55.1
602	5	2	38.5	56.7
602	6	-2	45.2	40
603	-4	4	37.9	40.6
603	-3	3	45.6	39.4
603	0	0	45.6	47.55
603	1	-1	47.7	53.5
603	2	1	43.1	55.1
603	5	2	38.5	56.7
603	6	-2	45.6	40
604	-4	4	62.9	40.6
604	-3	3	62.9	39.4
604	0	0	62.9	47.55
604	1	-1	47.7	53.5
604	2	1	43.1	55.1
604	5	2	38.5	56.7
604	6	-2	62.9	40
605	-4	4	52.7	40.6
605	-3	3	52.7	56.6
605	0	0	52.7	56.6
605	1	-1	47.7	53.5
605	2	1	43.1	55.1
605	5	2	38.5	56.7
605	6	-2	52.7	56.6
610	-4	4	51.4	56.6
610	-3	3	51.4	56.6
610	0	0	51.4	56.6
610	1	-1	47.7	53.5
610	2	1	43.1	55.1
610	5	2	38.5	56.7
610	6	-2	51.4	56.6
612	-4	4	37.9	40.6
612	-3	3	58.3	39.4
612	0	0	58.3	47.55
612	1	-1	47.7	53.5
612	2	1	43.1	55.1
612	5	2	38.5	56.7
612	6	-2	58.3	40
613	-4	4	37.9	40.6
613	-3	3	42.9	56.6
613	0	0	42.9	56.6
613	1	-1	47.7	53.5
613	2	1	43.1	55.1
613	5	2	38.5	56.7
613	6	-2	42.9	56.6
614	-4	4	59	40.6
614	-3	3	59	39.4
614	0	0	59	47.55
614	1	-1	47.7	53.5
614	2	1	43.1	55.1
614	5	2	38.5	56.7
614	6	-2	59	40
615	-4	4	37.9	40.6
615	-3	3	57.4	56.6
615	0	0	57.22	56.6
615	1	-1	38.5	53.5
615	2	1	43.1	55.1
615	5	2	38.5	56.7
615	6	-2	57.4	56.6
620	-4	4	47.7	40.6
620	-3	3	47.7	56.6
620	0	0	47.46	56.6
620	1	-1	38.5	53.5
620	2	1	43.1	55.1
620	5	2	38.5	56.7
620	6	-2	47.7	56.6
621	-4	4	52.8	40.6
621	-3	3	52.8	56.6
621	0	0	52.8	56.6
621	1	-1	52.8	53.5
621	2	1	50.25	55.1
621	5	2	52.8	56.7
621	6	-2	52.8	56.6
630	-4	4	49.4	34
630	-3	3	49.4	44.7
630	0	0	49.53	42.02
630	1	-1	53.92	53.5
630	2	1	56.6	55.1
630	5	2	49.9	56.7
630	6	-2	49.4	42.02
631	-4	4	49.8	34
631	-3	3	42.8	44.7
631	0	0	42.88	44.62
631	1	-1	56.6	49.5
631	2	1	56.6	49.5
631	5	2	38.5	49.5
631	6	-2	42.85	44.62
632	-4	4	41.2	34
632	-3	3	39.6	47.7
632	0	0	40.61	48.24
632	1	-1	54.94	49.5
632	2	1	56.6	49.5
632	5	2	49.9	49.5
632	6	-2	39.61	47.32
634	-4	4	27.4	40.6
634	-3	3	27.4	44.7
634	0	0	27.4	44.7
634	1	-1	47.7	53.5
634	2	1	43.1	55.1
634	5	2	38.5	56.7
634	6	-2	27.4	44.7
635	-4	4	47.2	44.4
635	-3	3	45	39.4
635	0	0	46.45	44.4
635	1	-1	50.2	53.5
635	2	1	50.2	55.1
635	5	2	38.5	56.7
635	6	-2	45.76	44.4
640	-4	4	47.2	40.6
640	-3	3	51.7	53.6
640	0	0	51.6	53.6
640	1	-1	47.7	53.5
640	2	1	43.1	55.1
640	5	2	38.5	56.7
640	6	-2	51.6	53.6
641	-4	4	36.7	44.4
641	-3	3	49.4	53.6
641	0	0	44.39	47.56
641	1	-1	50.2	41.2
641	2	1	50.2	41.2
641	5	2	38.5	41.2
641	6	-2	44.28	47.82
642	-4	4	59.4	40.6
642	-3	3	35.1	43.7
642	0	0	43.44	43.7
642	1	-1	33.2	53.5
642	2	1	33.2	55.1
642	5	2	38.5	56.7
642	6	-2	43.56	43.7
643	-4	4	57.6	52.2
643	-3	3	49.2	43.7
643	0	0	49.38	43.78
643	1	-1	47.7	49.5
643	2	1	43.1	49.5
643	5	2	38.5	49.5
643	6	-2	49.38	43.78
645	-4	4	61.4	40.6
645	-3	3	61.4	53.6
645	0	0	61.4	53.6
645	1	-1	47.7	53.5
645	2	1	43.1	55.1
645	5	2	38.5	56.7
645	6	-2	61.4	53.6
650	-4	4	47.4	51.2
650	-3	3	47.4	51.2
650	0	0	47.51	50.18
650	1	-1	49.6	41.2
650	2	1	52.9	41.2
650	5	2	16.7	41.2
650	6	-2	47.4	51.2
651	-4	4	48.4	51.5
651	-3	3	48.4	51.8
651	0	0	48.35	52.16
651	1	-1	48.29	53
651	2	1	49.8	53
651	5	2	38.5	53
651	6	-2	48.4	51.78
652	-4	4	37.9	40.6
652	-3	3	32.7	51.8
652	0	0	32.81	51.8
652	1	-1	49.8	53.5
652	2	1	49.8	55.1
652	5	2	38.5	56.7
652	6	-2	32.7	51.8
653	-4	4	39.7	39.9
653	-3	3	39.7	39.9
653	0	0	39.57	40
653	1	-1	33.2	56.7
653	2	1	33.2	55.1
653	5	2	38.5	56.7
653	6	-2	39.7	39.9
654	-4	4	37.9	31.3
654	-3	3	12.8	31.3
654	0	0	13.39	31.56
654	1	-1	51.7	57.63
654	2	1	51.7	62.3
654	5	2	38.5	56.7
654	6	-2	12.8	31.3
670	-4	4	31.6	39.9
670	-3	3	31.6	39.9
670	0	0	31.67	39.9
670	1	-1	46	53.5
670	2	1	46	55.1
670	5	2	38.5	56.7
670	6	-2	31.6	39.9
671	-4	4	37.9	33.1
671	-3	3	34.8	33.1
671	0	0	34.8	33.18
671	1	-1	47.7	62.3
671	2	1	43.1	57.9
671	5	2	38.5	62.3
671	6	-2	34.8	33.1
672	-4	4	43.6	40.6
672	-3	3	43.6	39.9
672	0	0	43.6	39.9
672	1	-1	47.7	53.5
672	2	1	43.1	55.1
672	5	2	38.5	56.7
672	6	-2	43.6	39.9
673	-4	4	37.9	40.6
673	-3	3	38	41
673	0	0	38.08	41.02
673	1	-1	49.8	52.3
673	2	1	49.8	52.3
673	5	2	38.5	56.7
673	6	-2	38	41
674	-4	4	35.7	25.6
674	-3	3	28.6	27.5
674	0	0	32.09	28.71
674	1	-1	49.8	57.29
674	2	1	49.8	52.3
674	5	2	49.8	62.1
674	6	-2	28.84	27.4
675	-4	4	41.1	35.4
675	-3	3	50.6	35.4
675	0	0	51.55	37.11
675	1	-1	57.8	60.7
675	2	1	57.8	62.3
675	5	2	57.8	56.7
675	6	-2	50.42	35.4
680	-4	4	37.9	40.6
680	-3	3	37.9	60.4
680	0	0	40.66	60.77
680	1	-1	51.7	62.3
680	2	1	51.7	62.3
680	5	2	38.5	56.7
680	6	-2	37.9	60.4
685	-4	4	36	41.5
685	-3	3	36	41.5
685	0	0	36.23	42.61
685	1	-1	46	51.5
685	2	1	46	52.5
685	5	2	38.5	51.5
685	6	-2	36	41.5
690	-4	4	30.3	40.6
690	-3	3	30.3	39.4
690	0	0	30.3	47.55
690	1	-1	47.7	53.5
690	2	1	43.1	55.1
690	5	2	38.5	56.7
690	6	-2	30.3	40
691	-4	4	59.9	40.6
691	-3	3	59.1	39.4
691	0	0	59.49	47.55
691	1	-1	47.7	53.5
691	2	1	43.1	55.1
691	5	2	38.5	56.7
691	6	-2	59.49	40
692	-4	4	37.9	40.6
692	-3	3	38.6	41.5
692	0	0	38.57	41.5
692	1	-1	46	53.5
692	2	1	46	55.1
692	5	2	38.5	56.7
692	6	-2	38.55	41.5
693	-4	4	38.5	50.8
693	-3	3	38.2	40.4
693	0	0	38.25	40.56
693	1	-1	46.52	62.3
693	2	1	51.7	62.3
693	5	2	44.8	62.3
693	6	-2	38.21	40.44
694	-4	4	37.2	38.2
694	-3	3	37.2	38.2
694	0	0	37.73	38.37
694	1	-1	54.9	46.1
694	2	1	54.9	46.1
694	5	2	38.5	46.1
694	6	-2	37.2	38.2
695	-4	4	57	60.8
695	-3	3	57	60.8
695	0	0	56.82	59.78
695	1	-1	52.85	46.1
695	2	1	54.9	46.1
695	5	2	38.5	46.1
695	6	-2	57	60.8
701	-4	4	54	40.6
701	-3	3	52	28
701	0	0	52.4	28
701	1	-1	47.7	53.5
701	2	1	43.1	55.1
701	5	2	38.5	56.7
701	6	-2	52.4	28
703	-4	4	40.4	40.6
703	-3	3	38.4	53.1
703	0	0	38.7	52.1
703	1	-1	47.7	46.1
703	2	1	43.1	46.1
703	5	2	38.5	56.7
703	6	-2	38.7	53.1
704	-4	4	37.9	40.6
704	-3	3	24.1	38.7
704	0	0	24.78	38.7
704	1	-1	50.92	53.5
704	2	1	51.7	55.1
704	5	2	38.5	56.7
704	6	-2	24.1	38.7
705	-4	4	37.6	43.6
705	-3	3	37.6	38.6
705	0	0	37.89	38.64
705	1	-1	49.8	49.4
705	2	1	49.8	49.4
705	5	2	38.5	49.4
705	6	-2	37.6	38.61
710	-4	4	37.9	37.8
710	-3	3	34.8	37.8
710	0	0	34.8	37.8
710	1	-1	47.7	53.5
710	2	1	43.1	55.1
710	5	2	38.5	56.7
710	6	-2	34.8	37.8
712	-4	4	44.4	40.6
712	-3	3	34.3	38.8
712	0	0	36.69	38.8
712	1	-1	47.7	53.5
712	2	1	43.1	55.1
712	5	2	38.5	56.7
712	6	-2	36.69	38.8
713	-4	4	50	40.6
713	-3	3	50	38.8
713	0	0	50	38.8
713	1	-1	47.7	53.5
713	2	1	43.1	55.1
713	5	2	38.5	56.7
713	6	-2	50	38.8
714	-4	4	42.2	53.1
714	-3	3	38.5	53.1
714	0	0	39.81	52.24
714	1	-1	50.1	47.27
714	2	1	50.1	46.1
714	5	2	38.5	56.7
714	6	-2	38.73	53.1
715	-4	4	29.5	53.9
715	-3	3	34.4	53.9
715	0	0	34.42	51.84
715	1	-1	40.25	46.1
715	2	1	41.2	46.1
715	5	2	16.7	46.1
715	6	-2	34	53.9
720	-4	4	28.9	40.6
720	-3	3	28.9	41.8
720	0	0	28.95	42.2
720	1	-1	47.7	50.55
720	2	1	47.7	49.4
720	5	2	38.5	56.7
720	6	-2	28.9	41.8
721	-4	4	48.9	41.6
721	-3	3	41.8	41.6
721	0	0	42.22	41.6
721	1	-1	45.9	53.5
721	2	1	45.9	55.1
721	5	2	45.9	56.7
721	6	-2	42.09	41.6
775	-4	4	40.6	48.7
775	-3	3	37.9	38.8
775	0	0	38.19	39.04
775	1	-1	51.01	57.52
775	2	1	51.7	62.3
775	5	2	44.8	51.5
775	6	-2	37.97	38.89
801	-4	4	33.1	25.9
801	-3	3	63.8	39.3
801	0	0	63.8	39.3
801	1	-1	63.8	21.2
801	2	1	63.8	28.35
801	5	2	63.8	35.5
801	6	-2	63.8	39.3
802	-4	4	33.1	25.9
802	-3	3	25.9	38.8
802	0	0	25.9	38.76
802	1	-1	33.1	35.5
802	2	1	33.1	28.35
802	5	2	33.1	35.5
802	6	-2	25.9	38.8
803	-4	4	33.1	25.9
803	-3	3	25.9	12.7
803	0	0	28.88	15.19
803	1	-1	49.8	21.62
803	2	1	49.8	21.2
803	5	2	33.1	35.5
803	6	-2	25.9	12.7
804	-4	4	33.1	25.9
804	-3	3	25.9	19.4
804	0	0	25.9	19.44
804	1	-1	25.9	35.5
804	2	1	25.9	28.35
804	5	2	25.9	35.5
804	6	-2	25.9	19.4
810	-4	4	34.9	33.7
810	-3	3	34.7	38.7
810	0	0	34.88	37.27
810	1	-1	49.4	48.5
810	2	1	49.4	48.5
810	5	2	49.9	48.5
810	6	-2	34.83	37.21
812	-4	4	59.2	47.9
812	-3	3	46.4	52.3
812	0	0	49.33	52.43
812	1	-1	49.44	62.1
812	2	1	49.4	62.1
812	5	2	49.9	62.1
812	6	-2	49.32	51.73
813	-4	4	57.2	49.6
813	-3	3	41.3	54
813	0	0	42.16	52.62
813	1	-1	49.4	45.85
813	2	1	49.4	62.1
813	5	2	49.9	42.6
813	6	-2	42.05	52.87
814	-4	4	45.8	35.4
814	-3	3	45.8	35.4
814	0	0	46.64	40.66
814	1	-1	47.4	49.1
814	2	1	47.4	49.1
814	5	2	47.4	42.6
814	6	-2	45.8	35.4
815	-4	4	47	41.8
815	-3	3	47	41.8
815	0	0	49.35	42.37
815	1	-1	54.9	43.1
815	2	1	54.9	43.1
815	5	2	54.9	43.1
815	6	-2	47	41.8
820	-4	4	18.4	34.1
820	-3	3	18.4	18.5
820	0	0	20.09	18.5
820	1	-1	33.5	48.4
820	2	1	33.5	45.5
820	5	2	49.9	42.6
820	6	-2	18.4	18.5
821	-4	4	33.1	35.7
821	-3	3	34.2	35.7
821	0	0	42.95	45.52
821	1	-1	44.2	47.2
821	2	1	44.2	47.2
821	5	2	44.2	47.2
821	6	-2	34.2	35.7
823	-4	4	25	10.4
823	-3	3	34.2	18.5
823	0	0	33.65	17.92
823	1	-1	49.9	44.7
823	2	1	49.9	49.7
823	5	2	49.9	39.7
823	6	-2	33.65	17.69
824	-4	4	25	25.3
824	-3	3	34.2	29.1
824	0	0	35.21	29.1
824	1	-1	50.37	42.94
824	2	1	50.4	49.7
824	5	2	49.9	39.7
824	6	-2	33.57	28.57
825	-4	4	37.6	32.6
825	-3	3	35.4	30
825	0	0	37.36	31.54
825	1	-1	50.5	41.96
825	2	1	50.5	40.3
825	5	2	50.5	44.2
825	6	-2	35.63	30.67
830	-4	4	32	42.7
830	-3	3	50.5	43.7
830	0	0	50.3	43.97
830	1	-1	65.92	63.5
830	2	1	66.4	63.5
830	5	2	49.9	63.5
830	6	-2	48.63	43.43
831	-4	4	35.2	32.9
831	-3	3	40.8	35.4
831	0	0	40.19	35.22
831	1	-1	49.9	48.4
831	2	1	49.9	45.5
831	5	2	49.9	42.6
831	6	-2	40.19	35.22
832	-4	4	46.2	44.6
832	-3	3	50.4	50.7
832	0	0	49.48	49.47
832	1	-1	44.2	56.6
832	2	1	44.2	56.6
832	5	2	49.9	56.6
832	6	-2	49.7	49.25
834	-4	4	32.4	26.9
834	-3	3	29.8	30
834	0	0	30.9	29.41
834	1	-1	44.2	42.8
834	2	1	44.2	42.8
834	5	2	44.2	42.8
834	6	-2	30.74	29
835	-4	4	19.3	37
835	-3	3	28.9	26.2
835	0	0	27.98	28.01
835	1	-1	33.5	42.8
835	2	1	33.5	42.8
835	5	2	33.5	42.8
835	6	-2	27.9	27.85
840	-4	4	33.1	34.1
840	-3	3	44.7	41.7
840	0	0	44.7	46.8
840	1	-1	49.9	48.5
840	2	1	49.9	48.5
840	5	2	49.9	42.6
840	6	-2	44.7	41.7
841	-4	4	17.6	34.1
841	-3	3	14.3	35.7
841	0	0	14.57	35.97
841	1	-1	37.6	42.6
841	2	1	33.5	45.5
841	5	2	49.9	42.6
841	6	-2	14.49	35.7
842	-4	4	44.3	38.8
842	-3	3	44.7	41.7
842	0	0	44.61	41.79
842	1	-1	45.44	48.5
842	2	1	44.7	48.5
842	5	2	49.9	48.5
842	6	-2	44.52	41.24
843	-4	4	55.3	50.8
843	-3	3	55.3	50.8
843	0	0	59.28	50.14
843	1	-1	63.2	49.1
843	2	1	63.2	49.1
843	5	2	63.2	49.1
843	6	-2	55.3	50.8
850	-4	4	60.4	53.8
850	-3	3	60.4	66
850	0	0	60.4	56.85
850	1	-1	50.2	46.3
850	2	1	50.2	46.6
850	5	2	50.2	46.9
850	6	-2	60.4	56.85
851	-4	4	47.5	55.2
851	-3	3	45.7	69.2
851	0	0	46.17	60.82
851	1	-1	50.2	46.3
851	2	1	50.2	46.6
851	5	2	50.2	46.9
851	6	-2	46.17	60.82
852	-4	4	50.3	53.8
852	-3	3	42.7	40.7
852	0	0	50.3	53.8
852	1	-1	50.2	46.3
852	2	1	50.2	46.6
852	5	2	50.2	46.9
852	6	-2	50.3	53.8
853	-4	4	59.9	53.8
853	-3	3	56.9	66
853	0	0	59.7	57.43
853	1	-1	56.9	66
853	2	1	56.9	56.15
853	5	2	56.9	66
853	6	-2	59.72	57.2
854	-4	4	55.3	53.8
854	-3	3	42.7	40.7
854	0	0	55.3	53.8
854	1	-1	50.2	46.3
854	2	1	50.2	46.6
854	5	2	50.2	46.9
854	6	-2	55.3	53.8
860	-4	4	43.4	47
860	-3	3	40.9	47
860	0	0	42.58	47
860	1	-1	50.2	47.1
860	2	1	50.2	47.1
860	5	2	50.2	46.9
860	6	-2	42.58	47
874	-4	4	53	54.3
874	-3	3	53	54.3
874	0	0	53	54.3
874	1	-1	50.2	46.3
874	2	1	50.2	46.6
874	5	2	50.2	46.9
874	6	-2	53	54.3
875	-4	4	47.1	42.9
875	-3	3	39	40.7
875	0	0	39.87	40.95
875	1	-1	50.2	46.51
875	2	1	50.2	45.9
875	5	2	50.2	46.9
875	6	-2	39.24	40.74
890	-4	4	35.2	45.1
890	-3	3	36.9	36.1
890	0	0	37.32	39.24
890	1	-1	50.2	47.1
890	2	1	50.2	47.1
890	5	2	50.2	47.1
890	6	-2	36.81	38.41
901	-4	4	46.9	16.8
901	-3	3	46.9	16.8
901	0	0	46.9	16.8
901	1	-1	47.9	32.7
901	2	1	44.2	32.7
901	5	2	40.5	32.7
901	6	-2	46.9	16.8
902	-4	4	37.5	16.8
902	-3	3	31	16.8
902	0	0	31.07	16.8
902	1	-1	47.9	32.7
902	2	1	44.2	32.7
902	5	2	40.5	32.7
902	6	-2	31.07	16.8
903	-4	4	37.5	16.8
903	-3	3	31.4	16.8
903	0	0	40.5	32.7
903	1	-1	40.5	32.7
903	2	1	44.2	32.7
903	5	2	40.5	32.7
903	6	-2	34.45	16.8
905	-4	4	37.5	16.8
905	-3	3	31.4	16.8
905	0	0	47.9	32.7
905	1	-1	47.9	32.7
905	2	1	47.9	32.7
905	5	2	40.5	32.7
905	6	-2	34.45	16.8
960	-4	4	27.9	38.1
960	-3	3	27.9	34
960	0	0	28.02	34
960	1	-1	40.5	45.4
960	2	1	37.75	45.4
960	5	2	40.5	45.4
960	6	-2	27.9	34
962	-4	4	27.8	38.1
962	-3	3	27.8	34
962	0	0	30.8	40.65
962	1	-1	33.48	45.4
962	2	1	33.3	45.4
962	5	2	40.5	45.4
962	6	-2	27.8	34
963	-4	4	23.5	38.1
963	-3	3	23.5	20.9
963	0	0	24.08	24.07
963	1	-1	39.56	45.4
963	2	1	38.8	45.4
963	5	2	40.5	45.4
963	6	-2	23.5	20.9
964	-4	4	34.5	44
964	-3	3	29.7	44
964	0	0	31.57	44.13
964	1	-1	35.81	45.4
964	2	1	35.7	45.4
964	5	2	40.5	45.4
964	6	-2	30.67	44
965	-4	4	34	34
965	-3	3	34	34
965	0	0	34.01	34
965	1	-1	38.8	45.4
965	2	1	38.8	45.4
965	5	2	40.5	45.4
965	6	-2	34	34
970	-4	4	16.5	38.1
970	-3	3	16.5	34
970	0	0	18.98	37.04
970	1	-1	27.93	45.4
970	2	1	27.2	45.4
970	5	2	40.5	45.4
970	6	-2	16.5	34
971	-4	4	24.4	38.1
971	-3	3	24.4	34
971	0	0	24.57	34
971	1	-1	27.2	45.4
971	2	1	27.2	45.4
971	5	2	40.5	45.4
971	6	-2	24.4	34
972	-4	4	32.9	38.1
972	-3	3	32.9	20.9
972	0	0	32.94	24.4
972	1	-1	40.5	45.4
972	2	1	37.75	45.4
972	5	2	40.5	45.4
972	6	-2	32.9	20.9
973	-4	4	39.8	36
973	-3	3	46.5	36
973	0	0	45.42	36.33
973	1	-1	38.8	45.4
973	2	1	38.8	45.4
973	5	2	40.5	45.4
973	6	-2	45.43	36
985	-4	4	28.2	38.1
985	-3	3	30.5	34
985	0	0	30.47	34.52
985	1	-1	39.11	45.4
985	2	1	38.8	45.4
985	5	2	40.5	45.4
985	6	-2	30.25	34.18
991	-4	4	58.7	62.4
991	-3	3	58.7	62.4
991	0	0	58.7	62.4
991	1	-1	58.7	62.4
991	2	1	58.7	62.4
991	5	2	58.7	62.4
991	6	-2	58.7	62.4
10001	-4	4	73.64	65.34
10001	-3	3	75.7	64.74
10001	0	0	75.1	65.11
10001	1	-1	75.76	65.72
10001	2	1	75.77	65.89
10001	5	2	75.03	63.89
10001	6	-2	75.01	65.07
10002	-4	4	55.3	36.8
10002	-3	3	55.3	36.8
10002	0	0	46.4	36.8
10002	1	-1	46.3	36.8
10002	2	1	46.3	36.8
10002	5	2	46.3	36.8
10002	6	-2	55.3	36.8
10003	-4	4	64.29	57.01
10003	-3	3	68.98	62.23
10003	0	0	65.12	57.2
10003	1	-1	59.73	50.63
10003	2	1	59.75	51.39
10003	5	2	52.3	46.6
10003	6	-2	68.38	61.19
10004	-4	4	55.68	62.98
10004	-3	3	57.93	62.58
10004	0	0	57.43	62.74
10004	1	-1	65.67	65.88
10004	2	1	67.3	66.61
10004	5	2	56.96	65.61
10004	6	-2	57.32	62.64
10005	-4	4	55.2	55.39
10005	-3	3	64.03	56.71
10005	0	0	64.14	56.6
10005	1	-1	65.04	55.52
10005	2	1	64.99	56.77
10005	5	2	66.2	54.44
10005	6	-2	63.99	56.7
10006	-4	4	47.43	46.43
10006	-3	3	48.04	47.41
10006	0	0	47.88	48.45
10006	1	-1	46.82	61.77
10006	2	1	46.9	61.79
10006	5	2	40.19	61.73
10006	6	-2	47.98	47.36
10007	-4	4	38.28	41.31
10007	-3	3	39.03	39.31
10007	0	0	39.29	39.61
10007	1	-1	47.57	53.92
10007	2	1	48.25	53.7
10007	5	2	38.75	54.4
10007	6	-2	38.99	39.34
10008	-4	4	33.1	25.9
10008	-3	3	31.56	25.43
10008	0	0	31.56	25.43
10008	1	-1	31.87	25.71
10008	2	1	49.8	21.2
10008	5	2	25.9	35.5
10008	6	-2	31.56	25.43
10009	-4	4	47.37	35.89
10009	-3	3	36.07	37.58
10009	0	0	40.64	38.07
10009	1	-1	50.95	47.51
10009	2	1	51.04	47.88
10009	5	2	49.49	46.44
10009	6	-2	39.8	37.34
10010	-4	4	38.28	16.8
10010	-3	3	31.28	16.8
10010	0	0	32.91	23.22
10010	1	-1	40.62	32.7
10010	2	1	47.9	32.7
10010	5	2	40.5	32.7
10010	6	-2	31.38	16.8
10011	-4	4	29.57	38.66
10011	-3	3	30.26	33.88
10011	0	0	30.45	34.57
10011	1	-1	35.65	45.4
10011	2	1	35.03	45.4
10011	5	2	40.5	45.4
10011	6	-2	30.19	34.12
10012	-4	4	58.7	62.4
10012	-3	3	58.7	62.4
10012	0	0	58.7	62.4
10012	1	-1	58.7	62.4
10012	2	1	58.7	62.4
10012	5	2	58.7	62.4
10012	6	-2	58.7	62.4
20001	-4	4	78.08	71.09
20001	-3	3	76	66.37
20001	0	0	76.08	68.22
20001	1	-1	74.67	73.92
20001	2	1	74.68	76.25
20001	5	2	69.7	62.34
20001	6	-2	76.28	67.46
20002	-4	4	77.66	69.73
20002	-3	3	77.99	68.03
20002	0	0	77.92	68.51
20002	1	-1	77.93	67.87
20002	2	1	77.93	67.73
20002	5	2	76.3	70.01
20002	6	-2	77.92	68.65
20003	-4	4	73.97	62.16
20003	-3	3	79.44	62.91
20003	0	0	76.2	62.54
20003	1	-1	73.22	60.68
20003	2	1	73.2	60.77
20003	5	2	75.58	59.67
20003	6	-2	77.41	62.71
20004	-4	4	71.05	65.37
20004	-3	3	69.17	65.47
20004	0	0	70.46	65.45
20004	1	-1	76.97	68.54
20004	2	1	76.97	68.87
20004	5	2	77.2	65.59
20004	6	-2	70.2	65.4
20005	-4	4	55.3	36.8
20005	-3	3	55.3	36.8
20005	0	0	46.4	36.8
20005	1	-1	46.3	36.8
20005	2	1	46.3	36.8
20005	5	2	46.3	36.8
20005	6	-2	55.3	36.8
20006	-4	4	64.29	57.01
20006	-3	3	68.98	62.23
20006	0	0	65.12	57.2
20006	1	-1	59.73	50.63
20006	2	1	59.75	51.39
20006	5	2	52.3	46.6
20006	6	-2	68.38	61.19
20007	-4	4	55.68	62.98
20007	-3	3	57.93	62.58
20007	0	0	57.43	62.74
20007	1	-1	65.67	65.88
20007	2	1	67.3	66.61
20007	5	2	56.96	65.61
20007	6	-2	57.32	62.64
20008	-4	4	55.2	55.39
20008	-3	3	64.03	56.71
20008	0	0	64.14	56.6
20008	1	-1	65.04	55.52
20008	2	1	64.99	56.77
20008	5	2	66.2	54.44
20008	6	-2	63.99	56.7
20009	-4	4	47.43	46.43
20009	-3	3	48.04	47.41
20009	0	0	47.88	48.45
20009	1	-1	46.82	61.77
20009	2	1	46.9	61.79
20009	5	2	40.19	61.73
20009	6	-2	47.98	47.36
20010	-4	4	38.28	41.31
20010	-3	3	39.03	39.31
20010	0	0	39.29	39.61
20010	1	-1	47.57	53.92
20010	2	1	48.25	53.7
20010	5	2	38.75	54.4
20010	6	-2	38.99	39.34
20011	-4	4	33.1	25.9
20011	-3	3	31.56	25.43
20011	0	0	31.56	25.43
20011	1	-1	31.87	25.71
20011	2	1	49.8	21.2
20011	5	2	25.9	35.5
20011	6	-2	31.56	25.43
20012	-4	4	33.3	34.06
20012	-3	3	33.82	35.33
20012	0	0	35.55	36.22
20012	1	-1	50.94	47.72
20012	2	1	51.02	48.09
20012	5	2	48.86	45.85
20012	6	-2	33.71	35.08
20013	-4	4	57.24	46.5
20013	-3	3	42.54	40.67
20013	0	0	50.33	41.21
20013	1	-1	51.18	46.69
20013	2	1	51.46	46.1
20013	5	2	50.58	47.06
20013	6	-2	50.31	40.99
20014	-4	4	38.28	16.8
20014	-3	3	31.28	16.8
20014	0	0	32.91	23.22
20014	1	-1	40.62	32.7
20014	2	1	47.9	32.7
20014	5	2	40.5	32.7
20014	6	-2	31.38	16.8
20015	-4	4	29.57	38.66
20015	-3	3	30.26	33.88
20015	0	0	30.45	34.57
20015	1	-1	35.65	45.4
20015	2	1	35.03	45.4
20015	5	2	40.5	45.4
20015	6	-2	30.19	34.12
20016	-4	4	58.7	62.4
20016	-3	3	58.7	62.4
20016	0	0	58.7	62.4
20016	1	-1	58.7	62.4
20016	2	1	58.7	62.4
20016	5	2	58.7	62.4
20016	6	-2	58.7	62.4
