OCC	LEMPST	HCS	WCS
100	0	85.6	67.9
100	1	85.6	64.5
100	2	85.6	64.5
100	3	85.6	64.5
100	4	85.6	64.5
100	5	85.6	64.5
100	6	85.6	67.9
100	7	85.6	64.5
100	8	85.6	64.5
100	9	85.6	67.9
101	0	71.5	64.5
101	1	71.5	64.5
101	2	71.5	64.5
101	3	71.5	64.5
101	4	71.5	64.5
101	5	71.5	64.5
101	6	71.5	64.5
101	7	71.5	64.5
101	8	71.5	64.5
101	9	71.5	64.5
102	0	70.7	63
102	1	70.7	63
102	2	70.7	63
102	3	70.7	63
102	4	70.7	63
102	5	70.7	63
102	6	70.7	63
102	7	70.7	63
102	8	70.7	63
102	9	70.7	63
103	0	69.3	67.9
103	1	69.3	67.9
103	2	69.3	67.9
103	3	69.3	67.9
103	4	69.3	67.9
103	5	69.3	67.9
103	6	69.3	67.9
103	7	69.3	67.9
103	8	69.3	67.9
103	9	69.3	67.9
110	0	59.49	57.72
110	1	59.4	57.7
110	2	59.4	57.7
110	3	59.4	57.7
110	4	59.4	57.7
110	5	59.4	57.7
110	6	59.49	57.72
110	7	59.4	57.7
110	8	40	59.5
110	9	59.9	57.7
111	0	58.11	49
111	1	61.74	49
111	2	58.6	49
111	3	64.5	49
111	4	64.5	49
111	5	58.1	49
111	6	57.8	49
111	7	58.1	49
111	8	58.1	49
111	9	57.8	49
112	0	55.44	56.7
112	1	58.6	56.7
112	2	58.6	56.7
112	3	55.4	56.7
112	4	55.4	56.7
112	5	55.4	56.7
112	6	55.4	56.7
112	7	55.4	56.7
112	8	55.4	56.7
112	9	55.4	56.7
113	0	66.2	57.7
113	1	66.2	56.7
113	2	66.2	56.7
113	3	66.2	56.7
113	4	66.2	56.7
113	5	66.2	56.7
113	6	66.2	57.7
113	7	66.2	56.7
113	8	66.2	56.7
113	9	66.2	57.7
120	0	76.4	70.7
120	1	76.4	70.7
120	2	76.4	70.7
120	3	76.4	70.7
120	4	76.4	70.7
120	5	76.4	70.7
120	6	76.4	70.7
120	7	76.4	70.7
120	8	76.4	70.7
120	9	76.4	70.7
121	0	65.94	64.32
121	1	68.53	78.81
121	2	67.7	83.5
121	3	69.71	63.6
121	4	69.6	63.6
121	5	74.5	64.6
121	6	65.8	63.6
121	7	66	64.6
121	8	66	64.6
121	9	65.8	63.6
122	0	61.5	63.6
122	1	61.5	77.93
122	2	61.5	83.5
122	3	61.5	67.2
122	4	61.5	67.2
122	5	61.5	67.2
122	6	61.5	63.6
122	7	61.5	67.2
122	8	61.5	67.2
122	9	61.5	63.6
123	0	71.06	80.34
123	1	68.82	82.58
123	2	67.7	83.5
123	3	71.4	80
123	4	71.4	80
123	5	71.4	80
123	6	71.4	80
123	7	71.4	80
123	8	71.4	80
123	9	71.4	80
124	0	70.4	66.1
124	1	70.4	66.1
124	2	70.4	66.1
124	3	70.4	66.1
124	4	70.4	66.1
124	5	70.4	66.1
124	6	70.4	66.1
124	7	70.4	66.1
124	8	70.4	66.1
124	9	70.4	66.1
125	0	70.4	66.1
125	1	68.44	77.93
125	2	67.7	83.5
125	3	69.6	67.2
125	4	69.6	67.2
125	5	69.6	67.2
125	6	70.4	66.1
125	7	68.4	67.2
125	8	68.4	67.2
125	9	70.4	66.1
126	0	69.9	62.8
126	1	69.9	62.8
126	2	69.9	62.8
126	3	69.9	62.8
126	4	69.9	62.8
126	5	69.9	62.8
126	6	69.9	62.8
126	7	69.9	62.8
126	8	69.9	62.8
126	9	69.9	62.8
127	0	70.04	67.89
127	1	63.7	65.75
127	2	63.7	62.9
127	3	70.1	68
127	4	70.1	68
127	5	70.1	68
127	6	70.1	68
127	7	70.1	68
127	8	70.1	68
127	9	70.1	68
130	0	58.5	54.7
130	1	58.5	54.7
130	2	58.5	54.7
130	3	58.5	54.7
130	4	58.5	54.7
130	5	58.5	54.7
130	6	58.5	54.7
130	7	58.5	54.7
130	8	58.5	54.7
130	9	58.5	54.7
131	0	65.1	58.8
131	1	65.1	58.8
131	2	65.1	58.8
131	3	65.1	58.8
131	4	65.1	58.8
131	5	65.1	58.8
131	6	65.1	58.8
131	7	65.1	58.8
131	8	65.1	58.8
131	9	65.1	58.8
132	0	64.1	59.5
132	1	64.1	59.5
132	2	64.1	59.5
132	3	64.1	59.5
132	4	64.1	59.5
132	5	64.1	59.5
132	6	64.1	59.5
132	7	64.1	59.5
132	8	64.1	59.5
132	9	64.1	59.5
139	0	63.7	62.9
139	1	63.7	62.9
139	2	63.7	62.9
139	3	63.7	62.9
139	4	63.7	62.9
139	5	63.7	62.9
139	6	63.7	62.9
139	7	63.7	62.9
139	8	63.7	62.9
139	9	63.7	62.9
140	0	57.5	57.1
140	1	57.5	57.1
140	2	57.5	57.1
140	3	57.5	57.1
140	4	57.5	57.1
140	5	57.5	57.1
140	6	57.5	57.1
140	7	57.5	57.1
140	8	57.5	57.1
140	9	57.5	57.1
141	0	50.3	50.8
141	1	50.3	50.8
141	2	50.3	50.8
141	3	50.3	50.8
141	4	50.3	50.8
141	5	50.3	50.8
141	6	50.3	50.8
141	7	50.3	50.8
141	8	50.3	50.8
141	9	50.3	50.8
142	0	48.3	45.7
142	1	48.3	45.7
142	2	48.3	45.7
142	3	48.3	45.7
142	4	48.3	45.7
142	5	48.3	45.7
142	6	48.3	45.7
142	7	48.3	45.7
142	8	48.3	45.7
142	9	48.3	45.7
150	0	77	63.1
150	1	77	53.73
150	2	77	52.6
150	3	77	55.1
150	4	77	55.1
150	5	77	55.1
150	6	77	63.1
150	7	77	70.7
150	8	77	59.5
150	9	77	63.1
151	0	68.6	59.2
151	1	68.6	53.73
151	2	68.6	52.6
151	3	68.6	55.1
151	4	68.6	55.1
151	5	68.6	55.1
151	6	68.6	59.2
151	7	68.6	70.7
151	8	68.6	59.5
151	9	68.6	59.2
152	0	60	63.1
152	1	60	53.73
152	2	60	52.6
152	3	60	55.1
152	4	60	55.1
152	5	60	55.1
152	6	60	63.1
152	7	60	70.7
152	8	60	59.5
152	9	60	63.1
153	0	68.6	59.2
153	1	68.6	53.73
153	2	68.6	52.6
153	3	68.6	55.1
153	4	68.6	55.1
153	5	68.6	55.1
153	6	68.6	59.2
153	7	68.6	70.7
153	8	68.6	59.5
153	9	68.6	59.2
154	0	68.6	59.2
154	1	68.6	53.73
154	2	68.6	52.6
154	3	68.6	55.1
154	4	68.6	55.1
154	5	68.6	55.1
154	6	68.6	59.2
154	7	68.6	70.7
154	8	68.6	59.5
154	9	68.6	59.2
155	0	68.6	59.2
155	1	68.6	53.73
155	2	68.6	52.6
155	3	68.6	55.1
155	4	68.6	55.1
155	5	68.6	55.1
155	6	68.6	59.2
155	7	68.6	70.7
155	8	68.6	59.5
155	9	68.6	59.2
160	0	57.8	62.67
160	1	58.25	61.53
160	2	54.2	57.4
160	3	64.9	67.7
160	4	57	57.4
160	5	64.9	67.7
160	6	55.8	67.7
160	7	57	57.4
160	8	57	57.4
160	9	55.8	67.7
169	0	52.6	63.58
169	1	52.6	62.55
169	2	52.6	57.4
169	3	52.6	67.7
169	4	52.6	67.7
169	5	52.6	67.7
169	6	52.6	67.7
169	7	52.6	67.7
169	8	52.6	67.7
169	9	52.6	67.7
170	0	69.31	74.52
170	1	71.16	73.96
170	2	67.3	76.4
170	3	74.5	68
170	4	68.6	74.7
170	5	74.5	68
170	6	68.7	74.7
170	7	68.6	74.7
170	8	68.6	74.7
170	9	68.7	74.7
171	0	56.37	56.42
171	1	56.43	56.18
171	2	48.2	51.1
171	3	59.8	57.8
171	4	59.8	57.8
171	5	55.9	53.3
171	6	56.1	57.8
171	7	55.9	50.9
171	8	55.9	50.9
171	9	56.1	57.8
172	0	56.59	45.42
172	1	56.71	45.06
172	2	62.6	46.2
172	3	52.3	42.6
172	4	52.3	42.6
172	5	57.4	45.4
172	6	52.3	50.2
172	7	57.4	45.4
172	8	57.4	45.4
172	9	52.3	50.2
173	0	55.96	51.6
173	1	55.93	52.25
173	2	51.2	50.6
173	3	62.29	56.1
173	4	62.4	56.2
173	5	56	50.6
173	6	56	50.6
173	7	56	50.6
173	8	56	50.6
173	9	56	50.6
174	0	53.81	47.04
174	1	57.87	51.97
174	2	51.2	47.8
174	3	62.33	56.11
174	4	62.4	56.2
174	5	52.2	46
174	6	48.2	43.5
174	7	52.2	46
174	8	52.2	46
174	9	48.2	43.5
175	0	49.86	38.6
175	1	53.93	38.6
175	2	46.1	38.6
175	3	57.2	38.6
175	4	57.3	38.6
175	5	48	38.6
175	6	46.1	38.6
175	7	48	38.6
175	8	48	38.6
175	9	46.1	38.6
176	0	58.21	67.58
176	1	61.28	71.87
176	2	59.8	76.4
176	3	62.76	65.72
176	4	61.7	65.5
176	5	74.5	68.7
176	6	57.4	65.5
176	7	57.4	68.7
176	8	57.4	68.7
176	9	57.4	65.5
177	0	72.46	62.16
177	1	65.89	67.67
177	2	53.8	76.4
177	3	75.3	60.7
177	4	75.3	60.7
177	5	75.3	60.7
177	6	75.3	60.7
177	7	75.3	60.7
177	8	75.3	60.7
177	9	75.3	60.7
178	0	48.45	56.2
178	1	59.27	56.2
178	2	52.2	56.2
178	3	63.3	56.2
178	4	63.3	56.2
178	5	63.3	53.3
178	6	31.7	56.2
178	7	45.7	50.9
178	8	45.7	50.9
178	9	31.7	56.2
179	0	59.57	52.43
179	1	59.54	55.48
179	2	53.8	53.5
179	3	64.56	57.8
179	4	64.5	57.8
179	5	74.5	57.8
179	6	59.6	49.8
179	7	59.2	51.6
179	8	59.2	51.6
179	9	59.6	49.8
190	0	71.71	70.61
190	1	71.7	70.6
190	2	71.7	70.6
190	3	71.7	70.6
190	4	71.7	70.6
190	5	71.7	70.6
190	6	71.71	70.61
190	7	71.9	70.7
190	8	71.7	70.6
190	9	71.3	70.4
191	0	82.3	71.2
191	1	82.3	71.2
191	2	82.3	71.2
191	3	82.3	71.2
191	4	82.3	71.2
191	5	82.3	71.2
191	6	82.3	71.2
191	7	82.3	71.2
191	8	82.3	71.2
191	9	82.3	71.2
199	0	63.68	61.95
199	1	61.52	57.57
199	2	59.8	53.5
199	3	62.21	59.55
199	4	61.7	59.5
199	5	74.5	62.9
199	6	64.7	63.1
199	7	64.2	62.9
199	8	64.2	62.9
199	9	64.7	63.1
200	0	73.4	81.6
200	1	78.3	81.6
200	2	78.3	81.6
200	3	78.3	81.6
200	4	73.3	81.6
200	5	78.3	81.6
200	6	73.3	81.6
200	7	73.3	81.6
200	8	73.3	81.6
200	9	73.3	81.6
201	0	74.75	79.4
201	1	78.3	79.4
201	2	78.3	79.4
201	3	78.3	79.4
201	4	74.5	79.4
201	5	78.3	79.4
201	6	74.5	79.4
201	7	74.5	79.4
201	8	74.5	79.4
201	9	74.5	79.4
202	0	84.23	81.6
202	1	78.3	80
202	2	78.3	80
202	3	78.3	80
202	4	84.7	80
202	5	78.3	80
202	6	84.7	81.6
202	7	84.7	81.6
202	8	84.7	80
202	9	84.7	80
209	0	81.38	80.1
209	1	78.3	80.1
209	2	78.3	80.1
209	3	80.8	80.1
209	4	80.8	80.1
209	5	80.8	80.1
209	6	81.4	80.1
209	7	81.4	80.1
209	8	80.8	80.1
209	9	80.8	80.1
210	0	66.16	84.2
210	1	59.26	76.4
210	2	59.1	76.4
210	3	59.7	76.4
210	4	66.2	76.4
210	5	59.7	76.4
210	6	67.6	84.2
210	7	67.6	84.2
210	8	66.2	76.4
210	9	66.2	76.4
211	0	68.66	84.2
211	1	64.79	84.2
211	2	62.4	84.2
211	3	71.8	76.4
211	4	68.6	76.4
211	5	71.8	76.4
211	6	69.1	84.2
211	7	69.1	84.2
211	8	68.6	76.4
211	9	68.6	76.4
212	0	68.22	79.7
212	1	73.41	76.4
212	2	74.1	76.4
212	3	71.8	76.4
212	4	68	76.4
212	5	71.8	76.4
212	6	68	79.7
212	7	68	79.7
212	8	68	76.4
212	9	68	76.4
213	0	67.27	79.7
213	1	74.1	76.4
213	2	74.1	76.4
213	3	66.6	76.4
213	4	66.6	76.4
213	5	66.6	76.4
213	6	66.6	79.7
213	7	66.6	79.7
213	8	66.6	76.4
213	9	66.6	76.4
214	0	81.82	79.7
214	1	84.83	79.7
214	2	86.5	79.7
214	3	71.8	79.7
214	4	82	79.7
214	5	71.8	79.7
214	6	81.2	79.7
214	7	81.2	79.7
214	8	82	79.7
214	9	82	79.7
215	0	79.46	76.4
215	1	74.1	76.4
215	2	74.1	76.4
215	3	80.8	76.4
215	4	80.8	76.4
215	5	80.8	76.4
215	6	80.8	76.4
215	7	80.8	76.4
215	8	80.8	76.4
215	9	80.8	76.4
216	0	64.39	79.37
216	1	68.33	76.4
216	2	67.1	76.4
216	3	71.8	76.4
216	4	64.2	76.4
216	5	71.8	76.4
216	6	64	79.7
216	7	64	79.7
216	8	64.2	76.4
216	9	64.2	76.4
217	0	55.8	79.22
217	1	55.8	76.4
217	2	55.8	76.4
217	3	55.8	76.4
217	4	55.8	76.4
217	5	55.8	76.4
217	6	55.8	79.7
217	7	55.8	79.7
217	8	55.8	76.4
217	9	55.8	76.4
218	0	60.27	60.5
218	1	73.9	60.5
218	2	74.1	60.5
218	3	71.8	60.5
218	4	59.9	60.5
218	5	71.8	60.5
218	6	59.9	60.5
218	7	59.9	60.5
218	8	59.9	60.5
218	9	59.9	60.5
219	0	64.97	84.2
219	1	73.25	84.2
219	2	74.1	84.2
219	3	71.8	84.2
219	4	66.3	84.2
219	5	71.8	84.2
219	6	64.5	84.2
219	7	64.5	84.2
219	8	66.3	84.2
219	9	66.3	84.2
220	0	84.51	88.65
220	1	78.51	89.68
220	2	88.5	88.1
220	3	77.1	90.2
220	4	85.2	88.8
220	5	77.1	90.2
220	6	88.5	88.1
220	7	88.5	88.1
220	8	85.2	88.8
220	9	85.2	88.8
221	0	72.77	83.79
221	1	69.58	87.2
221	2	74.3	86.6
221	3	68.4	90.2
221	4	71.9	83.5
221	5	68.4	90.2
221	6	74.3	82.5
221	7	74.3	82.5
221	8	71.9	83.5
221	9	71.9	83.5
222	0	75.64	90.7
222	1	70.87	90.5
222	2	82.4	90.8
222	3	68.4	90.2
222	4	77.6	90.2
222	5	68.4	90.2
222	6	82.4	90.8
222	7	82.4	90.8
222	8	81.8	87.4
222	9	81.8	87.4
223	0	84.69	90.67
223	1	85.14	90.6
223	2	82.4	90.8
223	3	85.7	90.2
223	4	84.3	90.8
223	5	85.7	90.2
223	6	82.4	90.8
223	7	82.4	90.8
223	8	84.3	90.8
223	9	84.3	90.8
224	0	74.54	88.88
224	1	69.67	89.5
224	2	81.8	88.1
224	3	68.4	90.2
224	4	77.6	90.2
224	5	68.4	90.2
224	6	82.4	88.1
224	7	82.4	88.1
224	8	81.8	87.4
224	9	81.8	87.4
230	0	81.98	94.99
230	1	64.42	75.36
230	2	63.8	81.4
230	3	66.9	63.3
230	4	82.4	95.5
230	5	66.9	63.3
230	6	82.4	95.5
230	7	82.4	95.5
230	8	82.4	95.5
230	9	82.4	95.5
231	0	63.83	78.49
231	1	64.31	79.98
231	2	63.8	81.4
231	3	66.9	63.3
231	4	63.8	78.6
231	5	66.9	63.3
231	6	63.81	78.35
231	7	63.8	78.4
231	8	63.8	78.6
231	9	66.9	63.3
232	0	79.9	87
232	1	79.9	87
232	2	79.9	87
232	3	79.9	87
232	4	79.9	87
232	5	79.9	87
232	6	79.9	87
232	7	79.9	87
232	8	79.9	87
232	9	79.9	87
233	0	70.89	80.54
233	1	68.9	68.45
233	2	70.9	73.6
233	3	66.9	63.3
233	4	70.9	80.6
233	5	66.9	63.3
233	6	70.9	80.58
233	7	70.9	80.6
233	8	70.9	80.6
233	9	70.9	63.3
234	0	65.5	73.8
234	1	65.5	65.26
234	2	65.5	73.6
234	3	65.5	63.3
234	4	65.5	73.9
234	5	65.5	63.3
234	6	65.5	73.89
234	7	65.5	73.9
234	8	65.5	73.9
234	9	66.9	63.3
235	0	65.81	75.2
235	1	65.8	75.2
235	2	65.8	75.2
235	3	65.8	75.2
235	4	65.8	75.2
235	5	65.8	75.2
235	6	65.81	75.2
235	7	65.8	75.2
235	8	65.8	75.2
235	9	66.9	75.2
239	0	66.9	74.27
239	1	66.9	72.87
239	2	66.9	73.6
239	3	66.9	63.3
239	4	66.9	72.7
239	5	66.9	63.3
239	6	66.9	75.76
239	7	66.9	75.8
239	8	66.9	72.7
239	9	66.9	72.7
240	0	87.49	90.8
240	1	88.55	90.8
240	2	95.2	90.8
240	3	81.9	90.8
240	4	81.9	90.8
240	5	81.9	90.8
240	6	85.5	90.8
240	7	85.5	90.8
240	8	84.2	90.8
240	9	84.2	90.8
241	0	84.18	90.8
241	1	83.44	90.8
241	2	95.2	90.8
241	3	81.9	90.8
241	4	81.9	90.8
241	5	81.9	90.8
241	6	85.5	90.8
241	7	85.5	90.8
241	8	84.2	90.8
241	9	84.2	90.8
242	0	83.7	90.8
242	1	82.69	90.8
242	2	95.2	90.8
242	3	81.9	90.8
242	4	84.2	90.8
242	5	81.9	90.8
242	6	85.5	90.8
242	7	85.5	90.8
242	8	84.2	90.8
242	9	84.2	90.8
250	0	73.79	75.81
250	1	77.14	87.93
250	2	74.1	99
250	3	78.4	74.1
250	4	73.7	74.1
250	5	78.4	74.1
250	6	71.7	74.1
250	7	71.7	74.1
250	8	73.7	74.1
250	9	73.7	74.1
251	0	68.2	76.08
251	1	72.06	99
251	2	68	99
251	3	80.2	77.4
251	4	68	77.4
251	5	80.2	77.4
251	6	68	73.9
251	7	68	73.9
251	8	68	77.4
251	9	68	77.4
252	0	75.54	73.9
252	1	77.4	73.9
252	2	75.3	73.9
252	3	80.2	73.9
252	4	75.3	73.9
252	5	80.2	73.9
252	6	75.3	73.9
252	7	75.3	73.9
252	8	75.3	73.9
252	9	75.3	73.9
253	0	81.32	83.25
253	1	83.52	93.46
253	2	84.7	99
253	3	80.2	74.1
253	4	81.2	87.9
253	5	80.2	74.1
253	6	80.3	78
253	7	80.3	78
253	8	81.2	87.9
253	9	81.2	87.9
260	0	80.16	77.9
260	1	80.9	77.9
260	2	79.1	77.9
260	3	82.4	77.9
260	4	80.2	77.9
260	5	82.4	77.9
260	6	79.6	77.9
260	7	79.6	77.9
260	8	80.2	77.9
260	9	80.2	77.9
261	0	86.22	77.9
261	1	85.52	77.9
261	2	86.3	77.9
261	3	82.4	77.9
261	4	86.3	77.9
261	5	82.4	77.9
261	6	86.3	77.9
261	7	86.3	77.9
261	8	86.3	77.9
261	9	86.3	77.9
262	0	69.23	77.9
262	1	83.5	77.9
262	2	85.6	77.9
262	3	82.1	77.9
262	4	69	77.9
262	5	82.1	77.9
262	6	65.9	77.9
262	7	65.9	77.9
262	8	69	77.9
262	9	69	77.9
270	0	86.2	78.6
270	1	86.2	78.6
270	2	86.2	78.6
270	3	86.2	78.6
270	4	86.2	78.6
270	5	86.2	78.6
270	6	86.2	78.6
270	7	86.2	78.6
270	8	86.2	78.6
270	9	86.2	78.6
271	0	76.5	86.1
271	1	76.5	86.1
271	2	76.5	86.1
271	3	76.5	86.1
271	4	76.5	86.1
271	5	76.5	86.1
271	6	76.5	86.1
271	7	76.5	86.1
271	8	76.5	86.1
271	9	76.5	86.1
290	0	90.42	86.4
290	1	78.3	86.4
290	2	78.3	86.4
290	3	78.3	86.4
290	4	95.7	86.4
290	5	78.3	86.4
290	6	95.7	86.4
290	7	95.7	86.4
290	8	95.7	86.4
290	9	95.7	86.4
291	0	79.48	58.8
291	1	80.5	58.8
291	2	80.6	58.8
291	3	79.5	58.8
291	4	79.5	58.8
291	5	79.5	58.8
291	6	79.4	58.8
291	7	79.4	58.8
291	8	79.5	58.8
291	9	79.5	58.8
292	0	82.27	86.4
292	1	80.6	86.4
292	2	80.6	86.4
292	3	80.6	58.8
292	4	82.2	58.8
292	5	80.6	58.8
292	6	82.5	86.4
292	7	82.5	86.4
292	8	82.2	58.8
292	9	82.2	58.8
293	0	73.6	56
293	1	73.6	56
293	2	73.6	56
293	3	73.6	56
293	4	73.6	56
293	5	73.6	56
293	6	73.6	56
293	7	73.6	56
293	8	73.6	56
293	9	73.6	56
300	0	61.36	61.62
300	1	69	79.3
300	2	69	79.3
300	3	69	61.3
300	4	61.9	61.3
300	5	69	61.3
300	6	61.27	61.3
300	7	61.2	61.3
300	8	61.2	61.3
300	9	69	61.3
301	0	51.91	61.3
301	1	69	60.8
301	2	69	60.8
301	3	69	60.8
301	4	51.2	60.8
301	5	69	60.8
301	6	51.22	61.3
301	7	51.2	61.3
301	8	52.3	60.8
301	9	51.2	60.8
302	0	49.71	55.4
302	1	69	60.8
302	2	69	60.8
302	3	49	60.8
302	4	49	60.8
302	5	49	60.8
302	6	49	55.4
302	7	49	55.4
302	8	49	60.8
302	9	49	60.8
303	0	67.44	83.8
303	1	69	83.8
303	2	69	83.8
303	3	67.3	83.8
303	4	67.3	83.8
303	5	67.3	83.8
303	6	67.3	83.8
303	7	67.3	83.8
303	8	67.3	83.8
303	9	67.3	83.8
304	0	58.2	83.8
304	1	58.2	60.8
304	2	58.2	60.8
304	3	58.2	60.8
304	4	58.2	60.8
304	5	58.2	60.8
304	6	58.2	83.8
304	7	58.2	83.8
304	8	58.2	60.8
304	9	58.2	60.8
309	0	51.76	55.4
309	1	69	55.4
309	2	69	55.4
309	3	51.6	55.4
309	4	51.6	55.4
309	5	51.6	55.4
309	6	51.67	55.4
309	7	51.6	55.4
309	8	52.3	55.4
309	9	69	55.4
310	0	59.47	69.04
310	1	69.01	79.3
310	2	69.8	79.3
310	3	61.6	68.4
310	4	61.6	68.4
310	5	59.4	68.4
310	6	58.34	68.4
310	7	57.9	68.4
310	8	61.6	68.4
310	9	61.6	68.4
311	0	63.02	83.8
311	1	74.12	68.4
311	2	71.4	68.4
311	3	78.2	68.4
311	4	62.1	68.4
311	5	78.2	68.4
311	6	62.3	83.8
311	7	62.1	83.8
311	8	62.1	68.4
311	9	78.2	68.4
312	0	70.37	83.1
312	1	73.91	79.3
312	2	71.4	79.3
312	3	78.2	68.4
312	4	70.5	68.4
312	5	78.2	68.4
312	6	69.4	83.8
312	7	69.4	83.8
312	8	70.5	68.4
312	9	70.5	68.4
313	0	63.72	68.4
313	1	72.55	68.4
313	2	70.6	68.4
313	3	78.2	68.4
313	4	78.2	68.4
313	5	78.2	68.4
313	6	62.29	68.4
313	7	62.3	68.4
313	8	61.6	68.4
313	9	63.6	68.4
320	0	69	71.13
320	1	78.69	79.3
320	2	84.4	79.3
320	3	57.5	71
320	4	69.1	71
320	5	57.5	71
320	6	68.48	71
320	7	68.8	71
320	8	69.1	71
320	9	57.5	71
330	0	71.8	67
330	1	62.6	73.31
330	2	62.6	76.4
330	3	62.6	61.9
330	4	62.6	61.9
330	5	62.6	61.9
330	6	71.8	67
330	7	71.8	67
330	8	62.6	63.6
330	9	59	65
331	0	74.58	67
331	1	82.65	73.31
331	2	83.8	76.4
331	3	74.6	61.9
331	4	74.6	61.9
331	5	74.6	61.9
331	6	73.54	67
331	7	71.8	67
331	8	74.6	63.6
331	9	83.8	65
332	0	55.8	61.9
332	1	55.8	73.31
332	2	55.8	76.4
332	3	55.8	61.9
332	4	55.8	61.9
332	5	55.8	61.9
332	6	55.8	61.9
332	7	55.8	61.9
332	8	55.8	63.6
332	9	55.8	65
340	0	52.63	59.43
340	1	53.89	72.1
340	2	57.7	64.9
340	3	52.2	79.3
340	4	52.2	59.3
340	5	52.2	79.3
340	6	52.59	59.32
340	7	49.8	58.4
340	8	57.7	63
340	9	57.7	64.9
341	0	58.3	64.56
341	1	64.92	79.3
341	2	68.9	64.5
341	3	58.7	79.3
341	4	58.7	64.5
341	5	58.7	79.3
341	6	57.5	64.5
341	7	57.3	64.5
341	8	57.7	64.5
341	9	58.7	64.9
342	0	66.3	73.79
342	1	64.92	75.3
342	2	68.9	75.3
342	3	58.7	75.3
342	4	58.7	75.3
342	5	58.7	75.3
342	6	66.3	73.79
342	7	66.3	73.5
342	8	66.3	75.3
342	9	58.7	75.3
343	0	67.38	78.03
343	1	68.9	77
343	2	68.9	77
343	3	68.9	78.4
343	4	58.7	78.4
343	5	68.9	78.4
343	6	66.3	78.13
343	7	66.3	78.4
343	8	66.3	75.3
343	9	58.7	78.4
344	0	67.71	70.35
344	1	68.9	77.3
344	2	68.9	77
344	3	58.7	79.3
344	4	58.7	72.6
344	5	58.7	79.3
344	6	66.53	65.2
344	7	66.3	65.2
344	8	57.7	72.6
344	9	68.9	72.6
345	0	67.16	75.01
345	1	68.9	78.53
345	2	66.3	77
345	3	68.9	79.3
345	4	66.3	73.5
345	5	68.9	79.3
345	6	66.3	73.5
345	7	66.3	73.5
345	8	66.3	73.5
345	9	66.3	73.5
346	0	45.79	61.58
346	1	63.8	76.17
346	2	68.9	77
346	3	58.7	58.8
346	4	58.7	58.8
346	5	58.7	58.8
346	6	41.1	58.8
346	7	41.1	58.8
346	8	57.7	58.8
346	9	58.7	58.8
347	0	67.63	77.46
347	1	68.9	89.75
347	2	68.9	90.7
347	3	68.9	79.3
347	4	58.7	77.2
347	5	68.9	79.3
347	6	66.3	76
347	7	66.3	76
347	8	57.7	77.2
347	9	58.7	77.2
348	0	67.9	54
348	1	67.9	76.86
348	2	67.9	80.8
348	3	67.9	61.6
348	4	67.9	61.6
348	5	67.9	61.6
348	6	67.9	54
348	7	67.9	54
348	8	67.9	63.6
348	9	67.9	64.9
349	0	45.73	54
349	1	68.9	54
349	2	68.9	54
349	3	58	54
349	4	58	54
349	5	58	54
349	6	41.1	54
349	7	41.1	54
349	8	58	54
349	9	58	54
350	0	65.82	71.8
350	1	77.53	71.9
350	2	81	71.9
350	3	73.2	71.9
350	4	64.6	71.9
350	5	73.2	71.9
350	6	64.55	71.8
350	7	60.1	70.7
350	8	64.6	71.9
350	9	68.7	72.7
360	0	56.93	60.2
360	1	78.21	60.2
360	2	81	60.2
360	3	73.2	60.2
360	4	59.9	60.2
360	5	73.2	60.2
360	6	55.46	60.2
360	7	54.2	60.2
360	8	59.9	60.2
360	9	67.7	60.2
361	0	68.09	61.97
361	1	69.38	69.79
361	2	69.3	70.2
361	3	69.57	68.48
361	4	69.5	70.2
361	5	73.2	61.6
361	6	67.7	61.12
361	7	67.7	60
361	8	68.1	61.6
361	9	67.7	72.7
362	0	67.67	65.71
362	1	74.06	70.2
362	2	81	70.2
362	3	73.2	70.2
362	4	67	65.1
362	5	73.2	70.2
362	6	67	65.1
362	7	67	65.1
362	8	67	65.1
362	9	67	65.1
363	0	64.2	66.24
363	1	81	68.2
363	2	81	66.2
363	3	62.5	70.2
363	4	62.5	66.2
363	5	62.5	70.2
363	6	62.5	66.2
363	7	62.5	66.2
363	8	62.5	66.2
363	9	62.5	66.2
364	0	71.51	66.45
364	1	79.22	70.2
364	2	81	70.2
364	3	73.2	70.2
364	4	69.5	65.6
364	5	73.2	70.2
364	6	69.5	65.6
364	7	69.5	65.6
364	8	69.5	65.6
364	9	69.5	65.6
370	0	60.4	51.2
370	1	60.4	61.72
370	2	60.4	61.9
370	3	60.4	61.7
370	4	60.4	61.9
370	5	60.4	49.9
370	6	60.4	48.28
370	7	60.4	49.8
370	8	60.4	49.9
370	9	60.4	45.7
371	0	62.82	58.69
371	1	62.8	61.9
371	2	62.8	61.9
371	3	62.8	58.7
371	4	62.8	58.7
371	5	62.8	58.7
371	6	62.82	58.66
371	7	62.9	56.9
371	8	62.8	58.7
371	9	62.6	65.4
380	0	75.88	86.28
380	1	80.27	93.98
380	2	80.7	94.4
380	3	77	85.8
380	4	77	85.8
380	5	75.7	85.8
380	6	73.65	81.9
380	7	72	79.5
380	8	75.7	85.8
380	9	77	85.8
381	0	72.08	70.12
381	1	74.51	75.73
381	2	76.7	76.3
381	3	63.5	72.4
381	4	63.5	72.4
381	5	71.7	70
381	6	70	65.86
381	7	68.7	64.8
381	8	68.7	72.4
381	9	76.6	72.4
382	0	64.13	72.9
382	1	76.7	72.9
382	2	76.7	72.9
382	3	76.7	72.9
382	4	76.7	72.9
382	5	57.1	72.9
382	6	60.36	72.9
382	7	57.1	72.9
382	8	57.1	72.9
382	9	76.7	72.9
383	0	66.55	74.36
383	1	64.4	75.6
383	2	72.8	75.6
383	3	64.4	75.6
383	4	64.4	75.6
383	5	64.4	75.6
383	6	68.7	72.9
383	7	68.7	72.9
383	8	70.8	75.6
383	9	78.6	75.6
384	0	70.02	66.97
384	1	65.1	62.82
384	2	65.4	62.2
384	3	63.5	69.8
384	4	63.5	69.8
384	5	63.5	66.9
384	6	76.88	70.17
384	7	73.9	69.8
384	8	70.8	66.9
384	9	84.6	72.4
385	0	70.77	74.36
385	1	71.41	77.16
385	2	72.8	77.5
385	3	64.4	74.1
385	4	64.4	74.1
385	5	64.4	74.1
385	6	70.25	72.44
385	7	68	70.5
385	8	70.8	74.1
385	9	78.6	80.6
386	0	64.57	63.9
386	1	69.24	63.9
386	2	70.2	63.9
386	3	66.1	63.9
386	4	66.1	63.9
386	5	64.2	63.9
386	6	60.86	63.9
386	7	60.8	63.9
386	8	60.8	63.9
386	9	64.2	63.9
387	0	70.77	74.36
387	1	71.41	77.16
387	2	72.8	77.5
387	3	64.4	74.1
387	4	64.4	74.1
387	5	64.4	74.1
387	6	70.25	72.44
387	7	68	70.5
387	8	70.8	74.1
387	9	78.6	80.6
390	0	70.1	69.65
390	1	70.1	69.7
390	2	70.1	69.7
390	3	70.1	69.7
390	4	70.1	69.7
390	5	70.1	69.7
390	6	70.1	69.65
390	7	70.1	69.7
390	8	70.1	69.7
390	9	70.1	64.9
391	0	54.29	65.91
391	1	65.4	66.5
391	2	65.4	64.9
391	3	65.4	79.3
391	4	54.2	65.8
391	5	65.4	79.3
391	6	53.36	65.88
391	7	53	65.9
391	8	54.2	65.8
391	9	65.4	64.9
392	0	57.1	67.42
392	1	56.53	71.14
392	2	56.5	71.4
392	3	57	67.7
392	4	57	67.7
392	5	57	67.7
392	6	57.27	67.1
392	7	56.5	67.1
392	8	57	67.7
392	9	72.4	67.7
393	0	54.39	65.42
393	1	54.5	64.9
393	2	54.5	64.9
393	3	54.5	67.7
393	4	54.5	67.7
393	5	54.5	67.7
393	6	53.46	67
393	7	53	67
393	8	54.5	67.7
393	9	54.5	67.7
394	0	53.7	69.3
394	1	53.7	71.14
394	2	53.7	71.4
394	3	53.7	67.7
394	4	53.7	67.7
394	5	53.7	67.7
394	6	53.7	69.3
394	7	53.7	69.3
394	8	53.7	67.7
394	9	53.7	67.7
395	0	69.5	69.3
395	1	69.5	71.14
395	2	69.5	71.4
395	3	69.5	67.7
395	4	69.5	67.7
395	5	69.5	67.7
395	6	69.5	69.3
395	7	69.5	69.3
395	8	69.5	67.7
395	9	69.5	67.7
396	0	58.98	69.3
396	1	72.4	69.3
396	2	72.4	69.3
396	3	72.4	69.3
396	4	57.4	69.3
396	5	72.4	69.3
396	6	57.78	69.3
396	7	57.4	69.3
396	8	57.4	69.3
396	9	72.4	69.3
399	0	61.36	68.24
399	1	72.4	79.3
399	2	72.4	79.3
399	3	72.4	79.3
399	4	62.7	70.7
399	5	72.4	79.3
399	6	60.7	67
399	7	58.1	67
399	8	58.1	70.7
399	9	72.4	70.7
400	0	50.9	51
400	1	50.9	51
400	2	50.9	51
400	3	50.9	51
400	4	50.9	51
400	5	50.9	51
400	6	50.9	51
400	7	50.9	51
400	8	50.9	51
400	9	50.9	51
401	0	56.77	56.48
401	1	57.1	56.4
401	2	57.1	56.4
401	3	57.1	56.4
401	4	57.1	56.4
401	5	57.1	56.4
401	6	56.77	56.48
401	7	59.7	56.4
401	8	38	58.6
401	9	57.1	56.4
410	0	58.55	54.5
410	1	65.64	65.76
410	2	59.9	62
410	3	78.4	80.2
410	4	78.4	80.2
410	5	78.4	80.2
410	6	57.8	54.11
410	7	58	54
410	8	55.5	55.9
410	9	58.6	54.5
411	0	53.98	52.52
411	1	78.4	63
411	2	53.9	63
411	3	78.4	52.5
411	4	78.4	52.5
411	5	53.9	52.5
411	6	53.92	52.51
411	7	53.8	52.5
411	8	55.4	52.7
411	9	53.9	52.5
412	0	42.6	41.2
412	1	42.6	41.2
412	2	42.6	41.2
412	3	42.6	41.2
412	4	42.6	41.2
412	5	42.6	41.2
412	6	42.6	41.2
412	7	42.6	41.2
412	8	42.6	41.2
412	9	42.6	41.2
420	0	50.66	58.25
420	1	64.95	64.72
420	2	51.5	63
420	3	78.4	80.2
420	4	78.4	58.2
420	5	50.6	80.2
420	6	50.6	58.2
420	7	50.3	58.3
420	8	54.9	52.8
420	9	50.6	58.2
421	0	50.53	65
421	1	50.6	65
421	2	50.6	65
421	3	50.6	65
421	4	50.6	65
421	5	50.6	65
421	6	50.53	65
421	7	50.3	65
421	8	55.4	65
421	9	50.6	65
430	0	52.11	53.34
430	1	59.57	62.4
430	2	51.5	63
430	3	78.4	61.6
430	4	78.4	61.6
430	5	52	53.3
430	6	51.99	53.11
430	7	51.5	53.2
430	8	54.7	51.7
430	9	52	53.3
440	0	36.25	48.9
440	1	35.4	48.9
440	2	35.4	48.9
440	3	35.4	48.9
440	4	35.4	48.9
440	5	35.4	48.9
440	6	36.25	48.9
440	7	35.4	48.9
440	8	42.7	48.9
440	9	35.4	48.9
441	0	37.82	35.72
441	1	42.6	35.7
441	2	42.6	35.7
441	3	37.8	35.7
441	4	37.8	35.7
441	5	37.8	35.7
441	6	37.81	35.72
441	7	36.5	35.2
441	8	42.7	41.1
441	9	42.7	35.7
450	0	62.6	65.8
450	1	62.6	73.2
450	2	62.6	73.2
450	3	62.6	65.7
450	4	62.6	65.7
450	5	62.6	65.7
450	6	62.6	65.7
450	7	62.6	65.7
450	8	62.6	65.7
450	9	62.6	65.7
451	0	62.6	54.99
451	1	62.6	78.56
451	2	62.6	73.2
451	3	62.6	89.3
451	4	62.6	89.3
451	5	62.6	89.3
451	6	62.6	54.6
451	7	62.6	54.6
451	8	62.6	54.6
451	9	62.6	54.6
452	0	62.6	52.71
452	1	62.6	73.2
452	2	62.6	73.2
452	3	62.6	52.4
452	4	62.6	52.4
452	5	62.6	52.4
452	6	62.6	52.41
452	7	62.6	52.4
452	8	62.6	52.7
452	9	62.6	52.4
459	0	62.09	63
459	1	51.5	76.62
459	2	51.5	73.2
459	3	62.6	89.3
459	4	62.6	89.3
459	5	62.6	63
459	6	62.46	62.62
459	7	62.6	62.6
459	8	54.7	66.6
459	9	62.6	63
460	0	51.4	56.7
460	1	51.4	56.7
460	2	51.4	56.7
460	3	51.4	56.7
460	4	51.4	56.7
460	5	51.4	56.7
460	6	51.4	56.7
460	7	51.4	56.7
460	8	51.4	56.7
460	9	51.4	56.7
461	0	51.4	54.7
461	1	48.8	54.7
461	2	48.8	54.7
461	3	48.8	54.7
461	4	48.8	54.7
461	5	48.8	54.7
461	6	51.4	54.7
461	7	51.4	54.7
461	8	58	54.7
461	9	48.8	54.7
462	0	49.97	48.6
462	1	51.5	48.8
462	2	51.5	48.8
462	3	51.5	48.8
462	4	51.5	48.8
462	5	51.5	48.8
462	6	49.97	48.6
462	7	46.5	47.9
462	8	58	56
462	9	51.5	48.8
463	0	46.7	49.42
463	1	44.1	48.3
463	2	44.1	48.3
463	3	44.1	48.3
463	4	44.1	48.3
463	5	44.1	48.3
463	6	46.7	49.42
463	7	44.1	48.3
463	8	58	56
463	9	44.1	48.3
490	0	51.97	48.32
490	1	50.8	48.2
490	2	50.8	48.2
490	3	52	48.4
490	4	52	48.4
490	5	52	48.4
490	6	52	48.32
490	7	50.8	48.2
490	8	57.3	50.5
490	9	52	48.4
491	0	57.9	55.7
491	1	52	55.7
491	2	52	55.7
491	3	52	55.7
491	4	52	55.7
491	5	52	55.7
491	6	57.9	55.7
491	7	57.9	55.7
491	8	57.3	55.7
491	9	52	55.7
500	0	34.01	44.1
500	1	37.83	44.1
500	2	37.2	44.1
500	3	43	44.1
500	4	43	44.1
500	5	34.1	44.1
500	6	29.76	44.1
500	7	29.6	44.1
500	8	31.3	44.1
500	9	43	44.1
501	0	34.39	44.1
501	1	39.52	44.1
501	2	37.5	44.1
501	3	47.5	44.1
501	4	47.5	44.1
501	5	34.4	44.1
501	6	26.73	44.1
501	7	25.9	44.1
501	8	25.9	44.1
501	9	47.5	44.1
502	0	36.19	44.1
502	1	39.72	44.1
502	2	38.7	44.1
502	3	48.7	44.1
502	4	48.7	44.1
502	5	35.3	44.1
502	6	30.2	44.1
502	7	30.2	44.1
502	8	30.2	44.1
502	9	35.3	44.1
503	0	41.72	44.1
503	1	49.82	44.1
503	2	49.5	44.1
503	3	50.8	44.1
503	4	50.8	44.1
503	5	40.6	44.1
503	6	35.4	44.1
503	7	35.3	44.1
503	8	40.6	44.1
503	9	39.8	44.1
504	0	46.39	53.45
504	1	48.43	53.45
504	2	47.8	44.1
504	3	50.8	62.8
504	4	50.8	62.8
504	5	46.5	44.1
504	6	35.06	44.1
504	7	34.6	44.1
504	8	46.5	44.1
504	9	39.8	44.1
505	0	33.62	44.1
505	1	43.97	44.1
505	2	42.2	44.1
505	3	48.7	44.1
505	4	48.7	44.1
505	5	32.6	44.1
505	6	31.3	44.1
505	7	31.3	44.1
505	8	31.3	44.1
505	9	32.6	44.1
506	0	44.39	44.1
506	1	48.14	44.1
506	2	47.2	44.1
506	3	52.7	44.1
506	4	52.7	44.1
506	5	44.3	44.1
506	6	35.9	44.1
506	7	35.9	44.1
506	8	44.3	44.1
506	9	44.3	44.1
507	0	38.71	49.08
507	1	44.38	60.7
507	2	43.8	60.7
507	3	48.7	44.1
507	4	48.7	44.1
507	5	48.7	44.1
507	6	31.95	44.1
507	7	31.3	44.1
507	8	39.8	44.1
507	9	48.7	44.1
509	0	38.55	53.45
509	1	45.08	56.56
509	2	44.9	44.1
509	3	48.7	62.8
509	4	48.7	62.8
509	5	38.3	44.1
509	6	34.76	44.1
509	7	34.7	44.1
509	8	34.7	44.1
509	9	48.7	44.1
510	0	38.81	29.7
510	1	48.6	33.7
510	2	48.6	33.7
510	3	48.6	33.7
510	4	48.6	33.7
510	5	38.3	33.7
510	6	38.3	29.7
510	7	38.3	29.7
510	8	38.3	33.7
510	9	38.3	33.7
511	0	33.7	29.7
511	1	33.7	33.7
511	2	33.7	33.7
511	3	33.7	33.7
511	4	33.7	33.7
511	5	33.7	33.7
511	6	33.7	29.7
511	7	33.7	29.7
511	8	33.7	33.7
511	9	33.7	33.7
512	0	31.9	33.7
512	1	48.6	33.7
512	2	48.6	33.7
512	3	48.6	33.7
512	4	48.6	33.7
512	5	31.6	33.7
512	6	31.6	33.7
512	7	31.6	33.7
512	8	31.6	33.7
512	9	31.6	33.7
513	0	36.6	45.2
513	1	48.6	60.7
513	2	48.6	60.7
513	3	48.6	33.7
513	4	48.6	33.7
513	5	36.3	33.7
513	6	36.3	29.7
513	7	36.3	29.7
513	8	36.3	33.7
513	9	36.3	33.7
514	0	24.7	29.7
514	1	24.7	33.7
514	2	24.7	33.7
514	3	24.7	33.7
514	4	24.7	33.7
514	5	24.7	33.7
514	6	24.7	29.7
514	7	24.7	29.7
514	8	24.7	33.7
514	9	24.7	33.7
515	0	42.55	29.7
515	1	50.16	33.7
515	2	50.9	33.7
515	3	48.6	33.7
515	4	48.6	33.7
515	5	42	33.7
515	6	41.98	29.7
515	7	42.8	29.7
515	8	36.3	29.7
515	9	48.6	33.7
516	0	41.09	29.7
516	1	51.43	29.7
516	2	50.9	29.7
516	3	53.2	29.7
516	4	53.2	29.7
516	5	41.1	29.7
516	6	40.46	29.7
516	7	40.5	29.7
516	8	39.8	29.7
516	9	53.2	29.7
517	0	45.79	40.9
517	1	48.95	40.9
517	2	44.5	40.9
517	3	65.3	40.9
517	4	65.3	40.9
517	5	45.5	40.9
517	6	45.31	40.9
517	7	49.1	40.9
517	8	28.6	40.9
517	9	45.5	40.9
518	0	59.12	40.9
518	1	65.3	40.9
518	2	65.3	40.9
518	3	65.3	33.7
518	4	65.3	33.7
518	5	65.3	33.7
518	6	51.65	40.9
518	7	49.1	40.9
518	8	49.1	33.7
518	9	65.3	33.7
519	0	30.31	29.7
519	1	48.6	33.7
519	2	48.6	33.7
519	3	30.3	33.7
519	4	30.3	33.7
519	5	30.3	33.7
519	6	30.26	29.7
519	7	30	29.7
519	8	31.4	29.7
519	9	30.3	33.7
520	0	47.39	31.1
520	1	62.1	31.1
520	2	47.3	31.1
520	3	62.1	31.1
520	4	62.1	31.1
520	5	47.3	31.1
520	6	47.26	31.1
520	7	48	31.1
520	8	45.9	31.1
520	9	47.3	31.1
521	0	45.5	46.9
521	1	52	46.9
521	2	49.1	46.9
521	3	62.1	46.9
521	4	62.1	46.9
521	5	45.5	46.9
521	6	43.59	46.9
521	7	43.6	46.9
521	8	43.3	46.9
521	9	62.1	46.9
522	0	55.2	46.9
522	1	57.7	42.9
522	2	51.9	42.9
522	3	66	42.9
522	4	66	42.9
522	5	54.8	42.9
522	6	54.8	46.9
522	7	54.8	46.9
522	8	54.8	42.9
522	9	54.8	42.9
523	0	48.88	56.7
523	1	43.2	56.7
523	2	43.2	56.7
523	3	48.9	56.7
523	4	48.9	56.7
523	5	48.9	56.7
523	6	48.93	56.7
523	7	49	56.7
523	8	47.1	56.7
523	9	48.9	56.7
524	0	41.5	42.9
524	1	41.5	42.9
524	2	41.5	42.9
524	3	41.5	42.9
524	4	41.5	42.9
524	5	41.5	42.9
524	6	41.5	42.9
524	7	41.5	42.9
524	8	41.5	42.9
524	9	41.5	42.9
525	0	47.47	58.3
525	1	48.03	60.7
525	2	43.2	60.7
525	3	66	42.9
525	4	66	42.9
525	5	46.2	42.9
525	6	47.31	56.7
525	7	47	56.7
525	8	47.1	42.9
525	9	66	42.9
526	0	53.94	56.7
526	1	51.9	42.9
526	2	51.9	42.9
526	3	54.2	42.9
526	4	54.2	42.9
526	5	54.2	42.9
526	6	53.98	56.7
526	7	54.2	56.7
526	8	49.7	56.7
526	9	66	42.9
529	0	50.39	47.98
529	1	55.19	60.7
529	2	51.9	60.7
529	3	66	42.9
529	4	66	42.9
529	5	51.2	42.9
529	6	49.87	46.4
529	7	49.7	46.9
529	8	49.7	42.9
529	9	66	42.9
530	0	32.86	28.86
530	1	40.38	31
530	2	38.9	31
530	3	45.6	31
530	4	45.6	31
530	5	28.1	31
530	6	30.3	28.6
530	7	28.1	28.6
530	8	39.8	31
530	9	28.1	31
531	0	18.87	28.6
531	1	19	31
531	2	19	31
531	3	19	31
531	4	19	31
531	5	19	31
531	6	18.87	28.6
531	7	15.4	28.6
531	8	28.1	31
531	9	19	31
532	0	43.59	40.3
532	1	49.6	40.3
532	2	49.2	40.3
532	3	51.6	40.3
532	4	51.6	40.3
532	5	43.6	40.3
532	6	39.76	40.3
532	7	39.5	40.3
532	8	41.3	40.3
532	9	51.6	40.3
533	0	38.51	29.08
533	1	41.33	31
533	2	38.9	31
533	3	45.6	31
533	4	45.6	31
533	5	38.4	31
533	6	38.39	29.08
533	7	38.6	28.6
533	8	35.4	31
533	9	45.6	31
534	0	33.74	28.6
534	1	38.9	31
534	2	38.9	31
534	3	33.6	31
534	4	33.6	31
534	5	33.6	31
534	6	33.53	28.6
534	7	34.2	28.6
534	8	28.7	28.6
534	9	33.6	31
535	0	31.4	28.6
535	1	42.76	31
535	2	42.2	31
535	3	45.6	31
535	4	45.6	31
535	5	33	31
535	6	28.43	28.6
535	7	26.4	28.6
535	8	39.8	31
535	9	33	31
536	0	38.55	31
536	1	42.68	31
536	2	42.2	31
536	3	45.6	31
536	4	45.6	31
536	5	49.9	31
536	6	33.45	31
536	7	32.7	31
536	8	32.7	31
536	9	45.6	31
537	0	33.26	29.34
537	1	39.81	62.8
537	2	38.3	28.6
537	3	45.6	62.8
537	4	45.6	62.8
537	5	45.6	28.6
537	6	32.66	28.6
537	7	32.7	28.6
537	8	31.9	28.6
537	9	45.6	28.6
540	0	43.68	50.45
540	1	47.9	55.2
540	2	45.9	60.7
540	3	54.7	49.7
540	4	54.7	49.7
540	5	54.7	49.7
540	6	42.51	49.7
540	7	41.9	49.7
540	8	46.1	49.7
540	9	54.7	49.7
541	0	38.72	49.7
541	1	41.9	49.7
541	2	41.9	49.7
541	3	41.9	49.7
541	4	41.9	49.7
541	5	38.5	49.7
541	6	38.5	49.7
541	7	38.5	49.7
541	8	38.5	49.7
541	9	38.5	49.7
542	0	40.08	49.7
542	1	41.9	49.7
542	2	41.9	49.7
542	3	41.9	49.7
542	4	41.9	49.7
542	5	40.2	49.7
542	6	39.1	49.7
542	7	39.1	49.7
542	8	39.1	49.7
542	9	40.2	49.7
543	0	54.5	49.7
543	1	56.2	49.7
543	2	56.2	49.7
543	3	56.2	49.7
543	4	56.2	49.7
543	5	54.5	49.7
543	6	53.5	49.7
543	7	53.5	49.7
543	8	53.5	49.7
543	9	54.5	49.7
544	0	42.52	49.7
544	1	41.9	49.7
544	2	41.9	49.7
544	3	41.9	49.7
544	4	41.9	49.7
544	5	42.6	49.7
544	6	42.58	49.7
544	7	42.6	49.7
544	8	42.6	49.7
544	9	41.9	49.7
550	0	13.49	28.25
550	1	32.3	62.8
550	2	54.4	25.6
550	3	10.2	62.8
550	4	10.2	62.8
550	5	10.2	25.6
550	6	11.85	25.6
550	7	10.2	25.6
550	8	22.9	25.6
550	9	10.2	25.6
551	0	26.35	28.48
551	1	38.75	51.51
551	2	26.1	50.1
551	3	51.4	62.8
551	4	51.4	62.8
551	5	26.1	25.9
551	6	25.94	25.9
551	7	26.1	25.9
551	8	22.9	25.9
551	9	26.1	25.9
552	0	26.26	29.06
552	1	26.5	50.1
552	2	26.5	50.1
552	3	26.5	27.9
552	4	26.5	27.9
552	5	26.5	27.9
552	6	26.26	27.9
552	7	26.5	27.9
552	8	22.9	27.9
552	9	26.5	27.9
553	0	34.61	28.11
553	1	53.03	51.3
553	2	54.4	50.1
553	3	51.4	62.8
553	4	51.4	62.8
553	5	31.2	26.9
553	6	30.72	26.95
553	7	31.2	26.9
553	8	22.9	30.7
553	9	31.2	26.9
554	0	43.41	40.71
554	1	55.84	54
554	2	58	50.1
554	3	51.4	62.8
554	4	51.4	62.8
554	5	42.6	33.8
554	6	35.81	33.8
554	7	36.8	33.8
554	8	22.9	33.8
554	9	42.6	33.8
555	0	40.55	30.93
555	1	53.44	53.27
555	2	54.4	50.1
555	3	51.4	62.8
555	4	51.4	62.8
555	5	41.6	30.1
555	6	37.09	30.1
555	7	37.9	30.1
555	8	22.9	30.1
555	9	41.6	30.1
556	0	42.88	41.76
556	1	53.4	53.27
556	2	54.4	50.1
556	3	51.4	62.8
556	4	51.4	62.8
556	5	34.3	38.5
556	6	37.9	38.81
556	7	37.9	38.5
556	8	22.9	38.5
556	9	34.3	62.8
557	0	32.27	19.37
557	1	52.9	50.1
557	2	54.4	50.1
557	3	51.4	18.9
557	4	51.4	18.9
557	5	32	18.9
557	6	31.46	18.9
557	7	32	18.9
557	8	22.9	18.9
557	9	32	18.9
559	0	39.89	29.36
559	1	52.34	57.15
559	2	54.4	50.1
559	3	51.4	62.8
559	4	51.4	62.8
559	5	22.9	37.5
559	6	33.31	26.84
559	7	37.9	24
559	8	22.9	30.7
559	9	22.9	37.5
560	0	51.24	61.4
560	1	57.9	61.4
560	2	57.9	61.4
560	3	57.9	61.4
560	4	57.9	61.4
560	5	50.5	61.4
560	6	50.59	61.4
560	7	50.5	61.4
560	8	50.5	61.4
560	9	57.9	61.4
561	0	49.4	41.93
561	1	61.97	61.96
561	2	57.9	60.7
561	3	65.5	62.8
561	4	65.5	62.8
561	5	65.5	36.8
561	6	46.78	36.8
561	7	46.2	36.8
561	8	46.2	36.8
561	9	65.5	36.8
562	0	38.98	31.5
562	1	54.3	31.5
562	2	38	31.5
562	3	54.3	31.5
562	4	54.3	31.5
562	5	38	31.5
562	6	38.5	31.5
562	7	38	31.5
562	8	38	31.5
562	9	54.3	31.5
563	0	44.95	36.95
563	1	54.3	49.3
563	2	54.3	60.7
563	3	54.3	37.9
563	4	54.3	37.9
563	5	42.4	37.9
563	6	43.08	34.21
563	7	42.4	34
563	8	42.4	37.9
563	9	54.3	37.9
569	0	37.82	34.21
569	1	54.3	60.7
569	2	54.3	60.7
569	3	54.3	34
569	4	54.3	34
569	5	38.3	34
569	6	37.13	34
569	7	38.1	34
569	8	29.3	34
569	9	54.3	34
570	0	42.03	40.86
570	1	45.49	54.75
570	2	44.8	60.7
570	3	49.8	36.9
570	4	49.8	36.9
570	5	42.1	36.9
570	6	38.14	36.9
570	7	37.9	36.9
570	8	39.6	36.9
570	9	49.8	36.9
571	0	44.33	44.15
571	1	54.23	62.27
571	2	55.8	60.7
571	3	49.8	62.8
571	4	49.8	62.8
571	5	37	36.9
571	6	37.49	36.9
571	7	37	36.9
571	8	39.6	36.9
571	9	49.8	36.9
572	0	21.2	36.9
572	1	21.2	36.9
572	2	21.2	36.9
572	3	21.2	36.9
572	4	21.2	36.9
572	5	21.2	36.9
572	6	21.2	36.9
572	7	21.2	36.9
572	8	21.2	36.9
572	9	21.2	36.9
573	0	41.45	36.9
573	1	55.8	36.9
573	2	55.8	36.9
573	3	40.4	36.9
573	4	40.4	36.9
573	5	40.4	36.9
573	6	40.4	36.9
573	7	40.4	36.9
573	8	40.4	36.9
573	9	40.4	36.9
579	0	47.52	51.74
579	1	55.8	61.63
579	2	55.8	60.7
579	3	55.8	62.8
579	4	55.8	62.8
579	5	55.8	36.9
579	6	37	36.9
579	7	37	36.9
579	8	37	36.9
579	9	55.8	36.9
580	0	33.58	37.95
580	1	34.65	61.99
580	2	34.7	60.7
580	3	34.63	62.8
580	4	34.7	62.8
580	5	33.6	34.4
580	6	33.4	34.4
580	7	33.2	34.4
580	8	34	34.4
580	9	33.6	34.4
581	0	33.61	35
581	1	33.6	35
581	2	33.6	35
581	3	33.6	35
581	4	33.6	35
581	5	33.6	35
581	6	33.61	35
581	7	33.6	35
581	8	34	35
581	9	33.6	35
582	0	25.12	24.9
582	1	24.4	24.9
582	2	24.4	24.9
582	3	24.4	24.9
582	4	24.4	24.9
582	5	24.4	24.9
582	6	25.12	24.9
582	7	24.4	24.9
582	8	34	24.9
582	9	24.4	24.9
590	0	31.26	28.43
590	1	29.6	60.96
590	2	29.6	60.7
590	3	29.6	62.8
590	4	29.6	62.8
590	5	31.3	21
590	6	31.38	21
590	7	29.6	21
590	8	37.9	21
590	9	31.3	21
591	0	20.12	32.22
591	1	29.6	61.4
591	2	29.6	60.7
591	3	29.6	62.8
591	4	29.6	62.8
591	5	18.2	30.9
591	6	18.85	30.9
591	7	18.2	30.9
591	8	37.9	30.9
591	9	18.2	30.9
592	0	63.6	30.9
592	1	63.6	61.18
592	2	63.6	60.7
592	3	63.6	62.8
592	4	63.6	62.8
592	5	63.6	62.8
592	6	63.6	30.9
592	7	63.6	30.9
592	8	63.6	41.6
592	9	63.6	41.6
593	0	66	44.55
593	1	66	48.2
593	2	66	40.9
593	3	66	62.8
593	4	66	62.8
593	5	66	62.8
593	6	66	40.9
593	7	66	40.9
593	8	66	41.6
593	9	66	41.6
594	0	37.61	60.14
594	1	51.29	60.56
594	2	49.7	60
594	3	58.9	62.8
594	4	58.9	62.8
594	5	58.9	60
594	6	33.34	60
594	7	33	60
594	8	35.6	60
594	9	58.9	60
595	0	39.6	52.55
595	1	39.6	58.07
595	2	39.6	60
595	3	39.6	52.3
595	4	39.6	52.3
595	5	39.6	52.3
595	6	39.6	52.3
595	7	39.6	52.3
595	8	39.6	52.3
595	9	39.6	52.3
596	0	36.54	33.22
596	1	50.1	60.7
596	2	50	60.7
596	3	51.4	62.8
596	4	51.4	62.8
596	5	34.4	62.8
596	6	34.62	29.3
596	7	34.4	29.3
596	8	39.9	41.6
596	9	51.4	41.6
597	0	17.55	29.3
597	1	17.6	61.18
597	2	17.6	60.7
597	3	17.6	62.8
597	4	17.6	62.8
597	5	17.6	62.8
597	6	17.55	29.3
597	7	15.9	29.3
597	8	23.8	41.6
597	9	17.6	41.6
598	0	50.2	29.3
598	1	50.2	61.18
598	2	50.2	60.7
598	3	50.2	62.8
598	4	50.2	62.8
598	5	50.2	62.8
598	6	50.2	29.3
598	7	50.2	29.3
598	8	50.2	41.6
598	9	50.2	41.6
599	0	32.87	34.53
599	1	50.51	61.46
599	2	50	60.7
599	3	51.4	62.8
599	4	51.4	62.8
599	5	38	45.1
599	6	28.24	29.83
599	7	26.1	29.3
599	8	39.9	29.3
599	9	38	62.8
600	0	45.1	56.1
600	1	45.1	56.1
600	2	45.1	56.1
600	3	45.1	56.1
600	4	45.1	56.1
600	5	45.1	56.1
600	6	45.1	56.1
600	7	45.1	56.1
600	8	45.1	56.1
600	9	45.1	56.1
601	0	46.2	56.1
601	1	46.2	56.1
601	2	46.2	56.1
601	3	46.2	56.1
601	4	46.2	56.1
601	5	46.2	56.1
601	6	46.2	56.1
601	7	46.2	56.1
601	8	46.2	56.1
601	9	46.2	56.1
610	0	57.48	60.8
610	1	57.6	60.8
610	2	57.6	60.8
610	3	57.6	60.8
610	4	57.6	60.8
610	5	57.6	60.8
610	6	57.48	60.8
610	7	56.4	60.8
610	8	63	60.8
610	9	57.6	60.8
611	0	52.69	60.8
611	1	52.2	39.4
611	2	52.2	39.4
611	3	52.2	39.4
611	4	52.2	39.4
611	5	52.2	39.4
611	6	52.69	60.8
611	7	52.2	60.8
611	8	63	39.4
611	9	52.2	39.4
612	0	48.7	57.23
612	1	48.4	39.4
612	2	48.4	39.4
612	3	48.4	39.4
612	4	48.4	39.4
612	5	48.4	39.4
612	6	48.7	57.23
612	7	48.4	60.8
612	8	63	39.4
612	9	48.4	39.4
613	0	81.6	60.8
613	1	81.6	39.4
613	2	81.6	39.4
613	3	81.6	39.4
613	4	81.6	39.4
613	5	81.6	39.4
613	6	81.6	60.8
613	7	81.6	60.8
613	8	81.6	39.4
613	9	81.6	39.4
614	0	43.4	38.2
614	1	49.9	38.2
614	2	49.9	38.2
614	3	49.9	38.2
614	4	49.9	38.2
614	5	49.9	38.2
614	6	43.4	38.2
614	7	43.4	38.2
614	8	58.2	38.2
614	9	49.9	38.2
615	0	38.62	48.4
615	1	43.4	48.4
615	2	43.4	48.4
615	3	43.4	48.4
615	4	43.4	48.4
615	5	38.5	48.4
615	6	38.53	48.4
615	7	37.9	48.4
615	8	45.2	48.4
615	9	38.5	48.4
619	0	43.48	29.6
619	1	43.4	29.6
619	2	43.4	29.6
619	3	43.4	29.6
619	4	43.4	29.6
619	5	43.4	29.6
619	6	43.49	29.6
619	7	43.4	29.6
619	8	45.2	29.6
619	9	43.4	29.6
620	0	41.93	39.11
620	1	35.8	62.5
620	2	35.8	63.1
620	3	35.8	61.56
620	4	35.8	63.1
620	5	42.3	38.6
620	6	42.75	38.34
620	7	43.1	38.6
620	8	41.9	37.2
620	9	42.3	38.6
621	0	38.11	38.9
621	1	38.7	38.9
621	2	38.7	38.9
621	3	38.7	38.9
621	4	38.7	38.9
621	5	38.7	38.9
621	6	38.08	38.9
621	7	38.7	38.9
621	8	35.7	38.9
621	9	38.7	38.9
622	0	36	36.56
622	1	36.1	36.3
622	2	36.1	36.3
622	3	35.9	36.5
622	4	35.9	36.5
622	5	35.9	36.5
622	6	36	36.57
622	7	36.1	36.3
622	8	35.7	43
622	9	35.9	36.5
630	0	52.2	55.9
630	1	52.2	55.9
630	2	52.2	55.9
630	3	52.2	55.9
630	4	52.2	55.9
630	5	52.2	55.9
630	6	52.2	55.9
630	7	52.2	55.9
630	8	52.2	55.9
630	9	52.2	55.9
631	0	28.7	29.6
631	1	28.7	55.9
631	2	28.7	55.9
631	3	28.7	55.9
631	4	28.7	55.9
631	5	28.7	55.9
631	6	28.7	29.6
631	7	28.7	29.6
631	8	28.7	29.6
631	9	28.7	55.9
640	0	40.4	40.22
640	1	40.4	55.05
640	2	40.4	50
640	3	40.4	60.1
640	4	40.4	40.2
640	5	40.4	60.1
640	6	40.4	40.2
640	7	40.4	40.2
640	8	40.4	40.2
640	9	40.4	40.2
641	0	42.5	44.21
641	1	42.5	43.2
641	2	42.5	43.2
641	3	42.5	43.2
641	4	42.5	43.2
641	5	42.5	43.2
641	6	42.5	44.21
641	7	42.5	47
641	8	42.5	31
641	9	42.5	43.2
642	0	46.6	42.2
642	1	46.6	42.2
642	2	46.6	42.2
642	3	46.6	42.2
642	4	46.6	42.2
642	5	46.6	42.2
642	6	46.6	42.2
642	7	46.6	42.2
642	8	46.6	42.2
642	9	46.6	42.2
643	0	44.8	51.29
643	1	44.8	50
643	2	44.8	50
643	3	44.8	51.3
643	4	44.8	51.3
643	5	44.8	51.3
643	6	44.8	51.3
643	7	44.8	51.3
643	8	44.8	51.3
643	9	44.8	51.3
644	0	43.5	37.15
644	1	43.5	37.2
644	2	43.5	37.2
644	3	43.5	37.2
644	4	43.5	37.2
644	5	43.5	37.2
644	6	43.5	37.15
644	7	43.5	37.2
644	8	43.5	31
644	9	43.5	37.2
650	0	46.27	56.67
650	1	49.5	58.83
650	2	49.5	50
650	3	55.8	60.1
650	4	55.8	60.1
650	5	55.8	56.6
650	6	46.06	56.6
650	7	45.8	56.6
650	8	50.1	56.6
650	9	52.7	56.6
651	0	43.5	64.46
651	1	49.5	56.34
651	2	49.5	50
651	3	55.8	60.1
651	4	55.8	60.1
651	5	55.8	65.1
651	6	43.5	66.3
651	7	43.5	66.3
651	8	50.1	65.1
651	9	52.7	65.1
652	0	43.5	57.2
652	1	49.5	57.2
652	2	49.5	57.2
652	3	55.8	57.2
652	4	55.8	57.2
652	5	55.8	57.2
652	6	43.5	57.2
652	7	43.5	57.2
652	8	50.1	57.2
652	9	52.7	57.2
659	0	46.3	49.66
659	1	63.1	50
659	2	63.1	50
659	3	55.8	49.7
659	4	55.8	49.7
659	5	55.8	49.7
659	6	43.5	49.6
659	7	43.5	49.6
659	8	43.5	49.8
659	9	52.7	49.7
660	0	52.6	43.3
660	1	52.6	43.3
660	2	52.6	43.3
660	3	52.6	43.3
660	4	52.6	43.3
660	5	52.6	43.3
660	6	52.6	43.3
660	7	52.6	43.3
660	8	52.6	43.3
660	9	52.6	43.3
661	0	52.6	61.7
661	1	52.6	66.7
661	2	52.6	66.7
661	3	52.6	66.7
661	4	52.6	66.7
661	5	52.6	61.7
661	6	52.6	59.29
661	7	52.6	59.2
661	8	52.6	61.7
661	9	52.6	66.7
670	0	32.8	38.96
670	1	52.27	39
670	2	63.1	39
670	3	40.1	39
670	4	40.1	39
670	5	40.1	39
670	6	32.8	38.96
670	7	32.8	39
670	8	32.8	38.7
670	9	40.1	39
671	0	32.8	42
671	1	52.27	29.6
671	2	63.1	29.6
671	3	40.1	29.6
671	4	40.1	29.6
671	5	40.1	29.6
671	6	32.8	42
671	7	39.7	29.6
671	8	32.8	42
671	9	40.1	29.6
672	0	39.45	26.5
672	1	39	26.5
672	2	39	26.5
672	3	39	26.5
672	4	39	26.5
672	5	39	26.5
672	6	39.45	26.5
672	7	39.7	26.5
672	8	32.8	26.5
672	9	39	26.5
673	0	43.37	27.4
673	1	63.1	58.06
673	2	63.1	62.6
673	3	63.1	26.3
673	4	63.1	26.3
673	5	46.9	26.3
673	6	38.43	26.63
673	7	39.3	26.3
673	8	32.8	26.3
673	9	32.8	62.6
690	0	56.4	41.35
690	1	56.4	62.6
690	2	56.4	62.6
690	3	56.4	41.7
690	4	56.4	41.7
690	5	56.4	41.7
690	6	56.4	38.7
690	7	56.4	40.2
690	8	56.4	38.7
690	9	56.4	38.7
691	0	51	36.2
691	1	51	36.2
691	2	51	36.2
691	3	51	36.2
691	4	51	36.2
691	5	51	36.2
691	6	51	36.2
691	7	51	36.2
691	8	51	36.2
691	9	51	36.2
699	0	43.94	42.21
699	1	63.1	62.6
699	2	63.1	62.6
699	3	63.1	62.6
699	4	63.1	62.6
699	5	43.3	42.3
699	6	43.28	40.07
699	7	39.9	40.2
699	8	54.2	38.7
699	9	54.2	42.3
700	0	57.75	74.6
700	1	57.1	74.6
700	2	57.1	74.6
700	3	57.1	74.6
700	4	57.1	74.6
700	5	57.1	74.6
700	6	57.75	74.6
700	7	57.1	74.6
700	8	57.1	74.6
700	9	60.9	74.6
701	0	53.6	58.3
701	1	53.6	58.3
701	2	53.6	58.3
701	3	53.6	58.3
701	4	53.6	58.3
701	5	53.6	58.3
701	6	53.6	58.3
701	7	53.6	58.3
701	8	53.6	58.3
701	9	53.6	58.3
702	0	61.09	65.31
702	1	61.72	60.26
702	2	60.9	54.8
702	3	63	69
702	4	63	69
702	5	60.9	62.9
702	6	60.9	68.3
702	7	60.9	62.9
702	8	60.9	62.9
702	9	60.9	68.3
703	0	56.06	62.9
703	1	56	62.9
703	2	56	62.9
703	3	56	62.9
703	4	56	62.9
703	5	56	62.9
703	6	56.07	62.9
703	7	54	62.9
703	8	56	62.9
703	9	60.9	62.9
710	0	56.66	59.83
710	1	56.71	63.69
710	2	55.5	62.5
710	3	63	69
710	4	63	69
710	5	56.7	59.3
710	6	56.65	58.95
710	7	55.5	61.2
710	8	56.7	59.3
710	9	60.9	50.7
719	0	56.69	58.92
719	1	57.98	58.6
719	2	57	54.8
719	3	63	69
719	4	63	69
719	5	56.5	59
719	6	56.37	58.96
719	7	56.5	58.7
719	8	56.5	59
719	9	54.9	68.3
720	0	51.53	42.79
720	1	51.5	42.8
720	2	51.5	42.8
720	3	51.5	42.8
720	4	51.5	42.8
720	5	51.5	42.8
720	6	51.53	42.79
720	7	51.4	42.8
720	8	52.4	42.6
720	9	51.5	42.8
721	0	34.4	40.57
721	1	34.4	40.6
721	2	34.4	40.6
721	3	34.4	40.6
721	4	34.4	40.6
721	5	34.4	40.6
721	6	34.4	40.57
721	7	34.4	40.5
721	8	34.4	42
721	9	34.4	40.6
722	0	36.65	38
722	1	37.3	38
722	2	37.3	38
722	3	37.3	38
722	4	37.3	38
722	5	37.3	38
722	6	36.65	38
722	7	37.3	38
722	8	31.5	38
722	9	37.3	38
730	0	37.3	51.39
730	1	37.3	54.8
730	2	37.3	54.8
730	3	51	49.8
730	4	51	49.8
730	5	51	49.8
730	6	37.3	49.8
730	7	37.3	49.8
730	8	31.5	49.8
730	9	40.4	49.8
731	0	39.38	41.21
731	1	38.55	46.17
731	2	36.5	41.1
731	3	51	69
731	4	51	69
731	5	38.8	44.6
731	6	39.77	38.34
731	7	40.4	38
731	8	31.5	38
731	9	41.6	44.6
732	0	46.92	43.63
732	1	47.08	44.45
732	2	45.8	41.1
732	3	51	56.6
732	4	51	56.6
732	5	47.5	41.1
732	6	45.8	41.1
732	7	45.8	41.1
732	8	47.5	41.1
732	9	47.5	41.1
733	0	44.28	44.6
733	1	44.73	44.6
733	2	41.6	41.1
733	3	51	44.6
733	4	51	44.6
733	5	51	44.6
733	6	41.6	49.52
733	7	40.4	49.8
733	8	31.5	44.6
733	9	41.6	44.6
790	0	42.21	54.13
790	1	57	54.8
790	2	57	54.8
790	3	41.6	54.1
790	4	41.6	54.1
790	5	41.6	54.1
790	6	41.6	54.1
790	7	41.6	54.1
790	8	41.6	54.1
790	9	41.6	54.1
791	0	50.53	54.98
791	1	60.27	65.06
791	2	57	71.2
791	3	63	56.6
791	4	63	56.6
791	5	45.2	54.7
791	6	41.6	50.6
791	7	41.6	50.6
791	8	45.2	54.7
791	9	41.6	50.6
792	0	53.3	48.59
792	1	53.3	54.8
792	2	53.3	54.8
792	3	53.3	48.5
792	4	53.3	48.5
792	5	53.3	48.5
792	6	53.3	48.5
792	7	53.3	48.5
792	8	53.3	48.5
792	9	53.3	48.5
800	0	31.73	27.45
800	1	57.8	27.2
800	2	30.7	27.2
800	3	57.8	27.2
800	4	57.8	27.2
800	5	30.7	27.2
800	6	31.35	27.45
800	7	30.7	27.2
800	8	41.8	33.3
800	9	30.7	27.2
801	0	31.58	35.5
801	1	31	27.2
801	2	31	27.2
801	3	31	27.2
801	4	31	27.2
801	5	31	27.2
801	6	31.58	35.5
801	7	29.6	35.5
801	8	41.8	33.3
801	9	31	27.2
802	0	30.82	35.5
802	1	29.6	35.5
802	2	29.6	35.5
802	3	29.6	35.5
802	4	29.6	35.5
802	5	29.6	35.5
802	6	30.82	35.5
802	7	29.6	35.5
802	8	41.8	35.5
802	9	29.6	35.5
809	0	31.66	26.82
809	1	51.37	45.3
809	2	41.1	45.3
809	3	57.8	45.3
809	4	57.8	45.3
809	5	31.2	26.6
809	6	30.96	26.49
809	7	28	25.7
809	8	41.8	33.3
809	9	31.2	26.6
810	0	24.32	19.12
810	1	22.9	21.7
810	2	22.9	21.7
810	3	22.9	21.7
810	4	22.9	21.7
810	5	22.9	21.7
810	6	24.32	19.12
810	7	24.5	17.2
810	8	23.6	24.9
810	9	22.9	21.7
811	0	24.37	19.12
811	1	22.9	21.7
811	2	22.9	21.7
811	3	22.9	21.7
811	4	22.9	21.7
811	5	22.9	21.7
811	6	24.37	19.12
811	7	24.5	17.2
811	8	23.6	24.9
811	9	22.9	21.7
812	0	24.4	17.2
812	1	24.5	17.2
812	2	24.5	17.2
812	3	24.5	17.2
812	4	24.5	17.2
812	5	24.5	17.2
812	6	24.4	17.2
812	7	24.5	17.2
812	8	23.6	17.2
812	9	24.5	17.2
813	0	26.87	17.2
813	1	41.1	21.7
813	2	41.1	21.7
813	3	22.9	21.7
813	4	22.9	21.7
813	5	22.9	21.7
813	6	24.5	17.2
813	7	24.5	17.2
813	8	23.6	21.7
813	9	22.9	21.7
814	0	22.48	25.12
814	1	49.45	45.3
814	2	41.1	45.3
814	3	57.8	24.9
814	4	57.8	24.9
814	5	22.1	24.9
814	6	21.94	24.9
814	7	20.7	24.9
814	8	23.6	24.9
814	9	22.1	24.9
820	0	38.17	35.17
820	1	47	35.3
820	2	47	35.3
820	3	38.1	35.3
820	4	38.1	35.3
820	5	38.1	35.3
820	6	38.15	35.17
820	7	36.3	35
820	8	47	35.6
820	9	38.1	35.3
821	0	32.96	25.69
821	1	41.1	25.3
821	2	41.1	25.3
821	3	31.7	25.3
821	4	31.7	25.3
821	5	31.7	25.3
821	6	32.79	25.69
821	7	31.7	25.3
821	8	39.3	35.6
821	9	31.7	25.3
822	0	35.41	25.3
822	1	35.3	30.1
822	2	35.3	30.1
822	3	35.3	30.1
822	4	35.3	30.1
822	5	35.3	30.1
822	6	35.41	25.3
822	7	35.3	25.3
822	8	39.3	35.6
822	9	35.3	30.1
823	0	13.8	26.3
823	1	12.1	30.1
823	2	12.1	30.1
823	3	12.1	30.1
823	4	12.1	30.1
823	5	12.1	30.1
823	6	13.8	26.3
823	7	12.1	26.3
823	8	39.3	35.6
823	9	12.1	30.1
824	0	27.4	28.22
824	1	25.1	45.3
824	2	25.1	45.3
824	3	25.1	30.1
824	4	25.1	30.1
824	5	25.1	30.1
824	6	27.4	27.7
824	7	25.1	26.3
824	8	39.3	35.6
824	9	25.1	30.1
825	0	30.5	29
825	1	49.45	28.4
825	2	41.1	28.4
825	3	57.8	28.4
825	4	57.8	28.4
825	5	29.8	28.4
825	6	29.81	29
825	7	28.5	28.4
825	8	35.8	35.6
825	9	29.8	28.4
826	0	36.72	30.04
826	1	33.3	30.1
826	2	33.3	30.1
826	3	33.3	30.1
826	4	33.3	30.1
826	5	33.3	30.1
826	6	36.72	30.04
826	7	36.3	29.1
826	8	39.3	35.6
826	9	33.3	30.1
829	0	31.91	28.29
829	1	41.1	26.3
829	2	41.1	26.3
829	3	34.3	26.3
829	4	34.3	26.3
829	5	34.3	26.3
829	6	31.67	28.29
829	7	30.4	26.3
829	8	39.3	35.6
829	9	34.3	26.3
830	0	28.35	32.35
830	1	26.8	53.79
830	2	26.8	45.3
830	3	26.8	67
830	4	26.8	67
830	5	26.8	67
830	6	28.35	32.35
830	7	26.8	29.7
830	8	43.9	39.8
830	9	26.8	36.2
831	0	31.86	30.64
831	1	30.3	53.79
831	2	30.3	45.3
831	3	30.3	67
831	4	30.3	67
831	5	30.3	67
831	6	31.86	30.64
831	7	26.8	25.6
831	8	43.9	50.8
831	9	30.3	36.2
832	0	28.51	32.35
832	1	30.3	53.79
832	2	30.3	45.3
832	3	30.3	67
832	4	30.3	67
832	5	30.3	67
832	6	28.51	32.35
832	7	26.8	29.7
832	8	43.9	39.8
832	9	30.3	36.2
833	0	31.07	50.8
833	1	30.3	53.79
833	2	30.3	45.3
833	3	30.3	67
833	4	30.3	67
833	5	30.3	67
833	6	31.07	50.8
833	7	26.8	29.7
833	8	43.9	50.8
833	9	30.3	36.2
834	0	24.92	25.6
834	1	41.1	53.79
834	2	41.1	45.3
834	3	23	67
834	4	23	67
834	5	23	67
834	6	24.52	25.6
834	7	23	25.6
834	8	43.9	39.8
834	9	23	36.2
839	0	31.23	31.9
839	1	41.1	53.79
839	2	41.1	45.3
839	3	34.9	67
839	4	34.9	67
839	5	34.9	67
839	6	31.14	31.9
839	7	28.2	25.6
839	8	43.9	50.8
839	9	34.9	36.2
840	0	37.25	26.07
840	1	52.2	45.3
840	2	55.4	45.3
840	3	42.6	25.6
840	4	42.6	25.6
840	5	37.1	25.6
840	6	36.74	25.91
840	7	36.5	25.6
840	8	38.6	50.8
840	9	37.1	25.6
841	0	31.81	22.8
841	1	29.7	22.8
841	2	29.7	22.8
841	3	29.7	22.8
841	4	29.7	22.8
841	5	29.7	22.8
841	6	31.81	22.8
841	7	29.7	22.8
841	8	43.9	22.8
841	9	29.7	22.8
842	0	32.41	22.8
842	1	51.12	24.7
842	2	41.1	24.7
842	3	57.8	24.7
842	4	57.8	24.7
842	5	35.2	24.7
842	6	30.42	22.8
842	7	29.7	22.8
842	8	43.9	24.7
842	9	35.6	24.7
843	0	23.7	22.8
843	1	23.7	24.7
843	2	23.7	24.7
843	3	23.7	24.7
843	4	23.7	24.7
843	5	23.7	24.7
843	6	23.7	22.8
843	7	23.7	22.8
843	8	23.7	24.7
843	9	23.7	24.7
844	0	21.64	22.8
844	1	20.3	24.7
844	2	20.3	24.7
844	3	20.3	24.7
844	4	20.3	24.7
844	5	20.3	24.7
844	6	21.64	22.8
844	7	20.3	22.8
844	8	43.9	24.7
844	9	20.3	24.7
850	0	37.65	32.41
850	1	49.45	45.3
850	2	41.1	45.3
850	3	57.8	33.1
850	4	57.8	33.1
850	5	39.1	33.1
850	6	37.21	32.34
850	7	36	32
850	8	44	47.3
850	9	39.1	33.1
851	0	37.91	29.35
851	1	41.1	45.3
851	2	41.1	45.3
851	3	36.3	28
851	4	36.3	28
851	5	36.3	28
851	6	37.89	29.16
851	7	36.3	28
851	8	44	47.3
851	9	36.3	28
859	0	20.78	29.03
859	1	41.1	45.3
859	2	41.1	45.3
859	3	19.6	28.8
859	4	19.6	28.8
859	5	19.6	28.8
859	6	19.93	28.88
859	7	19.6	28.8
859	8	44	47.3
859	9	19.6	28.8
860	0	42.19	33.4
860	1	41.1	33.3
860	2	41.1	33.3
860	3	42.2	33.3
860	4	42.2	33.3
860	5	42.2	33.3
860	6	42.19	33.4
860	7	41.6	33.3
860	8	50.9	36.9
860	9	42.2	33.3
861	0	34.59	29.92
861	1	33.5	29.9
861	2	33.5	29.9
861	3	33.5	29.9
861	4	33.5	29.9
861	5	33.5	29.9
861	6	34.59	29.92
861	7	33.5	29.9
861	8	46.6	36.9
861	9	33.5	29.9
862	0	30.82	28.32
862	1	48.26	45.3
862	2	29.2	45.3
862	3	57.8	28.1
862	4	57.8	28.1
862	5	29.2	28.1
862	6	30.67	28.27
862	7	29.2	28.1
862	8	46.6	36.9
862	9	29.2	28.1
863	0	30.24	26.84
863	1	29.4	26.7
863	2	29.4	26.7
863	3	29.4	26.7
863	4	29.4	26.7
863	5	29.4	26.7
863	6	30.24	26.84
863	7	29.4	26.7
863	8	46.6	36.9
863	9	29.4	26.7
864	0	44.77	51.93
864	1	44.4	52.4
864	2	44.4	52.4
864	3	44.4	52.4
864	4	44.4	52.4
864	5	44.4	52.4
864	6	44.77	51.93
864	7	44.4	52.4
864	8	46.6	36.9
864	9	44.4	52.4
869	0	37.38	36.97
869	1	41.1	45.3
869	2	41.1	45.3
869	3	40.2	36.9
869	4	40.2	36.9
869	5	40.2	36.9
869	6	37.35	36.8
869	7	36.3	36.8
869	8	46.6	36.9
869	9	35.6	36.9
870	0	35.1	46.5
870	1	44.85	46.5
870	2	43.4	46.5
870	3	55.4	46.5
870	4	55.4	46.5
870	5	55.4	46.5
870	6	35.1	46.5
870	7	33.6	46.5
870	8	35.1	46.5
870	9	35.5	46.5
871	0	35.1	46.5
871	1	35.1	46.5
871	2	35.1	46.5
871	3	35.1	46.5
871	4	35.1	46.5
871	5	35.1	46.5
871	6	35.1	46.5
871	7	35.1	46.5
871	8	35.1	46.5
871	9	35.1	46.5
872	0	34.27	46.05
872	1	46.33	50.21
872	2	43.9	50.5
872	3	56.72	50.05
872	4	57.1	50.5
872	5	34.3	45.6
872	6	33	45.6
872	7	33	45.6
872	8	32.8	45.6
872	9	35.6	45.6
873	0	34.93	46.68
873	1	50.5	50.5
873	2	43.9	50.5
873	3	57.1	50.5
873	4	57.1	50.5
873	5	34.5	46.5
873	6	34.5	45.6
873	7	34.5	45.6
873	8	34.5	46.5
873	9	34.5	46.5
874	0	41.97	50.5
874	1	43.71	50.5
874	2	43.1	50.5
874	3	52.3	50.5
874	4	52.3	50.5
874	5	41.9	50.5
874	6	38.6	50.5
874	7	38.6	50.5
874	8	41.9	50.5
874	9	41.9	50.5
875	0	32	30.1
875	1	32	46.5
875	2	32	46.5
875	3	32	46.5
875	4	32	46.5
875	5	32	46.5
875	6	32	30.1
875	7	32	30.1
875	8	32	46.5
875	9	32	46.5
880	0	39.8	35.16
880	1	39.8	37.7
880	2	39.8	45.3
880	3	39.8	30.1
880	4	39.8	30.1
880	5	39.8	30.1
880	6	39.8	30.1
880	7	39.8	30.1
880	8	39.8	30.1
880	9	39.8	30.1
881	0	40.23	40.45
881	1	40.3	30.1
881	2	40.3	30.1
881	3	40.3	30.1
881	4	40.3	30.1
881	5	40.3	30.1
881	6	40.23	40.45
881	7	37	30.1
881	8	42.6	50.8
881	9	40.3	30.1
882	0	36.5	30.1
882	1	36.5	30.1
882	2	36.5	30.1
882	3	36.5	30.1
882	4	36.5	30.1
882	5	36.5	30.1
882	6	36.5	30.1
882	7	36.5	30.1
882	8	36.5	30.1
882	9	36.5	30.1
883	0	31.67	30.1
883	1	30.7	30.1
883	2	30.7	30.1
883	3	30.7	30.1
883	4	30.7	30.1
883	5	30.7	30.1
883	6	31.67	30.1
883	7	30.7	30.1
883	8	42.6	30.1
883	9	30.7	30.1
884	0	30.3	30.1
884	1	30.3	30.1
884	2	30.3	30.1
884	3	30.3	30.1
884	4	30.3	30.1
884	5	30.3	30.1
884	6	30.3	30.1
884	7	30.3	30.1
884	8	30.3	30.1
884	9	30.3	30.1
885	0	29.21	30.1
885	1	31.56	30.1
885	2	28.9	30.1
885	3	57.8	30.1
885	4	57.8	30.1
885	5	28.4	30.1
885	6	28.65	30.1
885	7	28.3	30.1
885	8	38.9	30.1
885	9	28.4	30.1
886	0	24.3	30.1
886	1	24.3	30.1
886	2	24.3	30.1
886	3	24.3	30.1
886	4	24.3	30.1
886	5	24.3	30.1
886	6	24.3	30.1
886	7	24.3	30.1
886	8	24.3	30.1
886	9	24.3	30.1
887	0	29.11	31.36
887	1	41.1	45.3
887	2	41.1	45.3
887	3	28.9	30.1
887	4	28.9	30.1
887	5	28.9	30.1
887	6	29.05	30.1
887	7	28.9	30.1
887	8	38.9	30.1
887	9	28.9	30.1
889	0	30.5	32.77
889	1	57.8	30.1
889	2	30.7	30.1
889	3	57.8	30.1
889	4	57.8	30.1
889	5	30.7	30.1
889	6	30.25	32.77
889	7	27.9	30.1
889	8	38.9	50.8
889	9	30.7	30.1
890	0	28.71	28.1
890	1	45.41	37.5
890	2	43.9	45.3
890	3	50.6	31
890	4	50.6	31
890	5	50.6	31
890	6	28.71	28.1
890	7	27.9	28.1
890	8	35.6	50.8
890	9	38.1	31
891	0	45.23	41.88
891	1	49.5	41.85
891	2	49.5	45.3
891	3	49.5	38.4
891	4	49.5	38.4
891	5	45.1	38.4
891	6	45.14	41.89
891	7	44.1	38.4
891	8	49.5	47.3
891	9	45.1	38.4
892	0	42.03	43.23
892	1	42.2	37.5
892	2	42.2	45.3
892	3	42.2	31
892	4	42.2	31
892	5	42.2	31
892	6	42.03	43.23
892	7	41.6	28.1
892	8	43.3	50.8
892	9	42.2	31
893	0	33.14	28.1
893	1	32.1	37.5
893	2	32.1	45.3
893	3	32.1	31
893	4	32.1	31
893	5	32.1	31
893	6	33.14	28.1
893	7	32.1	28.1
893	8	43.3	50.8
893	9	32.1	31
894	0	23.7	28.1
894	1	23.7	37.5
894	2	23.7	45.3
894	3	23.7	31
894	4	23.7	31
894	5	23.7	31
894	6	23.7	28.1
894	7	23.7	28.1
894	8	23.7	50.8
894	9	23.7	31
895	0	31.82	28.1
895	1	41.97	37.5
895	2	41.1	45.3
895	3	57.8	31
895	4	57.8	31
895	5	29.4	31
895	6	30.18	28.1
895	7	29.4	28.1
895	8	35.6	50.8
895	9	29.4	31
896	0	40.68	37.7
896	1	44.88	38.15
896	2	45.5	45.3
896	3	42.6	31
896	4	42.6	31
896	5	42.6	31
896	6	39.35	37.55
896	7	35.7	28.1
896	8	41.6	50.8
896	9	35.6	31
897	0	33.11	17
897	1	41.1	17
897	2	41.1	17
897	3	32.7	17
897	4	32.7	17
897	5	32.7	17
897	6	32.92	17
897	7	32.7	17
897	8	35.6	17
897	9	32.7	17
898	0	36.27	50.8
898	1	44.44	37.5
898	2	41.1	45.3
898	3	57.8	31
898	4	57.8	31
898	5	35.9	31
898	6	35.89	50.8
898	7	32.1	28.2
898	8	43.7	50.8
898	9	35.9	31
899	0	35.58	28.43
899	1	47.52	38.35
899	2	41.1	45.3
899	3	57.8	31.4
899	4	57.8	31.4
899	5	37.2	31.4
899	6	34.95	28.27
899	7	34.9	28.1
899	8	35.6	50.8
899	9	35.6	31.4
900	0	32.67	35.3
900	1	48.9	35.3
900	2	48.9	35.3
900	3	48.9	35.3
900	4	31.7	35.3
900	5	48.9	35.3
900	6	31.54	35.3
900	7	30.8	35.3
900	8	39.3	35.3
900	9	31.7	35.3
901	0	34.89	37.9
901	1	42.9	37.9
901	2	42.9	37.9
901	3	34.6	37.9
901	4	34.6	37.9
901	5	34.6	37.9
901	6	34.67	37.9
901	7	34.4	37.9
901	8	39.3	37.9
901	9	34.6	37.9
902	0	35.64	40.28
902	1	46	38.97
902	2	48.9	40.5
902	3	34.4	35.3
902	4	34.4	40.5
902	5	34.4	35.3
902	6	34.85	40.5
902	7	34.4	40.5
902	8	39.3	40.5
902	9	34.4	40.5
903	0	33.04	37.9
903	1	33	37.9
903	2	33	37.9
903	3	33	37.9
903	4	33	37.9
903	5	33.1	37.9
903	6	33.1	37.9
903	7	33.1	37.9
903	8	33.1	37.9
903	9	33.1	37.9
904	0	45	40.5
904	1	48.9	37.9
904	2	48.9	37.9
904	3	48.9	37.9
904	4	45.9	37.9
904	5	48.9	37.9
904	6	41.9	40.5
904	7	41.9	40.5
904	8	41.9	37.9
904	9	45.9	37.9
910	0	17.46	25.3
910	1	17.3	25.3
910	2	17.3	25.3
910	3	17.3	25.3
910	4	17.3	25.3
910	5	17.3	25.3
910	6	17.46	25.3
910	7	17.3	25.3
910	8	25.1	25.3
910	9	17.3	25.3
911	0	16.05	20.8
911	1	15.9	25.3
911	2	15.9	25.3
911	3	15.9	25.3
911	4	15.9	25.3
911	5	15.9	25.3
911	6	16.05	20.8
911	7	15.9	20.8
911	8	25.1	25.3
911	9	15.9	25.3
912	0	24.32	20.8
912	1	24.3	20.8
912	2	24.3	20.8
912	3	24.3	20.8
912	4	24.3	20.8
912	5	24.3	20.8
912	6	24.32	20.8
912	7	24.3	20.8
912	8	25.1	20.8
912	9	24.3	20.8
913	0	31.4	28
913	1	31.4	25.3
913	2	31.4	25.3
913	3	31.4	25.3
913	4	31.4	25.3
913	5	31.4	25.3
913	6	31.4	28
913	7	31.4	28
913	8	31.4	25.3
913	9	31.4	25.3
919	0	23.82	28.17
919	1	23.9	28
919	2	23.9	28
919	3	23.9	28
919	4	23.9	28
919	5	23.9	28
919	6	23.82	28.17
919	7	23.8	28
919	8	25.1	50.6
919	9	23.9	28
920	0	31.42	33.83
920	1	32.4	59.2
920	2	32.4	59.2
920	3	31.4	57.8
920	4	31.4	57.8
920	5	31.4	57.8
920	6	30.8	30.66
920	7	30.8	29.5
920	8	31.4	38.8
920	9	31.4	30.3
921	0	28.36	33.83
921	1	32.84	59.2
921	2	33.1	59.2
921	3	28.4	57.8
921	4	28.4	57.8
921	5	28.4	57.8
921	6	27.17	30.66
921	7	26.7	29.5
921	8	33.1	38.8
921	9	28.4	30.3
922	0	24.9	39.3
922	1	23.2	59.2
922	2	23.2	59.2
922	3	23.2	57.8
922	4	23.2	57.8
922	5	23.2	57.8
922	6	24.9	39.3
922	7	23.2	28
922	8	33.1	50.6
922	9	23.2	30.3
923	0	26.92	33.83
923	1	34.22	59.2
923	2	33.2	59.2
923	3	47.5	57.8
923	4	47.5	57.8
923	5	23.5	57.8
923	6	26.19	30.66
923	7	23.5	29.5
923	8	33.1	38.8
923	9	23.5	30.3
924	0	30.54	33.83
924	1	34.39	59.2
924	2	33.2	59.2
924	3	47.5	57.8
924	4	47.5	57.8
924	5	29.1	57.8
924	6	29.1	30.66
924	7	29.1	29.5
924	8	29.1	38.8
924	9	29.1	30.3
929	0	28.93	32.45
929	1	34.04	59.2
929	2	33.2	59.2
929	3	47.5	57.8
929	4	47.5	57.8
929	5	29	57.8
929	6	27.37	28
929	7	27.2	28
929	8	33.1	38.8
929	9	29	30.3
930	0	32.38	38.1
930	1	49.95	58.77
930	2	52.4	59.2
930	3	47.5	57.8
930	4	47.5	57.8
930	5	33	57.8
930	6	32	38.1
930	7	30.6	29.5
930	8	38.3	38.1
930	9	33	30.3
931	0	34.02	38.1
931	1	50.19	58.77
931	2	52.4	59.2
931	3	47.5	57.8
931	4	47.5	57.8
931	5	32.5	57.8
931	6	32.96	38.1
931	7	32.5	38.1
931	8	38.3	38.1
931	9	58.3	30.3
932	0	32.5	30.47
932	1	29.3	58.77
932	2	29.3	59.2
932	3	29.3	57.8
932	4	29.3	57.8
932	5	29.3	57.8
932	6	32.5	30.47
932	7	32.5	29.5
932	8	34.7	38.8
932	9	29.3	30.3
933	0	20.3	38.1
933	1	20.3	58.77
933	2	20.3	59.2
933	3	20.3	57.8
933	4	20.3	57.8
933	5	20.3	57.8
933	6	20.3	38.1
933	7	18.3	38.1
933	8	29.9	38.8
933	9	20.3	30.3
934	0	32.5	38.1
934	1	29.3	58.77
934	2	29.3	59.2
934	3	29.3	57.8
934	4	29.3	57.8
934	5	29.3	57.8
934	6	32.5	38.1
934	7	32.5	38.1
934	8	34.7	38.8
934	9	29.3	30.3
940	0	38.78	38.36
940	1	38.8	38.1
940	2	38.8	38.1
940	3	38.8	38.1
940	4	38.8	38.1
940	5	38.8	38.1
940	6	38.78	38.36
940	7	38.9	38.1
940	8	36.3	50.6
940	9	38.8	38.1
941	0	42.81	39.25
941	1	52.4	64
941	2	52.4	64
941	3	43.8	36.5
941	4	43.8	36.5
941	5	43.8	36.5
941	6	41.92	36.5
941	7	42.2	36.5
941	8	36.3	36.5
941	9	43.8	36.5
950	0	38.66	50.68
950	1	38.2	41.78
950	2	38.2	46.1
950	3	38.2	29.4
950	4	38.2	29.4
950	5	38.2	29.4
950	6	38.66	50.68
950	7	38.2	50.7
950	8	43.3	50.6
950	9	38.2	29.4
951	0	43.11	39.3
951	1	43.1	41.78
951	2	43.1	46.1
951	3	43.1	29.4
951	4	43.1	29.4
951	5	43.1	29.4
951	6	43.11	39.3
951	7	43.1	39.3
951	8	43.3	37.7
951	9	43.1	29.4
952	0	37.9	33.23
952	1	37.9	33.2
952	2	37.9	33.2
952	3	37.9	33.2
952	4	37.9	33.2
952	5	37.9	33.2
952	6	37.9	33.23
952	7	37.9	33.2
952	8	37.9	41.6
952	9	37.9	33.2
953	0	48.3	35.84
953	1	48.3	35.8
953	2	48.3	35.8
953	3	48.3	35.8
953	4	48.3	35.8
953	5	48.3	35.8
953	6	48.3	35.84
953	7	48.3	35.3
953	8	48.3	41.6
953	9	48.3	35.8
954	0	33.8	37.8
954	1	42.74	37.8
954	2	39.8	37.8
954	3	54.2	37.8
954	4	54.2	37.8
954	5	54.2	37.8
954	6	33.8	37.8
954	7	33.8	37.8
954	8	37.7	37.8
954	9	37.7	37.8
955	0	39.3	25
955	1	39.3	41.78
955	2	39.3	46.1
955	3	39.3	29.4
955	4	39.3	29.4
955	5	39.3	29.4
955	6	39.3	25
955	7	39.3	25
955	8	39.3	37.7
955	9	39.3	29.4
956	0	37.83	41.48
956	1	38.91	49.02
956	2	37	46.1
956	3	54.2	57.8
956	4	54.2	57.8
956	5	36.1	29.4
956	6	34.08	26.4
956	7	33.1	26.4
956	8	43.3	37.7
956	9	36.1	29.4
957	0	33.02	26.4
957	1	44.3	41.78
957	2	44.3	46.1
957	3	31.5	29.4
957	4	31.5	29.4
957	5	31.5	29.4
957	6	31.5	26.4
957	7	31.5	26.4
957	8	31.5	37.7
957	9	31.5	29.4
958	0	36.58	26.73
958	1	47.99	49.19
958	2	44.3	46.1
958	3	54.2	57.8
958	4	54.2	57.8
958	5	37	26.6
958	6	35.06	26.55
958	7	34.5	26.4
958	8	43.3	32.7
958	9	58.3	57.8
959	0	34.81	39.98
959	1	44.3	64
959	2	44.3	64
959	3	33.8	39.3
959	4	33.8	39.3
959	5	33.8	39.3
959	6	34.47	39.3
959	7	33.8	39.3
959	8	43.3	39.3
959	9	33.8	39.3
990	0	29.16	25.33
990	1	44.65	25
990	2	44.3	25
990	3	47.5	25
990	4	47.5	25
990	5	29.7	25
990	6	28.82	25.33
990	7	28	25
990	8	43.3	50.6
990	9	29.7	25
999	0	50.7	56.57
999	1	52.98	61.95
999	2	52.4	64
999	3	54.23	57.8
999	4	47.5	56
999	5	54.4	57.8
999	6	47.78	50.68
999	7	44.4	50.7
999	8	50.9	50.6
999	9	58.3	50.6
