ISCO88	MCAMSIS	FCAMSIS	ISEI	TREI
1	73.74	63.43	-999	-999
2	82.74	73.38	-999	-999
3	59.16	59.51	-999	-999
4	53.95	51.1	-999	-999
5	47.95	42.4	-999	-999
6	34.73	32.69	-999	-999
7	43.01	39.28	-999	-999
8	41.3	38	-999	-999
9	37.84	36.84	-999	-999
10	73.74	63.43	-999	-999
11	65.47	76.75	-999	-999
12	73.84	60.4	-999	-999
13	75.23	64.35	-999	-999
20	82.74	73.38	-999	-999
21	82.75	76.35	-999	-999
22	93.79	83.26	-999	-999
23	83.57	71.53	-999	-999
24	77.52	73.52	-999	-999
30	59.16	59.51	-999	-999
31	57.42	62.83	-999	-999
32	58.1	55.57	-999	-999
33	60.59	58.69	-999	-999
34	62.47	62.48	-999	-999
40	53.95	47.44	-999	-999
41	54.12	51.18	-999	-999
42	52.64	50.76	-999	-999
50	47.46	39.03	-999	-999
51	45.2	42.92	-999	-999
52	57.21	42.03	-999	-999
60	34.73	32.69	-999	-999
61	34.78	32.69	-999	-999
62	32.98	32.69	-999	-999
70	41.48	39.28	-999	-999
71	37.43	38.55	-999	-999
72	46.72	40.78	-999	-999
73	43.58	52.15	-999	-999
74	43.07	38	-999	-999
75	43.01	39.28	-999	-999
80	41.3	40.84	-999	-999
81	42.07	43.28	-999	-999
82	39.65	36.92	-999	-999
83	41.47	35.61	-999	-999
84	41.3	38	-999	-999
90	33.56	33.45	-999	-999
91	39.75	38.11	-999	-999
92	33.7	32.06	-999	-999
93	37.7	36.23	-999	-999
100	73.74	63.43	-999	-999
111	79.38	76.75	-999	-999
112	79.38	76.75	-999	-999
113	65.47	76.75	-999	-999
114	79.38	76.75	-999	-999
115	68.08	76.75	-999	-999
116	49.72	76.75	-999	-999
120	73.84	60.4	-999	-999
121	63.72	60.4	-999	-999
122	74.49	57.84	-999	-999
123	73.8	64.42	-999	-999
124	73.84	60.4	-999	-999
125	73.84	60.4	-999	-999
130	72.23	67.25	-999	-999
131	75.27	64.34	-999	-999
200	82.74	73.38	-999	-999
210	82.75	76.35	-999	-999
211	99	61.92	-999	-999
212	99	61.92	-999	-999
213	87.56	61.92	-999	-999
214	69.01	91.24	-999	-999
220	93.79	83.26	-999	-999
221	93.74	76.29	-999	-999
222	93.81	84.64	-999	-999
223	93.79	83.26	-999	-999
230	83.57	71.53	-999	-999
231	99	99	-999	-999
232	83.26	87.47	-999	-999
233	87.27	63.5	-999	-999
234	57.44	65.35	-999	-999
235	57.44	65.35	-999	-999
240	80.3	73.52	-999	-999
241	80.3	56.89	-999	-999
242	77.31	99	-999	-999
243	77.52	71.25	-999	-999
244	93.37	73.53	-999	-999
245	74.86	99	-999	-999
246	49.89	73.52	-999	-999
247	49.89	68.29	-999	-999
300	59.16	59.51	-999	-999
310	57.42	62.83	-999	-999
311	57.63	57.46	-999	-999
312	58.87	81.83	-999	-999
313	64.18	61.48	-999	-999
314	59.88	61.48	-999	-999
315	57.57	61.48	-999	-999
316	42.19	61.48	-999	-999
320	58.1	55.57	-999	-999
321	59.79	47.84	-999	-999
322	51.73	53.46	-999	-999
323	51.73	57.7	-999	-999
324	58.1	55.57	-999	-999
330	60.59	58.69	-999	-999
331	46.42	64.19	-999	-999
332	60.59	53.25	-999	-999
333	46.42	50.65	-999	-999
334	66.66	60.59	-999	-999
340	65.71	52.55	-999	-999
341	60.38	79.37	-999	-999
342	65.71	52.55	-999	-999
343	65.05	61.31	-999	-999
344	57.29	58.54	-999	-999
345	72.54	58.54	-999	-999
346	55.36	73.85	-999	-999
347	65.71	52.55	-999	-999
348	55.36	73.85	-999	-999
349	65.71	52.55	-999	-999
400	53.95	47.44	-999	-999
410	54.12	47.44	-999	-999
411	49.01	46.15	-999	-999
412	51.92	56.2	-999	-999
413	55.51	52.61	-999	-999
414	49.01	47.17	-999	-999
419	49.01	47.57	-999	-999
420	52.64	52.73	-999	-999
421	52.64	51.34	-999	-999
422	52.64	49.57	-999	-999
500	47.46	39.03	-999	-999
510	47.46	39.03	-999	-999
511	48.23	39.03	-999	-999
512	45.25	39.17	-999	-999
513	47.46	52.36	-999	-999
514	47.46	59.04	-999	-999
515	45.2	42.92	-999	-999
516	44.32	39.03	-999	-999
520	60.98	49.63	-999	-999
521	56.17	41.56	-999	-999
522	60.98	49.63	-999	-999
523	57.21	42.03	-999	-999
600	34.73	32.69	-999	-999
610	35.78	33.07	-999	-999
611	35.78	33.07	-999	-999
612	35.78	32.78	-999	-999
613	35.78	33.07	-999	-999
614	32.98	31.32	-999	-999
615	34.78	32.69	-999	-999
620	32.98	32.69	-999	-999
621	32.98	32.69	-999	-999
625	32.98	32.69	-999	-999
700	41.48	39.28	-999	-999
710	41.48	38.55	-999	-999
711	39.74	38.55	-999	-999
712	36.56	38.55	-999	-999
713	39.51	38.55	-999	-999
714	36.13	38.55	-999	-999
720	46.72	41.17	-999	-999
721	45.2	41.17	-999	-999
722	44.57	41.17	-999	-999
723	46.13	41.17	-999	-999
724	51.06	39.99	-999	-999
730	43.58	52.15	-999	-999
731	43.58	52.15	-999	-999
732	43.58	52.15	-999	-999
733	43.58	52.15	-999	-999
734	43.58	52.15	-999	-999
740	46.32	40.11	-999	-999
741	44.49	37.21	-999	-999
742	40.98	40.11	-999	-999
743	42.85	38.45	-999	-999
744	42.85	31.43	-999	-999
750	43.01	39.28	-999	-999
751	43.01	39.28	-999	-999
752	43.01	39.28	-999	-999
753	43.01	39.28	-999	-999
800	41.3	40.84	-999	-999
810	42.62	40.84	-999	-999
811	29	40.84	-999	-999
812	43.31	40.84	-999	-999
813	42.62	40.84	-999	-999
814	40.2	42.57	-999	-999
815	40.45	47.38	-999	-999
816	47.55	43.38	-999	-999
817	36.17	43.38	-999	-999
818	36.17	43.28	-999	-999
820	39.65	36.92	-999	-999
821	31.75	33.05	-999	-999
822	36.15	47.84	-999	-999
823	52.13	47.84	-999	-999
824	52.13	47.84	-999	-999
825	29.53	29.16	-999	-999
826	29.53	35.84	-999	-999
827	47.6	32.82	-999	-999
828	42.41	38.97	-999	-999
829	43.08	42.3	-999	-999
830	38.33	35.61	-999	-999
831	43.75	35.61	-999	-999
832	41.94	35.61	-999	-999
833	37.68	35.61	-999	-999
834	55.65	35.61	-999	-999
840	41.3	38	-999	-999
900	33.56	33.45	-999	-999
910	33.56	33.45	-999	-999
911	39.75	33.45	-999	-999
912	33.56	38.11	-999	-999
913	38.81	37.83	-999	-999
914	43.85	41.84	-999	-999
915	38.83	39.01	-999	-999
916	33.56	33.45	-999	-999
920	33.7	30.49	-999	-999
921	33.7	32.09	-999	-999
930	35.84	33.95	-999	-999
931	37.36	33.95	-999	-999
932	40.38	37.75	-999	-999
933	35.84	33.95	-999	-999
1000	73.74	63.43	55	51
1100	65.47	76.75	70	67
1110	79.38	76.75	77	64
1111	79.38	76.75	-999	-999
1113	79.38	76.75	-999	-999
1120	79.38	76.75	77	71
1123	79.38	76.75	-999	-999
1125	79.38	76.75	-999	-999
1127	79.38	76.75	-999	-999
1128	79.38	76.75	-999	-999
1130	65.47	76.75	66	63
1140	79.38	76.75	58	63
1141	79.38	76.75	58	63
1142	79.38	76.75	58	63
1143	79.38	76.75	58	63
1150	68.08	76.75	-999	-999
1160	49.72	76.75	-999	-999
1200	73.84	60.4	68	60
1210	63.72	60.4	70	70
1220	63.72	76.75	67	63
1221	89.78	57.84	67	60
1222	80.57	76.75	67	60
1223	63.72	57.84	67	60
1224	72.25	41.09	59	60
1225	72.25	41.09	59	60
1226	63.72	76.75	59	60
1227	63.72	76.75	87	60
1228	63.72	57.84	59	60
1229	63.72	76.75	67	60
1230	73.8	64.42	61	60
1231	74.97	64.42	69	60
1232	74.97	64.42	69	60
1233	74.97	64.42	56	60
1234	74.97	64.42	69	60
1235	56.42	64.42	69	60
1236	82.23	64.42	69	60
1237	82.23	64.42	69	60
1239	82.23	64.42	69	60
1240	73.84	60.4	58	55
1250	73.84	60.4	64	65
1251	73.84	60.4	70	73
1252	73.84	60.4	60	63
1300	72.23	67.25	51	50
1310	72.23	64.34	51	50
1311	58.64	67.25	43	47
1312	96.93	67.25	56	52
1313	80.79	64.34	51	52
1314	63.33	60.13	49	46
1315	63.33	60.13	44	38
1316	74.49	67.25	51	52
1317	75.11	67.25	51	52
1318	72.23	67.25	51	52
1319	72.23	67.25	51	52
2000	82.74	73.38	70	62
2100	82.75	76.35	69	63
2110	99	61.92	74	69
2111	99	61.92	74	75
2112	99	61.92	74	72
2113	99	61.92	74	69
2114	99	61.92	74	67
2119	99	61.92	-999	-999
2120	99	61.92	71	56
2121	99	61.92	71	69
2122	99	61.92	71	55
2129	99	61.92	-999	-999
2130	87.56	61.92	71	51
2131	87.56	61.92	71	51
2132	87.56	61.92	71	51
2139	87.56	61.92	71	51
2140	74.03	91.24	73	63
2141	74.03	91.24	69	72
2142	63.6	91.24	69	70
2143	63.6	91.24	68	65
2144	63.6	91.24	68	65
2145	68.85	91.24	67	66
2146	74.03	91.24	71	66
2147	74.03	91.24	67	61
2148	69.01	91.24	56	58
2149	74.03	91.24	69	56
2200	93.79	83.26	80	70
2210	93.74	76.29	78	62
2211	93.74	76.29	77	69
2212	93.74	76.29	77	68
2213	93.74	76.29	79	56
2220	93.74	76.29	85	73
2221	93.84	88.53	88	78
2222	93.74	76.29	85	70
2223	93.74	76.29	83	61
2224	93.81	76.29	74	64
2225	93.74	76.29	-999	-999
2229	93.81	84.64	85	73
2230	93.79	83.26	43	54
2300	83.57	71.53	69	61
2310	99	99	77	78
2311	99	99	-999	-999
2319	99	99	-999	-999
2320	83.26	84.68	69	60
2321	83.26	84.68	70	60
2322	83.26	88.99	66	57
2323	83.26	87.47	-999	-999
2330	87.27	63.5	66	57
2331	87.27	71.35	66	57
2332	87.27	47.05	43	49
2340	57.44	65.35	66	62
2341	57.44	65.35	-999	-999
2342	57.44	65.35	-999	-999
2343	57.44	65.35	-999	-999
2350	57.44	65.35	66	62
2351	57.44	65.35	70	68
2352	57.44	65.35	70	68
2353	57.44	65.35	-999	-999
2354	57.44	65.35	-999	-999
2355	57.44	65.35	-999	-999
2356	57.44	65.35	-999	-999
2359	57.44	65.35	65	62
2400	80.3	73.52	68	60
2410	80.3	56.89	69	57
2411	80.3	53.73	69	62
2412	80.3	64.21	69	56
2413	80.3	64.21	-999	-999
2419	80.3	56.89	69	57
2420	77.31	99	85	73
2421	77.31	99	85	73
2422	77.31	99	90	76
2426	77.31	99	-999	-999
2429	77.31	99	82	71
2430	77.52	71.25	65	54
2431	77.52	71.25	65	54
2432	77.52	71.25	65	54
2433	77.52	71.25	-999	-999
2439	77.52	71.25	-999	-999
2440	93.37	73.53	65	58
2441	93.37	70.71	78	60
2442	93.37	81.89	71	67
2443	93.37	81.89	71	67
2444	93.37	73.53	65	62
2445	93.37	81.89	71	67
2446	93.37	81.89	51	52
2447	93.37	81.89	-999	-999
2450	74.86	99	61	57
2451	74.86	99	65	58
2452	74.86	99	54	57
2453	74.86	99	64	45
2454	74.86	99	64	40
2455	74.86	99	64	57
2456	74.86	99	-999	-999
2457	74.86	99	-999	-999
2458	74.86	99	-999	-999
2459	74.86	99	-999	-999
2460	49.89	73.52	53	60
2470	49.89	68.29	-999	-999
3000	59.16	59.51	54	48
3100	57.42	62.83	50	48
3110	57.63	62.4	49	47
3111	59.88	49.57	45	46
3112	61.65	62.4	45	39
3113	56.32	62.4	46	46
3114	61.59	62.4	46	46
3115	51.59	67.29	54	46
3116	59.88	49.57	54	46
3117	67.66	57.46	54	53
3118	59.88	56.92	51	55
3119	59.88	56.92	53	46
3120	58.87	81.83	52	53
3121	58.87	81.83	52	53
3122	58.87	81.83	52	53
3123	58.87	81.83	52	53
3129	58.87	81.83	-999	-999
3130	64.18	61.48	52	46
3131	64.18	61.48	48	46
3132	64.18	61.48	57	49
3133	64.18	61.48	57	58
3134	64.18	61.48	-999	-999
3139	64.18	61.48	52	44
3140	59.88	61.48	57	57
3141	59.88	61.48	52	60
3142	59.88	61.48	52	55
3143	59.88	61.48	69	60
3144	59.88	61.48	69	50
3145	59.88	61.48	50	46
3146	59.88	61.48	-999	-999
3150	66.19	61.48	50	54
3151	66.19	61.48	50	54
3152	54.99	61.48	50	54
3160	42.19	61.48	-999	-999
3200	58.1	55.57	48	51
3210	50.15	50.75	50	52
3211	50.15	50.75	50	52
3212	62.44	35.26	50	47
3213	50.15	47.84	50	55
3220	51.73	43.26	55	51
3221	51.73	43.26	51	53
3222	51.73	43.26	51	48
3223	51.73	43.26	51	52
3224	51.73	74.21	60	60
3225	51.73	43.26	51	44
3226	51.73	74.21	60	51
3227	51.73	53.46	51	48
3228	51.73	53.46	51	44
3229	51.73	43.26	51	45
3230	51.73	68.06	38	44
3231	51.73	54.86	38	44
3232	51.73	73.29	38	44
3233	51.73	49.03	-999	-999
3234	51.73	68.06	-999	-999
3235	51.73	68.06	-999	-999
3240	58.1	55.57	49	29
3241	58.1	55.57	51	29
3242	58.1	55.57	38	22
3300	60.59	58.69	38	50
3310	46.42	64.19	38	50
3311	46.42	64.19	-999	-999
3312	46.42	64.19	-999	-999
3320	60.59	53.25	38	50
3330	46.42	50.65	38	50
3331	46.42	50.65	-999	-999
3332	46.42	50.65	-999	-999
3340	46.42	60.59	38	50
3341	68.04	60.59	-999	-999
3342	66.66	60.59	-999	-999
3343	68.04	60.59	-999	-999
3349	68.04	60.59	-999	-999
3400	65.71	52.55	55	48
3410	66.98	79.37	55	47
3411	66.98	79.37	61	50
3412	66.98	79.37	54	44
3413	60.38	79.37	59	49
3414	60.38	79.37	56	43
3415	67.52	79.37	56	46
3416	49.8	79.37	50	49
3417	60.38	79.37	56	46
3419	66.98	79.37	55	46
3420	65.71	52.55	55	42
3421	65.71	52.55	55	55
3422	65.71	52.55	55	50
3423	65.71	52.55	55	49
3429	65.71	52.55	55	42
3430	65.05	62.9	54	49
3431	65.05	61.9	54	53
3432	65.05	61.9	59	49
3433	65.05	59.19	51	49
3434	65.05	62.9	61	51
3435	65.05	54.86	-999	-999
3436	65.05	70.64	-999	-999
3439	65.05	62.9	54	53
3440	57.29	58.54	56	52
3441	57.29	58.54	56	44
3442	57.29	58.54	57	52
3443	57.29	58.54	56	55
3444	57.29	58.54	46	54
3449	57.29	58.54	56	55
3450	72.54	58.54	56	45
3451	72.54	58.54	55	60
3452	72.54	58.54	56	44
3453	72.54	58.54	-999	-999
3460	55.36	73.85	43	49
3470	65.71	52.55	52	45
3471	65.71	52.55	53	49
3472	65.71	52.55	64	50
3473	65.71	52.55	50	32
3474	65.71	52.55	50	33
3475	65.71	52.55	54	49
3479	65.71	52.55	-999	-999
3480	55.36	73.85	38	50
3481	55.36	73.85	-999	-999
3482	55.36	73.85	-999	-999
3490	65.71	52.55	-999	-999
4000	53.95	47.44	45	37
4100	54.12	47.44	45	37
4110	49.01	47.44	51	45
4111	49.01	47.44	51	42
4112	49.01	33.74	50	42
4113	49.01	47.71	50	45
4114	49.01	47.71	51	45
4115	49.01	47.44	53	53
4120	51.92	59.81	51	44
4121	51.92	53.25	51	45
4122	51.92	83.51	51	36
4123	51.92	59.81	-999	-999
4130	55.51	53.03	36	32
4131	51.92	53.03	32	30
4132	68.89	63.52	43	44
4133	53.64	31.74	45	37
4140	49.01	47.17	39	37
4141	49.01	42.51	39	36
4142	49.01	48.92	39	33
4143	49.01	47.17	39	41
4144	49.01	47.17	39	37
4190	49.01	47.57	39	37
4200	52.64	52.73	49	39
4210	52.64	52.73	48	37
4211	52.64	52.63	53	34
4212	52.64	55.46	46	42
4213	52.64	43.53	40	34
4214	52.64	43.53	40	15
4215	52.64	43.53	40	27
4216	52.64	51.34	-999	-999
4219	52.64	52.73	-999	-999
4220	52.64	49.57	52	38
4221	52.64	49.57	52	38
4222	52.64	49.57	52	38
4223	52.64	49.57	52	38
4224	52.64	49.57	-999	-999
5000	47.46	39.03	40	32
5100	47.46	39.03	38	32
5110	48.23	39.03	34	32
5111	48.23	39.03	34	50
5112	48.23	39.03	34	32
5113	48.23	39.03	34	29
5120	44.06	53.23	32	26
5121	44.06	53.23	30	37
5122	44.06	36.59	30	31
5123	46.79	39.05	34	21
5124	44.06	53.23	-999	-999
5130	47.46	52.36	25	27
5131	47.46	52.36	25	23
5132	47.46	52.36	25	42
5133	47.46	52.36	25	17
5139	47.46	52.36	25	29
5140	47.46	60.94	30	29
5141	47.46	55.75	29	32
5142	47.46	60.94	19	17
5143	47.46	59.04	54	34
5144	47.46	60.94	-999	-999
5145	47.46	60.94	-999	-999
5149	47.46	60.94	19	29
5150	45.2	42.92	43	37
5151	45.2	42.92	43	37
5152	45.2	42.92	43	37
5160	44.84	39.03	47	37
5161	44.66	39.03	42	35
5162	43.64	39.03	50	40
5163	44.84	39.03	40	39
5164	46.86	39.03	40	39
5165	44.84	39.03	-999	-999
5169	44.84	39.03	40	30
5200	60.98	49.63	43	31
5210	56.17	49.63	43	28
5211	55.92	41.45	-999	-999
5212	60.98	49.63	-999	-999
5220	60.98	49.63	43	32
5230	57.21	42.03	37	24
6000	34.73	32.69	23	37
6100	35.78	33.07	23	38
6110	35.78	33.07	23	40
6111	35.78	33.07	23	40
6112	35.78	33.07	23	40
6113	35.78	33.07	23	40
6114	35.78	33.07	23	40
6115	35.78	33.07	-999	-999
6120	35.78	32.78	23	40
6121	35.78	32.78	23	40
6122	35.78	32.78	23	40
6123	35.78	32.78	23	40
6124	35.78	32.78	23	40
6129	35.78	32.78	23	40
6130	35.78	33.07	23	38
6131	35.78	33.07	23	40
6132	35.78	33.07	27	41
6133	35.78	33.07	28	40
6134	35.78	33.07	28	30
6140	32.98	31.32	22	24
6141	32.98	31.32	22	24
6142	32.98	31.32	22	16
6150	34.78	32.69	28	28
6151	34.78	32.69	28	23
6152	34.78	32.69	28	23
6153	34.78	32.69	28	28
6154	34.78	32.69	28	6
6200	32.98	32.69	16	38
6210	32.98	32.69	16	38
6254	32.98	32.69	-999	-999
7000	41.48	39.28	34	38
7100	41.48	38.55	31	34
7110	39.74	38.55	30	34
7111	39.74	38.55	30	34
7112	39.74	38.55	30	36
7113	39.74	38.55	27	34
7114	39.74	38.55	-999	-999
7115	39.74	38.55	-999	-999
7120	43.1	38.55	30	34
7121	33.95	38.55	29	36
7122	38.81	38.55	29	34
7123	38.81	38.55	26	34
7124	35.28	38.55	29	37
7125	38.35	38.55	-999	-999
7126	34.12	38.55	-999	-999
7129	43.1	38.55	30	28
7130	41.48	38.55	34	37
7131	39.51	38.55	19	31
7132	41.48	38.55	30	31
7133	41.48	38.55	31	31
7134	41.48	38.55	34	28
7135	41.48	38.55	26	26
7136	36.92	38.55	33	34
7137	41.57	38.55	37	44
7139	41.48	38.55	-999	-999
7140	36.13	38.55	29	31
7141	36.13	38.55	29	31
7142	36.13	38.55	32	29
7143	36.13	38.55	29	20
7200	46.72	41.17	34	40
7210	48.2	41.17	31	38
7211	48.2	41.17	29	38
7212	44.37	41.17	30	39
7213	48.2	41.17	33	34
7214	48.2	41.17	30	44
7215	48.2	41.17	30	32
7216	48.2	41.17	30	26
7220	45.32	41.17	35	37
7221	45.32	41.17	33	35
7222	45.32	41.17	40	40
7223	45.32	41.17	34	38
7224	44.43	41.17	24	27
7226	45.32	41.17	-999	-999
7227	45.32	41.17	-999	-999
7230	48.14	41.17	34	43
7231	47.81	41.17	34	43
7232	48.14	41.17	42	50
7233	46.13	41.17	33	42
7234	48.14	41.17	23	20
7235	42.4	41.17	-999	-999
7239	48.14	41.17	-999	-999
7240	51.06	39.99	40	38
7241	53.18	39.99	40	38
7242	50.13	39.99	39	48
7243	50.13	39.99	41	42
7244	36.42	39.99	40	35
7245	36.42	39.99	38	36
7246	55.18	39.99	-999	-999
7247	54.64	39.99	-999	-999
7300	43.58	52.15	34	39
7310	43.58	52.15	38	45
7311	43.58	52.15	38	47
7312	43.58	52.15	38	33
7313	43.58	52.15	38	43
7314	43.58	52.15	-999	-999
7320	43.58	52.15	28	28
7321	43.58	52.15	27	25
7322	43.58	52.15	29	37
7323	43.58	52.15	29	31
7324	43.58	52.15	29	31
7330	43.58	52.15	29	31
7331	43.58	52.15	29	31
7332	43.58	52.15	29	31
7340	43.58	52.15	40	42
7341	43.58	52.15	40	42
7342	43.58	52.15	40	41
7343	43.58	52.15	42	41
7344	43.58	52.15	40	42
7345	43.58	52.15	37	32
7346	43.58	52.15	38	52
7400	46.32	40.11	33	33
7410	44.49	37.32	30	28
7411	36.36	37.32	30	24
7412	48.39	37.16	31	33
7413	44.49	37.21	30	34
7414	44.49	37.21	30	35
7415	44.49	37.32	30	34
7416	44.49	37.21	30	34
7419	36.36	37.32	-999	-999
7420	46.32	40.11	33	29
7421	46.32	40.11	33	29
7422	35.63	40.11	33	40
7423	46.32	40.11	33	36
7424	40.98	40.11	33	21
7430	42.85	42.47	36	34
7431	42.85	35.24	29	29
7432	42.85	35.24	29	32
7433	42.85	43.24	45	40
7434	42.85	38.45	36	35
7435	42.85	48.15	36	40
7436	42.85	33.41	33	26
7437	42.85	42.47	28	31
7439	42.85	42.47	-999	-999
7440	42.85	31.43	31	27
7441	42.85	31.43	31	22
7442	42.85	31.43	31	27
7443	42.85	31.43	-999	-999
7500	43.01	39.28	42	48
7510	43.01	39.28	42	46
7520	43.01	39.28	39	46
7530	43.01	39.28	26	37
8000	41.3	40.84	31	34
8100	42.62	40.84	30	36
8110	29	40.84	35	31
8111	29	40.84	35	34
8112	29	40.84	35	32
8113	29	40.84	35	31
8120	42.62	40.84	30	40
8121	42.62	40.84	31	45
8122	44.47	40.84	30	36
8123	42.62	40.84	28	38
8124	42.62	40.84	30	28
8126	42.62	40.84	-999	-999
8129	43.31	40.84	-999	-999
8130	42.62	40.84	22	31
8131	42.62	40.84	22	31
8139	42.62	40.84	22	31
8140	40.2	42.57	27	28
8141	40.2	42.57	27	29
8142	40.2	42.57	27	28
8143	40.2	42.57	27	28
8149	40.2	42.57	-999	-999
8150	40.45	47.38	35	42
8151	40.45	47.38	35	43
8152	40.45	47.38	35	43
8153	40.45	47.38	35	43
8154	40.45	47.38	35	43
8155	40.45	47.38	35	37
8159	40.45	47.38	35	43
8160	50.22	43.38	32	38
8161	50.22	43.38	33	42
8162	47.02	43.38	27	35
8163	44.89	43.38	33	34
8164	50.22	43.38	-999	-999
8170	36.17	43.38	26	30
8171	36.17	43.38	26	30
8172	36.17	43.38	26	30
8180	36.17	43.28	-999	-999
8200	39.65	36.92	32	34
8210	31.75	33.05	36	37
8211	31.75	33.05	36	38
8212	31.75	33.05	30	30
8219	31.75	33.05	-999	-999
8220	36.15	47.84	30	43
8221	36.15	47.84	30	43
8222	36.15	47.84	30	43
8223	36.15	47.84	30	28
8224	36.15	47.84	30	43
8225	36.15	47.84	-999	-999
8226	36.15	47.84	-999	-999
8229	36.15	47.84	30	43
8230	52.13	47.84	30	30
8231	52.13	47.84	30	30
8232	52.13	47.84	30	30
8240	52.13	47.84	29	31
8250	29.53	29.16	38	41
8251	29.53	29.16	38	41
8252	29.53	29.16	38	32
8253	29.53	29.16	38	28
8254	29.53	29.16	-999	-999
8255	29.53	29.16	-999	-999
8260	29.53	35.84	30	28
8261	29.53	36.45	29	29
8262	29.53	36.45	29	29
8263	29.53	36.07	32	25
8264	29.53	39.76	24	25
8265	29.53	35.84	32	26
8266	29.53	31.66	32	28
8267	29.53	39.76	-999	-999
8269	29.53	39.76	32	26
8270	47.6	32.82	29	33
8271	47.6	32.82	29	31
8272	47.6	32.82	29	34
8273	47.6	32.82	29	33
8274	47.6	32.82	29	33
8275	47.6	32.82	29	35
8276	47.6	32.82	29	45
8277	47.6	32.82	29	34
8278	47.6	32.82	29	34
8279	47.6	32.82	29	39
8280	42.41	42.3	31	33
8281	43.08	38.97	30	30
8282	41.96	37.97	34	48
8283	41.96	37.97	34	48
8284	43.08	42.3	30	30
8285	43.08	38.97	30	31
8286	42.41	42.3	30	28
8287	43.08	42.3	-999	-999
8290	43.08	42.3	26	33
8300	38.33	35.61	32	33
8310	38.33	35.61	36	36
8311	50.9	35.61	41	43
8312	38.33	35.61	32	29
8313	38.39	35.61	-999	-999
8314	38.33	35.61	-999	-999
8320	33.95	35.61	34	32
8321	46.46	35.61	30	31
8322	56.42	35.61	30	31
8323	44.76	35.61	30	32
8324	40.86	35.61	34	33
8325	33.95	35.61	-999	-999
8326	33.95	35.61	-999	-999
8330	38.27	35.61	26	32
8331	34.1	35.61	26	31
8332	38.27	35.61	26	32
8333	52.73	35.61	28	33
8334	38.27	35.61	28	28
8340	55.65	35.61	32	29
8400	41.3	38	24	33
9000	33.56	33.45	20	21
9100	33.56	33.45	25	23
9110	39.75	33.45	29	25
9111	39.75	33.45	29	24
9112	39.75	33.45	28	24
9113	39.75	33.45	29	26
9114	39.75	33.45	-999	-999
9120	33.56	38.11	28	12
9129	33.56	38.11	-999	-999
9130	33.56	42.17	16	21
9131	39.14	42.17	16	22
9132	39.14	37.45	16	21
9133	38.81	36.61	16	22
9134	39.14	37.86	-999	-999
9140	43.85	41.84	23	23
9141	39.14	41.84	23	25
9142	47.42	41.84	23	19
9143	43.85	41.84	-999	-999
9144	39.14	41.84	-999	-999
9150	38.83	39.01	27	20
9151	38.83	39.01	25	22
9152	38.83	39.01	27	20
9153	38.83	39.01	27	21
9154	38.83	39.01	-999	-999
9159	38.83	39.01	-999	-999
9160	33.56	33.45	23	13
9161	33.56	33.45	23	13
9162	33.56	33.45	23	13
9169	33.56	33.45	-999	-999
9200	33.7	30.49	16	23
9210	33.7	30.49	16	23
9211	33.7	30.49	16	23
9212	33.7	36.51	16	18
9213	33.7	32.09	16	23
9300	35.84	33.95	23	18
9310	34.43	33.95	21	16
9311	34.43	33.95	21	18
9312	45.96	33.95	21	15
9313	34.43	33.95	21	15
9315	34.43	33.95	-999	-999
9320	40.38	32.18	20	19
9321	40.38	39.11	20	18
9322	40.38	32.18	24	22
9323	40.38	32.18	-999	-999
9330	35.84	33.95	29	20
9331	35.84	33.95	22	17
9332	35.84	33.95	22	22
9333	35.84	33.95	30	20
9334	35.84	33.95	-999	-999
9339	35.84	33.95	-999	-999
