OCCBST	OCC	EMPST	HITCS	WITCS	HISCS	WISCS
12	1	2	62.2	70.6	62.2	70.1
14	1	4	62.2	70.6	68.4	77.2
19	1	9	62.2	70.6	62.4	70.4
22	2	2	57.8	54.8	57.5	54.4
24	2	4	57.8	54.8	62.8	62.5
29	2	9	57.8	54.8	57.6	54.4
32	3	2	61.6	57.2	61.4	57
34	3	4	61.6	57.2	62.9	62.5
39	3	9	61.6	57.2	61.5	57
42	4	2	53.7	49.5	53.6	49.5
44	4	4	53.7	49.5	56.9	75.8
49	4	9	53.7	49.5	53.7	49.5
52	5	2	53.7	61.5	53.3	61.4
54	5	4	53.7	61.5	60.2	62.5
59	5	9	53.7	61.5	53.4	61.4
62	6	2	50	51.6	49.6	52.2
64	6	4	50	51.6	77.6	52.2
69	6	9	50	51.6	49.7	52.2
72	7	2	51.1	50.4	50.3	50.3
74	7	4	51.1	50.4	62.2	75.8
79	7	9	51.1	50.4	50.5	51.4
82	8	2	57.8	57.1	57.6	57.1
84	8	4	57.8	57.1	56.7	66.3
89	8	9	57.8	57.1	57.6	57.3
92	9	2	64.3	60.7	63.8	60.2
94	9	4	64.3	60.7	72.7	70.9
99	9	9	64.3	60.7	64.3	60.8
122	12	2	43	55.9	42.7	56.1
124	12	4	43	55.9	62.2	75.5
129	12	9	43	55.9	42.7	56.5
132	13	2	62.6	63.2	62.1	63.1
134	13	4	62.6	63.2	62.1	75.5
139	13	9	62.6	63.2	62.1	63.1
142	14	2	87.6	72	87.1	71.4
144	14	4	87.6	72	81.4	71.4
149	14	9	87.6	72	87.1	71.4
152	15	2	77.3	55.6	76.4	54.4
154	15	4	77.3	55.6	81.4	93.1
159	15	9	77.3	55.6	76.4	54.4
162	16	2	77.7	76.8	78.7	75.6
164	16	4	77.7	76.8	81.4	93.1
169	16	9	77.7	76.8	78.7	75.9
192	19	2	68.8	62.2	78.7	75.6
194	19	4	68.8	62.2	81.4	79.2
199	19	9	77.7	76.8	69.6	62.5
212	21	2	97.5	86.3	95.5	86.5
214	21	4	97.5	86.3	81.4	93.1
219	21	9	97.5	86.3	95.5	86.5
222	22	2	68.2	58.3	68	58.6
224	22	4	68.2	58.3	69.9	62.6
229	22	9	68.2	58.3	68.1	58.7
232	23	2	62.9	72.6	63	65.6
234	23	4	62.9	72.6	63.7	62.6
239	23	9	62.9	72.6	63	65.6
292	29	2	71.3	72.8	95.5	86.5
294	29	4	71.3	72.8	81.4	62.6
299	29	9	97.5	86.3	71.2	73.3
302	30	2	67.2	79.2	67	78.1
304	30	4	67.2	79.2	82.9	89.7
309	30	9	67.2	79.2	67.3	78.1
312	31	2	76.7	89.9	80.1	88.7
314	31	4	76.7	89.9	91.8	99
319	31	9	76.7	89.9	80.6	89
322	32	2	62.1	83.5	65.4	82.2
324	32	4	62.1	83.5	78.1	89.7
329	32	9	62.1	83.5	65.7	82.3
332	33	2	58.4	72.9	59.3	72.1
334	33	4	58.4	72.9	55.1	81.2
339	33	9	58.4	72.9	59.3	72.2
342	34	2	59.2	72.4	61.3	71.5
344	34	4	59.2	72.4	65	78
349	34	9	59.2	72.4	61.4	71.7
352	35	2	48.5	73.1	48.5	74.9
354	35	4	48.5	73.1	50.6	73.6
359	35	9	48.5	73.1	48.6	74.9
362	36	2	56	60.6	56	60.3
364	36	4	56	60.6	63.6	72.9
369	36	9	56	60.6	56	60.4
372	37	2	61.7	70.8	60.8	69.6
374	37	4	61.7	70.8	74.2	88.4
379	37	9	61.7	70.8	61.7	70.2
392	39	2	53.5	58.8	54.8	59.4
394	39	4	53.5	58.8	63.6	62.9
399	39	9	53.5	58.8	55	59.5
412	41	2	70	76.1	68.8	75.4
414	41	4	70	76.1	60.5	62.5
419	41	9	70	76.1	68.6	75.4
492	49	2	67.8	59.6	67.2	59.1
494	49	4	67.8	59.6	60.5	62.5
499	49	9	67.8	59.6	67.2	59.2
512	51	2	93.3	85.5	91.8	85
514	51	4	93.3	85.5	83.9	85
519	51	9	93.3	85.5	91.8	85
522	52	2	77.8	71.7	77.3	70.5
524	52	4	77.8	71.7	85.3	86.2
529	52	9	77.8	71.7	77.3	70.5
532	53	2	89.3	85.5	88.8	84.1
534	53	4	89.3	85.5	85.3	86.2
539	53	9	89.3	85.5	87.8	84.7
542	54	2	88.9	87.2	88.5	86.5
544	54	4	88.9	87.2	83.9	92.6
549	54	9	88.9	87.2	88.4	86.6
592	59	2	80.5	73.2	83.1	71
594	59	4	80.5	73.2	85.3	86.2
599	59	9	80.5	73.2	83.1	71
612	61	2	75.6	77.2	75	76.8
614	61	4	75.6	77.2	83.7	88.4
619	61	9	75.6	77.2	75.8	77.7
622	62	2	76.4	77.8	75.7	77.1
624	62	4	76.4	77.8	88.5	84.2
629	62	9	76.4	77.8	76	77.2
632	63	2	80.7	84.5	79.6	85.1
634	63	4	80.7	84.5	89.2	85.1
639	63	9	80.7	84.5	80.3	85.1
692	69	2	66.8	65.8	64.6	64
694	69	4	66.8	65.8	78	84.3
699	69	9	66.8	65.8	66.8	65.6
712	71	2	68.2	69.2	66.6	69.2
714	71	4	68.2	69.2	75.8	79.6
719	71	9	68.2	69.2	69	71
722	72	2	54.2	52.6	53.2	52.5
724	72	4	54.2	52.6	59.1	62.3
729	72	9	54.2	52.6	54.2	53.1
732	73	2	70.6	73.6	68.3	73.8
734	73	4	70.6	73.6	80.6	76.8
739	73	9	70.6	73.6	71.2	74.8
742	74	2	65	59.3	63.2	59.5
744	74	4	65	59.3	73.9	68.6
749	74	9	65	59.3	65.9	60.7
752	75	2	74.9	81.8	76.5	81.4
754	75	4	74.9	81.8	80.5	84
759	75	9	74.9	81.8	76.7	81.6
762	76	2	66.5	65.6	66.3	66
764	76	4	66.5	65.6	66.2	63.7
769	76	9	66.5	65.6	66.3	65.9
772	77	2	71	73.3	70.5	75.1
774	77	4	71	73.3	80.7	84
779	77	9	71	73.3	71.6	75.1
792	79	2	73.1	73.6	68.8	70.3
794	79	4	73.1	73.6	74.8	79.4
799	79	9	73.1	73.6	72.3	74.4
912	91	2	78.5	72.4	77.5	71.9
914	91	4	78.5	72.4	77.9	71.5
919	91	9	78.5	72.4	77.5	71.8
922	92	2	68.5	68.3	67.9	67.5
924	92	4	68.5	68.3	82.5	89.3
929	92	9	68.5	68.3	68.3	68.1
992	99	2	86.8	81	87	81.6
994	99	4	86.8	81	77.9	94.8
999	99	9	86.8	81	85.9	83
1012	101	2	99	85.3	98.8	85.3
1014	101	4	99	85.3	99	91.2
1019	101	9	99	85.3	98.9	85.3
1022	102	2	70.1	68.8	69.4	68.5
1024	102	4	70.1	68.8	60.8	74.3
1029	102	9	70.1	68.8	69.4	68.5
1032	103	2	66.6	64.1	66	63.8
1034	103	4	66.6	64.1	60.8	73.9
1039	103	9	66.6	64.1	65.9	63.9
1042	104	2	73.5	70.1	69.4	69.6
1044	104	4	73.5	70.1	77.8	74.3
1049	104	9	70.1	70.1	76	69.7
1052	105	2	64.7	63.7	63.6	63.2
1054	105	4	64.7	63.7	60.8	63
1059	105	9	64.7	63.7	63.6	63.2
1062	106	2	51	45.7	51.8	45.7
1064	106	4	51	45.7	56.3	53.2
1069	106	9	51	45.7	51.8	45.7
1072	107	2	48.7	40.6	48.4	40.9
1074	107	4	48.7	40.6	56.3	51.4
1079	107	9	48.7	40.6	48.6	41
1092	109	2	55	60.2	51.4	59.4
1094	109	4	55	60.2	62.8	63.5
1099	109	9	55	60.2	53.4	60.5
1112	111	2	69.6	74.1	68.7	73.1
1114	111	4	69.6	74.1	69.5	86
1119	111	9	69.6	74.1	68.9	74.7
1122	112	2	60.9	60	62	59.6
1124	112	4	60.9	60	44.5	70.6
1129	112	9	60.9	60	60.5	59.8
1192	119	2	66.9	85.6	62	84.6
1194	119	4	66.9	85.6	66.1	84.6
1199	119	9	60.9	85.6	66.3	84.6
1212	121	2	91.4	84.7	88.5	89.8
1214	121	4	91.4	84.7	90.3	98.2
1219	121	9	91.4	84.7	88.7	90.3
1222	122	2	91.4	65.7	88.5	65.4
1224	122	4	91.4	65.7	90.3	73.9
1229	122	9	91.4	65.7	88.7	65.6
1232	123	2	91.4	54.1	51.8	54.2
1234	123	4	91.4	54.1	56.3	58
1239	123	9	55	54.1	88.7	54.2
1292	129	2	91.4	58.6	88.5	59.5
1294	129	4	91.4	58.6	90.3	75.2
1299	129	9	91.4	58.6	88.7	59.9
1312	131	2	83.4	75	81.5	75.1
1314	131	4	83.4	75	90.3	73.9
1319	131	9	83.4	75	81.5	75.1
1392	139	2	44.2	55.2	42.3	54.7
1394	139	4	44.2	55.2	56.3	70.7
1399	139	9	44.2	55.2	42.3	54.9
1412	141	2	78.1	78.3	78.4	78.8
1414	141	4	78.1	78.3	79.8	70.6
1419	141	9	78.1	78.3	78.5	77.5
1492	149	2	38.8	44.2	39	42.9
1494	149	4	38.8	44.2	39	51.4
1499	149	9	38.8	44.2	39	42.9
1512	151	2	71.3	68.7	71.5	70.2
1514	151	4	71.3	68.7	63.8	89.8
1519	151	9	71.3	68.7	71.4	70.5
1522	152	2	64	56.5	61	57.5
1524	152	4	64	56.5	58.3	58.5
1529	152	9	64	56.5	61	57.5
1532	153	2	53.3	43.8	53.1	43.7
1534	153	4	53.3	43.8	63.1	54.1
1539	153	9	53.3	43.8	53.1	43.8
1542	154	2	51.5	33.2	50.9	33.7
1544	154	4	51.5	33.2	63.1	41
1549	154	9	51.5	33.2	50.9	33.7
1552	155	2	61.5	40.7	60.5	40.8
1554	155	4	61.5	40.7	63.1	46.9
1559	155	9	61.5	40.7	60.5	40.8
1592	159	2	51.6	37.9	49.7	37.9
1594	159	4	51.6	37.9	63.1	43.9
1599	159	9	51.6	37.9	49.7	38.1
1612	161	2	72.4	75.5	71	74.8
1614	161	4	72.4	75.5	66.2	74.8
1619	161	9	72.4	75.5	71	74.8
1622	162	2	62.7	51.1	61.8	49.9
1624	162	4	62.7	51.1	66.2	75.8
1629	162	9	62.7	51.1	61.8	49.9
1692	169	2	67.1	77.6	65.5	76.8
1694	169	4	67.1	77.6	66.2	76.8
1699	169	9	67.1	77.6	65.5	76.8
1912	191	2	91.1	91.2	87.9	92.1
1914	191	4	91.1	91.2	92.8	98.2
1919	191	9	91.1	91.2	88.7	92.9
1922	192	2	83.6	77.3	65.5	75.6
1924	192	4	83.6	77.3	66.2	87.7
1929	192	9	67.1	77.3	81.3	75.6
1992	199	2	56.5	67	56	65.8
1994	199	4	56.5	67	63.1	87.7
1999	199	9	56.5	67	57	68.2
2012	201	2	76.6	69.8	76.5	69.1
2014	201	4	76.6	69.8	79.1	79.8
2019	201	9	76.6	69.8	76.5	69.2
2022	202	2	76.7	71.4	75.8	73.5
2024	202	4	76.7	71.4	77.1	78
2029	202	9	76.7	71.4	75.8	73.5
2032	203	2	74	68.7	73.1	68.3
2034	203	4	74	68.7	77.1	78
2039	203	9	74	68.7	73.2	68.4
2092	209	2	70.3	73.1	69.4	72.3
2094	209	4	70.3	73.1	77.1	78
2099	209	9	70.3	73.1	69.4	72.3
2112	211	2	67.2	67.1	67.3	66.2
2114	211	4	67.2	67.1	62.9	72
2119	211	9	67.2	67.1	67.2	66.4
2122	212	2	60.2	67.7	59.6	67
2124	212	4	60.2	67.7	66.7	72
2129	212	9	60.2	67.7	59.7	67
2192	219	2	67.9	67	68.1	66.7
2194	219	4	67.9	67	59.1	72
2199	219	9	67.9	67	67.4	66.7
2212	221	2	67.7	69.4	67.4	68.5
2214	221	4	67.7	69.4	82.6	70.7
2219	221	9	67.7	69.4	67.6	68.5
2222	222	2	61.9	68.2	61.5	68.6
2224	222	4	61.9	68.2	82.6	70.7
2229	222	9	61.9	68.2	61.5	68.6
2292	229	2	70.9	67.9	69.6	64
2294	229	4	70.9	67.9	82.6	70.7
2299	229	9	70.9	67.9	69.6	64
2312	231	2	72.3	66.5	72.2	67.4
2314	231	4	72.3	66.5	69.5	66.2
2319	231	9	72.3	66.5	72	67.4
2322	232	2	65.6	55.2	65.2	54.9
2324	232	4	65.6	55.2	64.3	60.6
2329	232	9	65.6	55.2	65.2	55.1
2392	239	2	71.1	65.6	70.8	64.7
2394	239	4	71.1	65.6	69.5	66.2
2399	239	9	71.1	65.6	70.8	64.7
2412	241	2	74.6	64.1	74.1	63.3
2414	241	4	74.6	64.1	60.9	75.4
2419	241	9	74.6	64.1	74.1	63.6
2422	242	2	51.4	47.9	49.9	46.9
2424	242	4	51.4	47.9	60.9	62.9
2429	242	9	51.4	47.9	49.9	47.6
2492	249	2	48.4	50.1	48	49.1
2494	249	4	48.4	50.1	60.9	63.2
2499	249	9	48.4	50.1	48.2	49.3
2512	251	2	71.2	68.5	70.4	68.2
2514	251	4	71.2	68.5	77.9	79.9
2519	251	9	71.2	68.5	70.6	68.4
2522	252	2	51.8	45.9	51.3	45.1
2524	252	4	51.8	45.9	53.6	57.3
2529	252	9	51.8	45.9	51.3	45.3
2592	259	2	59.4	54.1	59	53
2594	259	4	59.4	54.1	53.6	57.3
2599	259	9	59.4	54.1	58.9	53
2612	261	2	75.2	70.8	74.9	70.9
2614	261	4	75.2	70.8	74.1	74
2619	261	9	75.2	70.8	74.8	71
2622	262	2	88.7	82.7	86.9	82.5
2624	262	4	88.7	82.7	74.1	74
2629	262	9	88.7	82.7	86.9	82.5
2692	269	2	85.8	71.4	85	95.4
2694	269	4	85.8	71.4	74.1	74
2699	269	9	85.8	82.7	85	95.4
2912	291	2	54.5	51.5	54.1	50.5
2914	291	4	54.5	51.5	68.7	61.9
2919	291	9	54.5	51.5	54.3	50.5
2922	292	2	63.4	59.2	62.9	58.9
2924	292	4	63.4	59.2	48.9	57
2929	292	9	63.4	59.2	62.8	58.8
2932	293	2	65.3	62.8	64.5	61.8
2934	293	4	65.3	62.8	67.2	57
2939	293	9	65.3	62.8	64.5	61.8
2942	294	2	60.1	55.2	59.6	54.3
2944	294	4	60.1	55.2	67.2	61.7
2949	294	9	60.1	55.2	59.6	54.3
2952	295	2	65.1	63.9	65	63.1
2954	295	4	65.1	63.9	62	58.9
2959	295	9	65.1	63.9	64.8	63
2962	296	2	55.8	50.4	55.4	49.2
2964	296	4	55.8	50.4	53.2	61.9
2969	296	9	55.8	50.4	55.4	49.2
2972	297	2	49.3	58.3	48.8	56.8
2974	297	4	49.3	58.3	60.4	77.2
2979	297	9	49.3	58.3	49	57.5
2992	299	2	53.4	54.2	52.7	53.1
2994	299	4	53.4	54.2	68.7	61.9
2999	299	9	53.4	54.2	52.7	53.3
3112	311	2	72.2	71.1	71.6	70.6
3114	311	4	72.2	71.1	72.1	82.3
3119	311	9	72.2	71.1	71.6	71.2
3122	312	2	67.4	71.4	67.7	70.9
3124	312	4	67.4	71.4	63.7	71.6
3129	312	9	67.4	71.4	67	71
3132	313	2	59.1	58.9	58.8	58.9
3134	313	4	59.1	58.9	55.9	71.5
3139	313	9	59.1	58.9	58.7	59.3
3192	319	2	59.8	59.4	60.1	59.7
3194	319	4	59.8	59.4	60.4	60.6
3199	319	9	59.8	59.4	60.1	59.7
3212	321	2	57.7	58.6	57.8	58.5
3214	321	4	57.7	58.6	51.6	62.9
3219	321	9	57.7	58.6	57.7	58.6
3312	331	2	58.9	50.1	67	57.4
3314	331	4	58.9	50.1	54.3	50.4
3319	331	9	58.9	50.1	61.3	52.3
3322	332	2	60	56.3	60.1	56.9
3324	332	4	60	56.3	64.9	51
3329	332	9	60	56.3	60.2	56.9
3332	333	2	49.9	41.5	51.3	41.7
3334	333	4	49.9	41.5	49.2	34.7
3339	333	9	49.9	41.5	51.3	41.7
3392	339	2	41.2	40.8	42.6	40.4
3394	339	4	41.2	40.8	46.3	41.3
3399	339	9	41.2	40.8	42.8	40.4
3992	399	2	58.8	58.5	60.1	60
3994	399	4	58.8	58.5	56.4	51
3999	399	9	49.9	58.5	59.4	60
4002	400	2	48.4	39.6	50.8	46.6
4004	400	4	48.4	39.6	47.2	38.3
4009	400	9	48.4	39.6	47.8	38.3
4012	401	2	50.6	39.6	54.1	38.3
4014	401	4	50.6	39.6	50.5	38.3
4019	401	9	50.6	39.6	51.1	38.3
4022	402	2	56.1	39.6	55.1	46.6
4024	402	4	56.1	39.6	51.3	38.3
4029	402	9	56.1	39.6	55.1	38.3
4032	403	2	54.2	39.6	54.1	38.3
4034	403	4	54.2	39.6	51.3	38.3
4039	403	9	54.2	39.6	54.1	38.3
4042	404	2	53.7	39.6	53.9	38.3
4044	404	4	53.7	39.6	51.3	38.3
4049	404	9	53.7	39.6	53.9	38.3
4052	405	2	48.8	39.6	40.2	38.3
4054	405	4	48.8	39.6	49.2	38.3
4059	405	9	48.8	43.5	49.2	38.3
4062	406	2	50.3	39.6	40.2	46.6
4064	406	4	50.3	39.6	50	38.3
4069	406	9	47.3	43.5	50	38.3
4092	409	2	47.3	43.5	52.9	46.6
4094	409	4	47.3	43.5	51.3	38.3
4099	409	9	47.3	43.5	49.4	38.3
4112	411	2	36.1	39.6	35.8	38.3
4114	411	4	36.1	39.6	43.3	38.3
4119	411	9	36.1	39.6	35.8	38.3
4122	412	2	34.7	39.6	34.3	38.3
4124	412	4	34.7	39.6	44.3	38.3
4129	412	9	34.7	39.6	35.2	38.3
4132	413	2	36.6	39.6	35.1	38.3
4134	413	4	36.6	39.6	30.2	38.3
4139	413	9	36.6	39.6	35	38.3
4142	414	2	43.8	39.6	42	38.3
4144	414	4	43.8	39.6	42	38.3
4149	414	9	43.8	39.6	42	38.3
4192	419	2	39.5	39.6	38.8	38.3
4194	419	4	39.5	39.6	43.3	38.3
4199	419	9	39.5	39.6	38.8	38.3
4212	421	2	49.6	39.6	49.2	38.3
4214	421	4	49.6	39.6	49.2	38.3
4219	421	9	49.6	39.6	49.2	38.3
4312	431	2	38.1	39.6	39.2	38.3
4314	431	4	38.1	39.6	36.7	38.3
4319	431	9	38.1	39.6	37	38.3
4322	432	2	43.9	39.6	42.6	38.3
4324	432	4	43.9	39.6	36.7	42.7
4329	432	9	43.9	39.6	42.6	38.3
4392	439	2	38.8	39.6	42.6	38.3
4394	439	4	38.8	39.6	43.3	38.3
4399	439	9	43.9	39.6	37.6	38.3
4412	441	2	32	39.6	31	38.3
4414	441	4	32	39.6	36.2	38.3
4419	441	9	32	39.6	32	38.3
4492	449	2	37.5	39.6	38.2	38.3
4494	449	4	37.5	39.6	36.2	38.3
4499	449	9	37.5	39.6	38.2	38.3
5012	501	2	29.3	28.2	29.8	29.8
5014	501	4	29.3	28.2	31.8	29.8
5019	501	9	29.3	28.2	29.9	29.8
5092	509	2	27.5	28.2	27.3	28.6
5094	509	4	27.5	28.2	31.9	52.1
5099	509	9	27.5	18.4	27.5	28.6
5112	511	2	38.1	23	36.7	27.7
5114	511	4	38.1	23	48.3	27.7
5119	511	9	38.1	23	37.9	27.7
5212	521	2	33.2	23	33.1	18.4
5214	521	4	33.2	23	33.1	18.4
5219	521	9	33.2	18.4	33.1	18.4
5312	531	2	30	23	39.5	27.7
5314	531	4	30	23	39.5	27.7
5319	531	9	38.1	23	39.5	27.7
5992	599	2	33.2	18.4	35	18.4
5994	599	4	33.2	18.4	31.9	52.1
5999	599	9	33.2	18.4	35	27.7
6012	601	2	55.2	47.2	55.3	30.9
6014	601	4	55.2	47.2	51.9	49.6
6019	601	9	55.2	29.7	55.1	47
6022	602	2	66.3	47.2	65.4	47
6024	602	4	66.3	47.2	65.4	49.6
6029	602	9	66.3	47.2	65.4	47
6032	603	2	51.8	47.2	51.2	30.9
6034	603	4	51.8	47.2	51.9	49.6
6039	603	9	51.8	29.7	51.2	47
6092	609	2	54.9	47.2	54.7	47
6094	609	4	54.9	47.2	51.9	49.6
6099	609	9	54.9	47.2	54.6	47
6112	611	2	36.1	29.7	36.5	30.9
6114	611	4	36.1	29.7	35.5	30.9
6119	611	9	36.1	29.7	36.4	30.9
6122	612	2	33.1	29.7	33.7	30.9
6124	612	4	33.1	29.7	35.5	30.9
6129	612	9	33.1	29.7	33.7	30.9
6192	619	2	51.2	29.7	50.7	30.9
6194	619	4	51.2	29.7	50.7	30.9
6199	619	9	51.2	29.7	50.7	30.9
6212	621	2	74	76.6	73.5	75.3
6214	621	4	74	76.6	73.5	75.3
6219	621	9	74	76.6	73.5	75.3
6292	629	2	74	76.6	73.5	75.3
6294	629	4	74	76.6	73.5	75.3
6299	629	9	74	76.6	73.5	75.3
6312	631	2	47.8	45.7	47.7	44.6
6314	631	4	47.8	45.7	41.5	44.6
6319	631	9	47.8	45.7	47.7	44.6
6402	640	2	40.7	38.2	40.5	38
6404	640	4	40.7	38.2	41.5	41
6409	640	9	40.7	38.2	40.7	38.4
6412	641	2	33.7	38.7	33.1	38.6
6414	641	4	33.7	38.7	39.7	43.3
6419	641	9	33.7	38.7	34.2	39.3
6422	642	2	42.6	33.9	42.3	34.1
6424	642	4	42.6	33.9	41.5	34.1
6429	642	9	42.6	33.9	42.3	34.1
6432	643	2	39	52	37	51.1
6434	643	4	39	52	42.7	43.3
6439	643	9	39	52	38.5	51.1
6492	649	2	39.5	46.4	39.5	46.2
6494	649	4	39.5	46.4	42.7	46.2
6499	649	9	39.5	46.4	39.5	46.2
6512	651	2	64.1	67.3	63.4	66.6
6514	651	4	64.1	67.3	63.4	66.6
6519	651	9	64.1	67.3	63.4	66.6
6522	652	2	41.9	44.5	41.9	44.2
6524	652	4	41.9	44.5	42.7	43.3
6529	652	9	41.9	44.5	41.9	44.2
6532	653	2	40.6	45.3	40.2	45.6
6534	653	4	40.6	45.3	42.7	43.3
6539	653	9	40.6	45.3	40.2	45.6
6592	659	2	42.9	54.8	40.2	45.6
6594	659	4	42.9	54.8	42.9	54.4
6599	659	9	40.6	45.3	42.9	54.4
6612	661	2	50	57.9	49.8	44.3
6614	661	4	50	57.9	53.7	53.7
6619	661	9	50	50.2	49.8	53.7
6622	662	2	64.5	66.6	63.7	65.4
6624	662	4	64.5	66.6	63.7	65.4
6629	662	9	64.5	66.6	63.7	65.4
6632	663	2	47.9	48.9	47.8	44.7
6634	663	4	47.9	48.9	53.7	44.7
6639	663	9	47.9	48.9	47.8	44.7
6642	664	2	47.6	50.2	47.4	44.3
6644	664	4	47.6	50.2	53.7	43.3
6649	664	9	47.6	50.2	47.5	44.3
6692	669	2	52.2	57.9	49.8	44.3
6694	669	4	52.2	57.9	53.7	53.7
6699	669	9	52.2	50.2	49.8	53.7
6712	671	2	53.8	50.8	53.3	50.4
6714	671	4	53.8	50.8	46.8	57.8
6719	671	9	53.8	50.8	53.2	50.5
6732	673	2	54.4	46.1	53.9	45.9
6734	673	4	54.4	46.1	53.9	45.9
6739	673	9	54.4	46.1	53.9	45.9
6742	674	2	53.9	49.7	54	49.8
6744	674	4	53.9	49.7	46.8	53.4
6749	674	9	53.9	49.7	54	49.9
6752	675	2	54.2	44.8	53.8	44.4
6754	675	4	54.2	44.8	46.8	44.4
6759	675	9	54.2	44.8	53.8	44.4
6792	679	2	53.9	49.8	53.5	49.6
6794	679	4	53.9	49.8	46.8	55.2
6799	679	9	53.9	49.8	53.4	49.7
6812	681	2	48.6	39.2	48.4	39.4
6814	681	4	48.6	39.2	48.8	45.2
6819	681	9	48.6	39.2	48.4	39.5
6822	682	2	42.2	52.8	40.6	52
6824	682	4	42.2	52.8	42.8	65.8
6829	682	9	42.2	52.8	40.6	52.2
6892	689	2	36.5	31.9	36.6	32.2
6894	689	4	36.5	31.9	38.5	40.1
6899	689	9	36.5	31.9	36.7	32.4
6912	691	2	35	47.2	34.9	44.3
6914	691	4	35	47.2	53.7	49.6
6919	691	9	35	50.2	34.9	47
6992	699	2	35	47.2	40.2	47
6994	699	4	35	47.2	34.9	49.6
6999	699	9	40.6	47.2	34.9	47
7012	701	2	29.7	27	23.1	18.6
7014	701	4	29.7	27	41.9	58.6
7019	701	9	15.4	21.1	27.9	26.4
7022	702	2	15.4	21.1	23.1	18.6
7024	702	4	15.4	21.1	41.9	58.6
7029	702	9	15.4	21.1	23.1	18.6
7032	703	2	29.6	28	29.7	25.3
7034	703	4	29.6	28	41.9	58.6
7039	703	9	29.6	28	29.7	25.3
7052	705	2	31.2	21	28.1	20
7054	705	4	31.2	21	41.9	58.6
7059	705	9	31.2	21	28.1	20
7062	706	2	32.8	30.3	31.1	29.5
7064	706	4	32.8	30.3	41.9	58.6
7069	706	9	32.8	30.3	31.1	29.5
7072	707	2	29.7	26.3	23.2	25.2
7074	707	4	29.7	26.3	41.9	58.6
7079	707	9	28	26.3	27.9	25.2
7092	709	2	28	28.3	23.2	25.8
7094	709	4	28	28.3	41.9	58.6
7099	709	9	28	28.3	25.6	30.5
7112	711	2	38.2	60.9	36.9	58.8
7114	711	4	38.2	60.9	37.2	62.8
7119	711	9	38.2	60.9	37.1	60.2
7122	712	2	49.7	62.9	50.7	58.8
7124	712	4	49.7	62.9	49.3	62.8
7129	712	9	49.7	62.9	50.3	29.5
7132	713	2	40.9	55.7	50.7	52.7
7134	713	4	40.9	55.7	46.6	62.8
7139	713	9	49.7	55.7	40.6	52.7
7142	714	2	39.5	33.7	36.2	29.7
7144	714	4	39.5	33.7	46.3	56.2
7149	714	9	39.5	33.7	39.1	32.5
7152	715	2	37	41.4	35.8	37.3
7154	715	4	37	41.4	46.3	73
7159	715	9	37	41.4	35.8	39.7
7162	716	2	45.9	28.5	44.7	26.3
7164	716	4	45.9	28.5	53.5	52.6
7169	716	9	45.9	28.5	46.5	28
7192	719	2	42.3	28.9	39.2	25.4
7194	719	4	42.3	28.9	56.5	57.7
7199	719	9	42.3	28.9	41.7	27.4
7212	721	2	37	47.6	36.1	46
7214	721	4	37	47.6	36.3	44.1
7219	721	9	37	47.6	36.2	45.2
7222	722	2	19.9	21	18.9	20.5
7224	722	4	19.9	21	47.3	44.1
7229	722	9	19.9	21	18.9	20.5
7232	723	2	35.4	28.1	33.9	27
7234	723	4	35.4	28.1	47.3	44.1
7239	723	9	35.4	28.1	36.7	27
7292	729	2	33.6	26.3	31	25
7294	729	4	33.6	26.3	38.2	44.1
7299	729	9	33.6	26.3	33.6	25.8
7312	731	2	27.8	26.2	27.2	26.1
7314	731	4	27.8	26.2	35.7	52.1
7319	731	9	27.8	26.2	27.2	26.1
7322	732	2	23.5	14.1	23.4	11.1
7324	732	4	23.5	14.1	35.7	11.1
7329	732	9	23.5	14.1	23.4	11.1
7332	733	2	26.4	16.1	26.8	16.9
7334	733	4	26.4	16.1	35.7	16.9
7339	733	9	26.4	16.1	26.8	16.9
7352	735	2	19.5	19.6	17.5	19.3
7354	735	4	19.5	19.6	35.7	19.3
7359	735	9	19.5	19.6	17.5	19.3
7362	736	2	35.6	10.4	34.2	7.4
7364	736	4	35.6	10.4	44.3	52.1
7369	736	9	35.6	10.4	35.6	7.4
7372	737	2	21.2	10.9	20.5	9.4
7374	737	4	21.2	10.9	35.7	52.1
7379	737	9	21.2	10.9	20.5	9.4
7392	739	2	25.6	22.1	26	22
7394	739	4	25.6	22.1	35.7	52.1
7399	739	9	25.6	22.1	26.1	22
7412	741	2	46.7	38.2	46.3	36.3
7414	741	4	46.7	38.2	57.6	61.7
7419	741	9	46.7	38.2	46.7	36.3
7422	742	2	53.1	51	49.5	48.1
7424	742	4	53.1	51	50.7	70.8
7429	742	9	53.1	51	49.9	48.1
7432	743	2	59.2	58.9	55.7	57.5
7434	743	4	59.2	58.9	68.6	69.8
7439	743	9	59.2	58.9	57.1	57.5
7442	744	2	60.3	59.6	60.9	58.3
7444	744	4	60.3	59.6	64.9	69.8
7449	744	9	60.3	59.6	61.5	59.3
7452	745	2	56.2	56.5	54	52.4
7454	745	4	56.2	56.5	60.7	70.8
7459	745	9	56.2	56.5	56.1	56.5
7462	746	2	48	40.2	42.8	33.6
7464	746	4	48	40.2	65	61.7
7469	746	9	48	40.2	48.1	45.2
7492	749	2	51.7	51.6	46.3	36.3
7494	749	4	51.7	51.6	60.6	61.7
7499	749	9	46.7	38.2	51.5	50.9
7512	751	2	32	28	31.3	25.7
7514	751	4	32	28	37.1	52.1
7519	751	9	32	28	31.4	25.7
7522	752	2	34	32.3	33.6	31.3
7524	752	4	34	32.3	46.4	52.1
7529	752	9	34	32.3	33.8	31.3
7532	753	2	35.8	33.9	35.4	33
7534	753	4	35.8	33.9	40	52.1
7539	753	9	35.8	33.9	35.8	33
7542	754	2	37.5	26.9	36.9	25.7
7544	754	4	37.5	26.9	42.2	52.1
7549	754	9	37.5	26.9	37.4	25.7
7552	755	2	39.5	41.8	39.4	41.8
7554	755	4	39.5	41.8	44.2	41.8
7559	755	9	39.5	41.8	39.8	41.8
7562	756	2	29.9	22	29	25
7564	756	4	29.9	22	37.5	52.1
7569	756	9	29.9	22	29.3	25
7572	757	2	36	33.4	35.4	31.5
7574	757	4	36	33.4	44.6	52.1
7579	757	9	36	33.4	36.1	31.5
7582	758	2	28.8	27.5	28.6	26.1
7584	758	4	28.8	27.5	37.2	52.1
7589	758	9	28.8	27.5	28.9	26.1
7592	759	2	32.2	29.2	31.6	26.6
7594	759	4	32.2	29.2	42.5	52.1
7599	759	9	32.2	29.2	32.2	28
7612	761	2	43	34.5	42.7	32.4
7614	761	4	43	34.5	49.9	64.5
7619	761	9	43	34.5	43.1	32.4
7622	762	2	38.3	19.6	37.8	19.5
7624	762	4	38.3	19.6	43	54.5
7629	762	9	38.3	19.6	38.1	19.5
7632	763	2	39.6	24.6	39.2	22.3
7634	763	4	39.6	24.6	46.7	54.5
7639	763	9	39.6	24.6	39.6	22.3
7642	764	2	43.9	31.6	43.6	31.9
7644	764	4	43.9	31.6	48.2	64.5
7649	764	9	43.9	31.6	43.9	32.2
7652	765	2	43.4	46	43.4	45.5
7654	765	4	43.4	46	48.2	45.5
7659	765	9	43.4	46	43.4	45.5
7662	766	2	63.5	60.6	62.9	63.1
7664	766	4	63.5	60.6	64.1	63.1
7669	766	9	63.5	60.6	63	63.1
7692	769	2	45.7	23.6	44.4	24.7
7694	769	4	45.7	23.6	67.1	54.5
7699	769	9	45.7	23.6	45.2	25.7
7712	771	2	22.7	21.2	24.6	12.4
7714	771	4	22.7	21.2	42.6	47.8
7719	771	9	22.7	23.5	24.6	21.2
7722	772	2	29.1	10.6	27.7	12.4
7724	772	4	29.1	10.6	42.6	39.8
7729	772	9	29.1	10.6	28.6	12.4
7732	773	2	24.4	19.5	23.4	19.9
7734	773	4	24.4	19.5	42.6	39.8
7739	773	9	24.4	19.5	23.4	19.9
7752	775	2	40.3	21.2	38.3	24.1
7754	775	4	40.3	21.2	55.1	47.8
7759	775	9	40.3	23.5	40.1	21.2
7762	776	2	41.8	29.5	39.1	24.1
7764	776	4	41.8	29.5	52.8	74.2
7769	776	9	41.8	29.5	41	27.1
7772	777	2	30.9	20.1	30.2	20.3
7774	777	4	30.9	20.1	42.8	39.8
7779	777	9	30.9	20.1	31.1	20.3
7792	779	2	31.2	23.5	29.7	21.9
7794	779	4	31.2	23.5	49.6	39.8
7799	779	9	31.2	23.5	31.6	23.4
7812	781	2	40	15.1	39.4	14.2
7814	781	4	40	15.1	42.4	32.4
7819	781	9	40	15.1	39.9	15.2
7822	782	2	41.1	40.6	40.3	34.6
7824	782	4	41.1	40.6	43.6	32.4
7829	782	9	41.1	40.6	40.9	34.6
7832	783	2	28.2	15.9	27.8	15.4
7834	783	4	28.2	15.9	29.5	32.4
7839	783	9	28.2	15.9	28.1	15.4
7892	789	2	38.3	16.5	40.3	34.6
7894	789	4	38.3	16.5	43.6	32.4
7899	789	9	41.1	40.6	38.2	15.9
7912	791	2	37.6	40	37.1	33.2
7914	791	4	37.6	40	42.4	52.2
7919	791	9	37.6	41.7	37.7	39.9
7932	793	2	33.1	35.1	33.3	33.2
7934	793	4	33.1	35.1	40.6	52.2
7939	793	9	33.1	35.1	33.5	39.9
7942	794	2	40.3	36.7	39.6	33.2
7944	794	4	40.3	36.7	44.9	52.2
7949	794	9	40.3	36.7	40.2	33.2
7952	795	2	34.6	40	34.6	33.2
7954	795	4	34.6	40	35.8	52.2
7959	795	9	34.6	36.7	34.7	39.9
7962	796	2	41	42.5	40.4	42.6
7964	796	4	41	42.5	43.7	52.2
7969	796	9	41	42.5	40.9	42.6
7992	799	2	36	41.7	35.4	40.5
7994	799	4	36	41.7	41.7	52.2
7999	799	9	36	41.7	36.1	45.1
8012	801	2	47.8	47.5	48.2	46.9
8014	801	4	47.8	47.5	58.4	75.3
8019	801	9	47.8	47.5	48.9	47.4
8022	802	2	51	46	50.7	44.3
8024	802	4	51	46	55.2	75.3
8029	802	9	51	46	50.8	44.3
8032	803	2	44.1	39	43.8	36.9
8034	803	4	44.1	39	51.7	67.9
8039	803	9	44.1	39	44.1	38.5
8042	804	2	37.6	30.1	37.5	28.8
8044	804	4	37.6	30.1	51.7	67.9
8049	804	9	37.6	30.1	37.5	28.8
8052	805	2	54.6	43.2	53.9	42.1
8054	805	4	54.6	43.2	58.4	75.3
8059	805	9	54.6	43.2	53.9	42.1
8092	809	2	45.9	45.6	46	45.1
8094	809	4	45.9	45.6	51.5	75.3
8099	809	9	45.9	45.6	46.2	46
8112	811	2	27.2	19.7	26.8	20
8114	811	4	27.2	19.7	55.5	20
8119	811	9	27.2	19.7	26.8	20
8122	812	2	28.7	28.2	24	21.8
8124	812	4	28.7	28.2	55.5	46.9
8129	812	9	28.7	28.2	24	21.8
8132	813	2	24.6	23.4	24.7	19.7
8134	813	4	24.6	23.4	24.7	46.9
8139	813	9	24.6	21.1	24.7	22.9
8142	814	2	29.9	33.4	28.5	31.8
8144	814	4	29.9	33.4	55.5	46.9
8149	814	9	29.9	33.4	28.5	31.8
8192	819	2	28.4	21.1	27.4	19.7
8194	819	4	28.4	21.1	55.5	46.9
8199	819	9	28.4	21.1	30.4	22
8212	821	2	33	33.4	31.6	24.8
8214	821	4	33	33.4	44	45.9
8219	821	9	33	33.4	32.8	24.8
8222	822	2	38.3	31.6	38.3	30.2
8224	822	4	38.3	31.6	41.3	45.9
8229	822	9	38.3	31.6	38.8	31.1
8232	823	2	25	26.7	23.9	26.7
8234	823	4	25	26.7	50.1	48
8239	823	9	25	26.7	23.9	26.7
8242	824	2	35.1	16.4	35.3	18.9
8244	824	4	35.1	16.4	50.1	48
8249	824	9	35.1	16.4	35.3	18.9
8252	825	2	28.4	19.1	28.3	18.4
8254	825	4	28.4	19.1	50.1	48
8259	825	9	28.4	19.1	29.6	18.4
8262	826	2	33.7	24.3	33.6	25
8264	826	4	33.7	24.3	38.3	48
8269	826	9	33.7	24.3	33.7	25
8272	827	2	32.1	27.8	32.5	26.3
8274	827	4	32.1	27.8	36.1	48
8279	827	9	32.1	27.8	32.5	26.3
8282	828	2	31.1	22.8	31.3	21.8
8284	828	4	31.1	22.8	31.3	48
8289	828	9	31.1	22.8	31.3	21.8
8292	829	2	32.5	27.1	32.6	26.1
8294	829	4	32.5	27.1	36.1	48
8299	829	9	32.5	27.1	32.8	27.6
8312	831	2	36.4	35	35.7	34.3
8314	831	4	36.4	35	57.4	34.3
8319	831	9	36.4	35	35.7	34.3
8322	832	2	24.1	24.4	23.6	19.8
8324	832	4	24.1	24.4	57.4	48.4
8329	832	9	24.1	20.9	23.6	23.4
8332	833	2	34.1	20.9	33	19.8
8334	833	4	34.1	20.9	57.4	48.4
8339	833	9	34.1	20.9	33	19.8
8342	834	2	32.2	20.4	31.5	20.4
8344	834	4	32.2	20.4	46.3	48.4
8349	834	9	32.2	20.4	32.4	20.4
8352	835	2	30.3	22.3	29.1	20.8
8354	835	4	30.3	22.3	49.9	48.4
8359	835	9	30.3	22.3	30.2	21.2
8392	839	2	32.2	30.7	32.5	29.9
8394	839	4	32.2	30.7	57.4	48.4
8399	839	9	32.2	30.7	33.2	29.9
8412	841	2	30.8	16.7	31.1	16.3
8414	841	4	30.8	16.7	40.6	16.3
8419	841	9	30.8	16.7	31.1	16.3
8422	842	2	29.2	22.5	29.5	22.9
8424	842	4	29.2	22.5	40.6	48.4
8429	842	9	29.2	22.5	29.6	22.9
8432	843	2	29	20.2	29.1	20.7
8434	843	4	29	20.2	40.6	48.4
8439	843	9	29	20.2	29.1	20.7
8492	849	2	29.5	11.6	29.1	14.8
8494	849	4	29.5	11.6	40.6	14.8
8499	849	9	29	11.6	29.8	14.8
8512	851	2	27.2	6.9	27.3	8.4
8514	851	4	27.2	6.9	35	8.4
8519	851	9	27.2	6.9	27.5	8.4
8522	852	2	29.6	37.5	26.5	35.5
8524	852	4	29.6	37.5	35	59.4
8529	852	9	29.6	37.5	26.5	35.5
8532	853	2	60.4	22.4	59.7	52.4
8534	853	4	60.4	22.4	62.6	70.8
8539	853	9	60.4	38.2	61	21.9
8542	854	2	35.6	21.9	33.4	20.1
8544	854	4	35.6	21.9	50.3	59.4
8549	854	9	35.6	21.9	35.8	21.9
8592	859	2	30.9	22.5	30.9	20.1
8594	859	4	30.9	22.5	43.7	59.4
8599	859	9	30.9	22.5	31.4	22.1
8612	861	2	44	50.1	44	48.7
8614	861	4	44	50.1	37.8	37.2
8619	861	9	44	50.1	44	48.7
8692	869	2	44	50.1	44	48.7
8694	869	4	44	50.1	37.8	48.7
8699	869	9	44	50.1	44	48.7
8712	871	2	32.9	20.3	32.9	17.2
8714	871	4	32.9	20.3	42.5	17.2
8719	871	9	32.9	20.3	33.2	17.2
8722	872	2	34.7	28.9	33.3	16.6
8724	872	4	34.7	28.9	38.1	37.2
8729	872	9	34.7	28.9	34.7	25.3
8732	873	2	24.1	22.2	24.2	20.8
8734	873	4	24.1	22.2	38.9	37.2
8739	873	9	24.1	22.2	24.5	20.8
8792	879	2	34.7	38.3	34.9	37.9
8794	879	4	34.7	38.3	41.9	37.2
8799	879	9	34.7	38.3	35	37.9
8812	881	2	27.3	22.2	27.3	21.7
8814	881	4	27.3	22.2	41.5	39.8
8819	881	9	27.3	22.2	27.4	21.9
8822	882	2	34.6	33.2	34.8	31.3
8824	882	4	34.6	33.2	36.7	40.1
8829	882	9	34.6	33.2	34.8	31.4
8892	889	2	42.7	52.3	41.9	51.4
8894	889	4	42.7	52.3	36.7	40.1
8899	889	9	42.7	52.3	41.9	51.4
8912	891	2	29	30.6	28.8	27.8
8914	891	4	29	30.6	35.2	40.1
8919	891	9	29	30.6	29.3	27.8
9012	901	2	52.5	55.2	52.9	54.2
9014	901	4	52.5	55.2	55.6	54.2
9019	901	9	52.5	55.2	53	54.2
9022	902	2	36	45.4	35.3	35.1
9024	902	4	36	45.4	51.1	51.7
9029	902	9	36	36.2	37.2	45.7
9032	903	2	58.9	60.9	58.3	60.9
9034	903	4	58.9	60.9	61.7	60.9
9039	903	9	58.9	60.9	58.3	60.9
9042	904	2	54.3	48.6	53.8	48.6
9044	904	4	54.3	48.6	61.7	51.7
9049	904	9	54.3	48.6	53.8	48.6
9052	905	2	48.8	41.6	48.6	42.1
9054	905	4	48.8	41.6	41	51.7
9059	905	9	48.8	41.6	48.6	42.1
9062	906	2	40.8	42.8	40.9	43
9064	906	4	40.8	42.8	41	51.7
9069	906	9	40.8	42.8	40.9	43.2
9092	909	2	37.5	36.2	37.5	35.1
9094	909	4	37.5	36.2	46.6	51.7
9099	909	9	37.5	36.2	37.8	35.1
9112	911	2	54.1	54.4	54.5	54.2
9114	911	4	54.1	54.4	51.9	54.8
9119	911	9	54.1	54.4	53.9	54.2
9122	912	2	43.4	37.4	40.5	37.9
9124	912	4	43.4	37.4	38.3	40.8
9129	912	9	43.4	37.4	40.4	37.9
9132	913	2	40	35.5	39.5	36
9134	913	4	40	35.5	32.6	41.5
9139	913	9	40	35.5	38.7	36.1
9142	914	2	51.4	42.5	51.2	42.7
9144	914	4	51.4	42.5	49.3	44.2
9149	914	9	51.4	42.5	51.1	42.8
9152	915	2	57.2	56.3	56.8	55.9
9154	915	4	57.2	56.3	60.8	59.5
9159	915	9	57.2	56.3	57.2	56
9162	916	2	64	78	63.3	77.6
9164	916	4	64	78	63.3	54.8
9169	916	9	64	78	63.3	77.6
9192	919	2	54.5	47	53.7	47.4
9194	919	4	54.5	47	60.8	59.5
9199	919	9	54.5	47	53.7	47.4
9212	921	2	47.5	38.2	44.2	35.8
9214	921	4	47.5	38.2	49.6	35.8
9219	921	9	35.4	38.2	47.5	35.8
9292	929	2	47.5	44.4	44.2	38.7
9294	929	4	47.5	44.4	48.2	38.7
9299	929	9	35.4	44.4	47.5	38.7
9312	931	2	44.5	35.9	44.2	36.3
9314	931	4	44.5	35.9	49.6	40
9319	931	9	44.5	35.9	44.4	36.4
9322	932	2	38.6	27	37.9	27.1
9324	932	4	38.6	27	45.7	38.9
9329	932	9	38.6	27	38.6	27.3
9392	939	2	35.4	36	35.3	34.9
9394	939	4	35.4	36	45.7	40
9399	939	9	35.4	36	35.5	34.9
9412	941	2	48.8	47.8	51.4	46.2
9414	941	4	48.8	47.8	46.4	49
9419	941	9	48.8	47.8	47.4	48
9422	942	2	50.3	42.7	50.4	43.2
9424	942	4	50.3	42.7	46.4	44.7
9429	942	9	50.3	42.7	50.4	43.2
9492	949	2	49.2	47	51.4	47.6
9494	949	4	49.2	47	46.4	44.7
9499	949	9	48.8	47	48.2	45.8
9512	951	2	39.2	26.9	37.2	26.8
9514	951	4	39.2	26.9	47	46.8
9519	951	9	39.2	26.9	38.9	27.4
9522	952	2	24.6	20.4	24.1	20.7
9524	952	4	24.6	20.4	47	46.8
9529	952	9	24.6	20.4	24.1	20.7
9592	959	2	38.4	26.6	37.1	26.8
9594	959	4	38.4	26.6	47	46.8
9599	959	9	38.4	26.9	37.1	27.1
9612	961	2	60.2	51.5	60.1	50.7
9614	961	4	60.2	51.5	57.1	56.4
9619	961	9	60.2	51.5	59.2	51.4
9712	971	2	52.3	52.7	51.9	52.8
9714	971	4	52.3	52.7	57.7	54.8
9719	971	9	52.3	52.7	52.9	52.8
9792	979	2	42.2	47.7	41.2	46.9
9794	979	4	42.2	47.7	40.1	54.8
9799	979	9	42.2	47.7	41.1	47.2
9812	981	2	59.3	62.6	58.8	61.2
9814	981	4	59.3	62.6	65.7	61.2
9819	981	9	59.3	62.6	58.8	61.2
9892	989	2	71.1	62.6	70.6	61.2
9894	989	4	71.1	62.6	70.6	61.2
9899	989	9	71.1	62.6	70.6	61.2
