isco88	empst3	mcamsis	fcamsis
1	0	78.42547	71.60659
1	1	73.86257	62.95773
1	2	68.56784	61.66029
1	3	82.81843	78.51543
2	0	88.27313	84.00986
2	1	91.68899	88.47282
2	2	91.68899	88.47282
2	3	88.17502	83.88062
3	0	62.09507	60.73248
3	1	64.30427	66.3362
3	2	64.30427	66.3362
3	3	62.04538	60.67773
4	0	57.16976	55.04516
4	1	57.00381	54.33902
4	2	57.00381	54.33902
4	3	57.17055	55.04747
5	0	53.34974	45.37329
5	1	53.4643	49.77098
5	2	53.4643	49.77098
5	3	53.34378	45.2398
6	0	43.36299	37.84915
6	1	43.70957	37.80545
6	2	43.70957	37.80545
6	3	43.05353	37.85937
7	0	42.21964	41.37214
7	1	39.63766	41.0109
7	2	39.63766	41.0109
7	3	42.3635	41.37735
8	0	44.31096	41.26391
8	1	47.11488	43.57917
8	2	47.11488	43.57917
8	3	44.21463	41.25746
9	0	37.99185	39.56935
9	1	35.56108	37.3806
9	2	35.56108	37.3806
9	3	38.21903	39.68424
10	0	78.42547	71.60659
10	1	73.86257	62.95773
10	2	68.56784	61.66029
10	3	82.81843	78.51543
11	0	76.64885	82.49641
11	1	73.86257	62.95773
11	2	68.56784	61.66029
11	3	76.64885	82.49641
12	0	85.97482	80.68176
12	1	87.32201	78.96001
12	2	68.56784	61.66029
12	3	85.84866	80.77354
13	0	73.14622	63.32341
13	1	72.80819	62.07856
13	2	68.56784	61.66029
13	3	75.31592	68.32629
20	0	88.27313	84.00986
20	1	91.68899	88.47282
20	2	91.68899	88.47282
20	3	88.17502	83.88062
21	0	90.61258	85.73132
21	1	92.89482	89.27346
21	2	92.89482	89.27346
21	3	90.57971	85.70024
22	0	93.6662	90.61103
22	1	93.22993	91.34296
22	2	93.22993	91.34296
22	3	93.70383	90.53304
23	0	85.40662	80.20494
23	1	84.30982	82.21886
23	2	84.30982	82.21886
23	3	85.40858	80.20293
24	0	85.02067	84.07549
24	1	90.40698	85.67767
24	2	90.40698	85.67767
24	3	84.77861	84.01083
25	0	91.27589	88.30641
25	2	90.57358	88.47282
25	3	91.27859	88.30641
30	0	62.09507	60.73248
30	1	64.30427	66.3362
30	2	64.30427	66.3362
30	3	62.04538	60.67773
31	0	59.43497	57.1721
31	1	61.78041	60.13113
31	2	61.78041	60.13113
31	3	59.41537	57.16468
32	0	58.2938	61.66709
32	1	72.62798	70.09193
32	2	72.62798	70.09193
32	3	57.87883	61.57648
33	0	64.89506	61.98126
33	1	65.19309	66.3362
33	2	65.19309	66.3362
33	3	64.88396	61.98126
34	0	65.93296	61.40014
34	1	62.57494	65.46165
34	2	62.57494	65.46165
34	3	66.04917	61.32882
40	0	57.16976	55.04516
40	1	57.00381	54.33902
40	2	57.00381	54.33902
40	3	57.17055	55.04747
41	0	56.9693	55.47503
41	1	56.8803	54.33902
41	2	56.8803	54.33902
41	3	56.96972	55.47942
42	0	59.01199	53.86682
42	1	58.02722	54.33902
42	2	58.02722	54.33902
42	3	59.01709	53.86605
50	0	53.34974	45.37329
50	1	53.4643	49.77098
50	2	53.4643	49.77098
50	3	53.34378	45.2398
51	0	52.84687	45.92089
51	1	56.18536	50.72536
51	2	56.18536	50.72536
51	3	52.74033	45.77709
52	0	54.80202	44.91723
52	1	51.10526	48.9957
52	2	51.10526	48.9957
52	3	55.22661	44.79198
60	0	43.36299	37.84915
60	1	43.70957	37.80545
60	2	43.70957	37.80545
60	3	43.05353	37.85937
61	0	43.36299	37.84915
61	1	43.70957	37.80545
61	2	43.70957	37.80545
61	3	43.05353	37.85937
62	0	43.36299	37.84915
62	1	43.70957	37.80545
62	2	43.70957	37.80545
62	3	43.05353	37.85937
70	0	42.21964	41.37214
70	1	39.63766	41.0109
70	2	39.63766	41.0109
70	3	42.3635	41.37735
71	0	39.01072	40.76486
71	1	36.99516	39.76343
71	2	36.99516	39.76343
71	3	39.26198	40.80621
72	0	43.5395	43.47817
72	1	42.31104	42.64228
72	2	42.31104	42.64228
72	3	43.5694	43.48368
73	0	46.95817	44.51086
73	1	51.00771	44.56546
73	2	51.00771	44.56546
73	3	46.53515	44.50936
74	0	40.90249	40.58392
74	1	40.68346	40.58051
74	2	40.68346	40.58051
74	3	40.92333	40.58397
75	0	42.21964	41.37214
75	1	39.63766	41.0109
75	2	39.63766	41.0109
75	3	42.3635	41.37735
80	0	44.31096	41.26391
80	1	47.11488	43.57917
80	2	47.11488	43.57917
80	3	44.21463	41.25746
81	0	41.29259	43.05029
81	1	37.50047	41.16026
81	2	37.50047	41.16026
81	3	41.31364	43.05284
82	0	45.16638	40.79041
82	1	48.26466	42.16512
82	2	48.26466	42.16512
82	3	45.07232	40.78764
83	0	44.64484	42.31133
83	1	47.34599	46.36724
83	2	47.34599	46.36724
83	3	44.51126	42.23901
84	0	44.31096	41.26391
84	1	47.11488	43.57917
84	2	47.11488	43.57917
84	3	44.21463	41.25746
88	0	49.19251	48.66673
88	3	49.19251	48.66673
90	0	37.99185	39.56935
90	1	35.56108	37.3806
90	2	35.56108	37.3806
90	3	38.21903	39.68424
91	0	39.61451	39.43878
91	1	41.99585	37.50297
91	2	41.99585	37.50297
91	3	39.49087	39.55244
92	0	34.33623	37.68458
92	1	32.9598	36.31897
92	2	32.9598	36.31897
92	3	34.71705	37.86266
93	0	38.05273	40.6321
93	1	34.84856	40.81807
93	2	34.84856	40.81807
93	3	38.27542	40.63007
100	0	78.42547	71.60659
100	1	73.86257	62.95773
100	2	68.56784	61.66029
100	3	82.81843	78.51543
110	0	-999	-999
110	1	-999	-999
110	2	-999	-999
110	3	-999	-999
111	0	76.5148	82.49641
111	1	73.86257	62.95773
111	2	68.56784	61.66029
111	3	76.5148	82.49641
112	0	76.64885	82.49641
112	1	73.86257	62.95773
112	2	68.56784	61.66029
112	3	76.64885	82.49641
113	0	76.64885	82.49641
113	1	73.86257	62.95773
113	2	68.56784	61.66029
113	3	76.64885	82.49641
114	0	82.14472	82.49641
114	1	73.86257	62.95773
114	2	68.56784	61.66029
114	3	82.14472	82.49641
115	0	76.64885	82.49641
115	1	73.86257	62.95773
115	2	68.56784	61.66029
115	3	76.64885	82.49641
116	0	76.64885	82.49641
116	1	73.86257	62.95773
116	2	68.56784	61.66029
116	3	76.64885	82.49641
120	0	85.97482	80.68176
120	1	87.32201	78.96001
120	2	68.56784	61.66029
120	3	85.84866	80.77354
121	0	92.25199	83.04369
121	1	89.66683	78.82623
121	2	68.56784	61.66029
121	3	92.62077	83.4398
122	0	82.71864	80.83927
122	1	84.57977	78.06611
122	2	68.56784	61.66029
122	3	82.5495	80.99577
123	0	82.30916	78.99004
123	1	85.62044	80.67577
123	2	68.56784	61.66029
123	3	82.18022	78.94677
124	0	85.97482	80.68176
124	1	87.32201	78.96001
124	2	68.56784	61.66029
124	3	85.84866	80.77354
125	0	85.97482	80.68176
125	1	87.32201	78.96001
125	2	68.56784	61.66029
125	3	85.84866	80.77354
130	0	73.14622	63.32341
130	1	72.80819	62.07856
130	2	68.56784	61.66029
130	3	75.31592	68.32629
131	0	73.14622	63.32341
131	1	72.80819	62.07856
131	2	68.56784	61.66029
131	3	75.31592	68.32629
200	0	88.27313	84.00986
200	1	91.68899	88.47282
200	2	91.68899	88.47282
200	3	88.17502	83.88062
210	0	90.61258	85.73132
210	1	92.89482	89.27346
210	2	92.89482	89.27346
210	3	90.57971	85.70024
211	0	94.54241	90.40103
211	1	93.87898	89.87361
211	2	93.87898	89.87361
211	3	94.5512	90.40318
212	0	85.41387	85.47407
212	1	83.79563	85.48367
212	2	83.79563	85.48367
212	3	85.62712	85.47325
213	0	98.10513	90.8205
213	1	98.05231	89.27346
213	2	98.05231	89.27346
213	3	98.10582	90.8205
214	0	89.91882	84.52472
214	1	93.2794	90.236
214	2	93.2794	90.236
214	3	89.87207	84.46858
215	0	89.11882	85.28174
215	3	89.11882	85.28174
216	0	84.97153	82.88039
216	3	84.97153	82.88039
220	0	93.6662	90.61103
220	1	93.22993	91.34296
220	2	93.22993	91.34296
220	3	93.70383	90.53304
221	0	87.99855	83.40244
221	1	87.59532	83.31149
221	2	87.59532	83.31149
221	3	88.00812	83.40332
222	0	96.96217	91.87845
222	1	93.90778	91.46387
222	2	93.90778	91.46387
222	3	97.34778	91.9305
223	0	93.6662	90.61103
223	1	93.22993	91.34296
223	2	93.22993	91.34296
223	3	93.70383	90.53304
230	0	85.40662	80.20494
230	1	84.30982	82.21886
230	2	84.30982	82.21886
230	3	85.40858	80.20293
231	0	99	90.57764
231	1	99	82.21886
231	2	99	82.21886
231	3	99	90.57764
232	0	81.04588	79.06422
232	1	81.04533	82.21886
232	2	81.04533	82.21886
232	3	81.04588	79.06056
233	0	85.22104	74.32846
233	1	84.30982	82.21886
233	2	84.30982	82.21886
233	3	85.22104	74.32846
234	0	85.22104	84.57108
234	1	84.30982	82.21886
234	2	84.30982	82.21886
234	3	85.22104	84.57108
235	0	91.09923	92.18939
235	1	84.30982	82.21886
235	2	84.30982	82.21886
235	3	91.09923	92.18939
240	0	85.02067	84.07549
240	1	90.40698	85.67767
240	2	90.40698	85.67767
240	3	84.77861	84.01083
241	0	89.44576	85.28163
241	1	89.47253	81.19429
241	2	89.47253	81.19429
241	3	89.44501	85.43154
242	0	86.62012	84.96054
242	1	93.10973	87.95357
242	2	93.10973	87.95357
242	3	85.55267	84.50638
243	0	95.4915	86.52824
243	1	90.40698	85.67767
243	2	90.40698	85.67767
243	3	95.4915	86.52824
244	0	87.0901	84.07391
244	1	90.68637	83.33572
244	2	90.68637	83.33572
244	3	87.02692	84.08244
245	0	87.40144	79.93646
245	1	83.34295	79.51391
245	2	83.34295	79.51391
245	3	87.82948	79.96167
246	0	77.27541	77.40937
246	1	90.40698	85.67767
246	2	90.40698	85.67767
246	3	77.27541	77.40937
247	0	81.19633	82.51405
247	1	90.40698	85.67767
247	2	90.40698	85.67767
247	3	81.19633	82.51405
248	0	91.48103	95.1665
248	3	91.48103	95.1665
251	0	91.48103	91.32777
251	2	90.57358	88.47282
251	3	91.48103	91.32777
254	0	90.57358	83.01902
254	2	90.57358	88.47282
254	3	90.57358	83.01902
300	0	62.09507	60.73248
300	1	64.30427	66.3362
300	2	64.30427	66.3362
300	3	62.04538	60.67773
310	0	59.43497	57.1721
310	1	61.78041	60.13113
310	2	61.78041	60.13113
310	3	59.41537	57.16468
311	0	58.22121	59.46756
311	1	60.58911	61.33471
311	2	60.58911	61.33471
311	3	58.20467	59.46155
312	0	72.24984	62.91799
312	1	70.37466	63.21484
312	2	70.37466	63.21484
312	3	72.25669	62.91741
313	0	67.66555	58.16419
313	1	65.46642	56.65758
313	2	65.46642	56.65758
313	3	67.80678	58.20006
314	0	71.63612	67.78463
314	1	68.81484	60.13113
314	2	68.81484	60.13113
314	3	71.64515	67.78463
315	0	54.6302	47.50027
315	1	61.78041	47.50027
315	2	61.78041	47.50027
315	3	54.6302	47.50027
316	0	49.59888	51.29193
316	1	61.78041	60.13113
316	2	61.78041	60.13113
316	3	49.59888	51.29193
317	0	50.36369	57.83092
317	2	50.13736	60.13113
317	3	50.36755	57.83092
320	0	58.2938	61.66709
320	1	72.62798	70.09193
320	2	72.62798	70.09193
320	3	57.87883	61.57648
321	0	50.53925	49.92815
321	1	64.59316	52.26181
321	2	64.59316	52.26181
321	3	50.48505	49.91719
322	0	65.30856	62.30545
322	1	73.19042	70.36837
322	2	73.19042	70.36837
322	3	64.88457	62.21407
323	0	75.88017	55.42017
323	1	72.62798	70.09193
323	2	72.62798	70.09193
323	3	75.88017	55.42017
324	0	58.2938	61.66709
324	1	72.62798	70.09193
324	2	72.62798	70.09193
324	3	57.87883	61.57648
330	0	64.89506	61.98126
330	1	65.19309	66.3362
330	2	65.19309	66.3362
330	3	64.88396	61.98126
331	0	69.68745	63.819
331	1	69.68745	66.3362
331	2	69.68745	66.3362
331	3	69.68745	63.819
332	0	71.03242	60.19929
332	1	71.03242	66.3362
332	2	71.03242	66.3362
332	3	71.03242	60.19929
333	0	67.4437	57.48711
333	1	67.4437	66.3362
333	2	67.4437	66.3362
333	3	67.4437	57.48711
334	0	61.62754	60.13132
334	1	64.93024	66.3362
334	2	64.93024	66.3362
334	3	61.43095	60.13132
340	0	65.93296	61.40014
340	1	62.57494	65.46165
340	2	62.57494	65.46165
340	3	66.04917	61.32882
341	0	68.97017	60.81622
341	1	68.92651	72.50525
341	2	68.92651	72.50525
341	3	68.97189	60.22817
342	0	67.04569	62.73827
342	1	69.23289	62.65628
342	2	69.23289	62.65628
342	3	66.99811	62.73967
343	0	65.37637	61.63194
343	1	72.42796	64.58932
343	2	72.42796	64.58932
343	3	65.18528	61.58732
344	0	69.97735	62.66058
344	1	62.57494	61.49838
344	2	62.57494	61.49838
344	3	69.97735	62.66655
345	0	62.90757	63.92371
345	1	62.90757	65.46165
345	2	62.90757	65.46165
345	3	62.90757	63.92371
346	0	56.7345	49.69061
346	1	62.57494	49.69061
346	2	62.57494	49.69061
346	3	56.7345	49.69061
347	0	67.89293	67.38078
347	1	52.93285	66.55376
347	2	52.93285	66.55376
347	3	70.55788	67.44118
348	0	56.13569	67.69999
348	1	62.57494	65.46165
348	2	62.57494	65.46165
348	3	56.13569	67.69999
349	0	65.93296	61.40014
349	1	62.57494	65.46165
349	2	62.57494	65.46165
349	3	66.04917	61.32882
400	0	57.16976	55.04516
400	1	57.00381	54.33902
400	2	57.00381	54.33902
400	3	57.17055	55.04747
410	0	56.9693	55.47503
410	1	56.8803	54.33902
410	2	56.8803	54.33902
410	3	56.96972	55.47942
411	0	72.97865	61.75438
411	1	75.5532	54.33902
411	2	75.5532	54.33902
411	3	72.96432	61.77035
412	0	67.67448	60.83055
412	1	69.09631	54.33902
412	2	69.09631	54.33902
412	3	67.67031	60.86219
413	0	54.0605	50.36173
413	1	53.36234	54.33902
413	2	53.36234	54.33902
413	3	54.06443	50.34042
414	0	49.80135	52.39747
414	1	56.8803	54.33902
414	2	56.8803	54.33902
414	3	49.80135	52.39618
419	0	60.97079	60.97287
419	1	60.97079	54.33902
419	2	60.97079	54.33902
419	3	60.97079	61.01018
420	0	59.01199	53.86682
420	1	58.02722	54.33902
420	2	58.02722	54.33902
420	3	59.01709	53.86605
421	0	57.38381	54.02276
421	1	58.02722	54.33902
421	2	58.02722	54.33902
421	3	57.3792	54.02227
422	0	63.32316	53.50378
422	1	58.02722	54.33902
422	2	58.02722	54.33902
422	3	63.32316	53.50227
500	0	53.34974	45.37329
500	1	53.4643	49.77098
500	2	53.4643	49.77098
500	3	53.34378	45.2398
510	0	52.84687	45.92089
510	1	56.18536	50.72536
510	2	56.18536	50.72536
510	3	52.74033	45.77709
511	0	47.21504	49.40513
511	1	56.18536	49.40513
511	2	56.18536	49.40513
511	3	47.21504	49.40513
512	0	57.92702	48.94941
512	1	57.41799	55.82798
512	2	57.41799	55.82798
512	3	57.96252	48.74975
513	0	48.51498	40.90406
513	1	46.11185	38.37455
513	2	46.11185	38.37455
513	3	48.57211	40.94885
514	0	47.04307	47.90746
514	1	46.04601	51.929
514	2	46.04601	51.929
514	3	47.15115	47.58965
515	0	52.84687	45.92089
515	1	56.18536	50.72536
515	2	56.18536	50.72536
515	3	52.74033	45.77709
516	0	49.35446	50.21529
516	1	48.86442	50.72536
516	2	48.86442	50.72536
516	3	49.3551	50.21529
520	0	54.80202	44.91723
520	1	51.10526	48.9957
520	2	51.10526	48.9957
520	3	55.22661	44.79198
521	0	54.80202	44.91723
521	1	51.10526	48.9957
521	2	51.10526	48.9957
521	3	55.22661	44.79198
522	0	54.80202	44.91723
522	1	51.10526	48.9957
522	2	51.10526	48.9957
522	3	55.22661	44.79198
523	0	54.80202	44.91723
523	1	51.10526	48.9957
523	2	51.10526	48.9957
523	3	55.22661	44.79198
600	0	43.36299	37.84915
600	1	43.70957	37.80545
600	2	43.70957	37.80545
600	3	43.05353	37.85937
610	0	43.36299	37.84915
610	1	43.70957	37.80545
610	2	43.70957	37.80545
610	3	43.05353	37.85937
611	0	43.87704	37.68716
611	1	44.66515	37.3391
611	2	44.66515	37.3391
611	3	43.22338	37.77308
612	0	41.60253	37.3906
612	1	42.04689	37.266
612	2	42.04689	37.266
612	3	41.30516	37.40985
613	0	43.22197	38.0085
613	1	43.1752	38.21392
613	2	43.1752	38.21392
613	3	43.27019	37.96042
614	0	41.81271	42.76284
614	1	41.81271	37.96042
614	2	41.81271	37.96042
614	3	41.81271	42.8046
615	0	40.00393	40.38251
615	1	40.00393	37.80545
615	2	40.00393	37.80545
615	3	40.00393	40.38251
620	0	43.36299	37.84915
620	1	43.70957	37.80545
620	2	43.70957	37.80545
620	3	43.05353	37.85937
621	0	43.36299	37.84915
621	1	43.70957	37.80545
621	2	43.70957	37.80545
621	3	43.05353	37.85937
700	0	42.21964	41.37214
700	1	39.63766	41.0109
700	2	39.63766	41.0109
700	3	42.3635	41.37735
710	0	39.01072	40.76486
710	1	36.99516	39.76343
710	2	36.99516	39.76343
710	3	39.26198	40.80621
711	0	40.20214	42.28655
711	1	35.53549	40.44266
711	2	35.53549	40.44266
711	3	40.28611	42.30191
712	0	37.01579	41.58532
712	1	35.77556	40.73642
712	2	35.77556	40.73642
712	3	37.23627	41.64265
713	0	42.95814	44.61796
713	1	45.55248	43.88197
713	2	45.55248	43.88197
713	3	42.87008	44.6237
714	0	39.54024	38.3381
714	1	39.05935	38.33295
714	2	39.05935	38.33295
714	3	39.62256	38.33831
720	0	43.5395	43.47817
720	1	42.31104	42.64228
720	2	42.31104	42.64228
720	3	43.5694	43.48368
721	0	42.11388	42.5528
721	1	42.4271	41.69835
721	2	42.4271	41.69835
721	3	42.10669	42.56023
722	0	41.69784	41.46104
722	1	35.63461	41.45823
722	2	35.63461	41.45823
722	3	41.83541	41.46105
723	0	43.23036	45.56098
723	1	43.3615	43.18648
723	2	43.3615	43.18648
723	3	43.22421	45.58994
724	0	48.40123	46.72916
724	1	49.22551	45.83707
724	2	49.22551	45.83707
724	3	48.39399	46.73384
730	0	46.95817	44.51086
730	1	51.00771	44.56546
730	2	51.00771	44.56546
730	3	46.53515	44.50936
731	0	55.14711	50.76335
731	1	61.66798	50.46642
731	2	61.66798	50.46642
731	3	54.64634	50.77364
732	0	41.11909	42.50667
732	1	47.79713	42.65354
732	2	47.79713	42.65354
732	3	40.61805	42.50301
733	0	49.18978	40.4044
733	1	47.51254	40.40415
733	2	47.51254	40.40415
733	3	49.95768	40.40442
734	0	47.20593	45.04707
734	1	51.00771	45.74553
734	2	51.00771	45.74553
734	3	47.20593	45.0387
740	0	40.90249	40.58392
740	1	40.68346	40.58051
740	2	40.68346	40.58051
740	3	40.92333	40.58397
741	0	41.45252	41.30362
741	1	41.70262	41.36058
741	2	41.70262	41.36058
741	3	41.44678	41.30317
742	0	40.3713	40.78551
742	1	40.08465	40.66059
742	2	40.08465	40.66059
742	3	40.40352	40.78875
743	0	42.93118	40.5022
743	1	44.0387	40.49205
743	2	44.0387	40.49205
743	3	42.82037	40.50234
744	0	39.66376	40.03421
744	1	38.65323	40.48875
744	2	38.65323	40.48875
744	3	39.78105	40.02985
750	0	42.21964	41.37214
750	1	39.63766	41.0109
750	2	39.63766	41.0109
750	3	42.3635	41.37735
751	0	42.21964	41.37214
751	1	39.63766	41.0109
751	2	39.63766	41.0109
751	3	42.3635	41.37735
752	0	42.21964	41.37214
752	1	39.63766	41.0109
752	2	39.63766	41.0109
752	3	42.3635	41.37735
753	0	42.21964	41.37214
753	1	39.63766	41.0109
753	2	39.63766	41.0109
753	3	42.3635	41.37735
800	0	44.31096	41.26391
800	1	47.11488	43.57917
800	2	47.11488	43.57917
800	3	44.21463	41.25746
810	0	41.29259	43.05029
810	1	37.50047	41.16026
810	2	37.50047	41.16026
810	3	41.31364	43.05284
811	0	39.01346	42.92997
811	1	37.50047	44.64238
811	2	37.50047	44.64238
811	3	39.01346	42.92572
812	0	42.29028	43.31696
812	1	37.50047	41.16026
812	2	37.50047	41.16026
812	3	42.29028	43.31696
813	0	39.02371	40.37917
813	1	38.90328	40.42237
813	2	38.90328	40.42237
813	3	39.02772	40.37879
814	0	36.4908	40.76056
814	1	35.91693	40.62964
814	2	35.91693	40.62964
814	3	36.50658	40.76086
815	0	44.81726	43.48671
815	1	37.50047	41.16026
815	2	37.50047	41.16026
815	3	44.81726	43.48671
816	0	43.60811	44.41116
816	1	43.89859	41.16026
816	2	43.89859	41.16026
816	3	43.60753	44.41116
817	0	43.45747	44.01857
817	1	37.50047	41.16026
817	2	37.50047	41.16026
817	3	43.45747	44.01857
818	0	41.29259	43.05029
818	1	37.50047	41.16026
818	2	37.50047	41.16026
818	3	41.31364	43.05284
820	0	45.16638	40.79041
820	1	48.26466	42.16512
820	2	48.26466	42.16512
820	3	45.07232	40.78764
821	0	41.89828	43.01551
821	1	48.26466	42.16512
821	2	48.26466	42.16512
821	3	41.89828	43.01551
822	0	43.55534	41.80707
822	1	42.70161	42.16512
822	2	42.70161	42.16512
822	3	43.55825	41.80707
823	0	41.69706	41.10213
823	1	38.44808	39.90975
823	2	38.44808	39.90975
823	3	41.83073	41.10463
824	0	39.89591	41.35257
824	1	38.44808	41.35257
824	2	38.44808	41.35257
824	3	39.96859	41.35257
825	0	50.97097	47.14217
825	1	49.62764	40.59685
825	2	49.62764	40.59685
825	3	50.98502	47.15634
826	0	42.78387	40.11847
826	1	37.9705	42.16512
826	2	37.9705	42.16512
826	3	42.78903	40.11847
827	0	43.92923	41.16813
827	1	48.98036	44.46528
827	2	48.98036	44.46528
827	3	43.72879	41.13128
828	0	54.05167	41.05846
828	1	56.91133	40.59685
828	2	56.91133	40.59685
828	3	53.86023	41.05997
829	0	47.94656	41.69132
829	1	47.94656	42.16512
829	2	47.94656	42.16512
829	3	47.94656	41.69132
830	0	44.64484	42.31133
830	1	47.34599	46.36724
830	2	47.34599	46.36724
830	3	44.51126	42.23901
831	0	43.28049	42.5613
831	1	47.34599	46.36724
831	2	47.34599	46.36724
831	3	43.28049	42.5613
832	0	46.26289	46.89516
832	1	49.20708	47.51389
832	2	49.20708	47.51389
832	3	46.09544	46.8607
833	0	36.2965	39.80819
833	1	35.48791	39.77245
833	2	35.48791	39.77245
833	3	36.33311	39.80838
834	0	52.56171	48.66673
834	1	52.56171	48.66673
834	2	52.56171	48.66673
834	3	52.56171	48.66673
840	0	44.31096	41.26391
840	1	47.11488	43.57917
840	2	47.11488	43.57917
840	3	44.21463	41.25746
888	0	49.19251	48.66673
888	3	49.19251	48.66673
900	0	37.99185	39.56935
900	1	35.56108	37.3806
900	2	35.56108	37.3806
900	3	38.21903	39.68424
910	0	39.61451	39.43878
910	1	41.99585	37.50297
910	2	41.99585	37.50297
910	3	39.49087	39.55244
911	0	46.57756	44.396
911	1	45.38601	42.94386
911	2	45.38601	42.94386
911	3	49.13573	45.44514
912	0	31.44425	36.38741
912	1	31.44425	38.7638
912	2	31.44425	38.7638
912	3	39.49087	35.59528
913	0	38.25104	38.31408
913	1	31.44425	34.60997
913	2	31.44425	34.60997
913	3	38.6615	38.51164
914	0	38.08564	40.46907
914	1	31.44425	40.47869
914	2	31.44425	40.47869
914	3	38.32014	40.46899
915	0	39.70909	44.09787
915	1	31.44425	38.7638
915	2	31.44425	38.7638
915	3	39.74961	44.11062
916	0	36.36164	36.4874
916	1	31.44425	36.82922
916	2	31.44425	36.82922
916	3	36.47709	36.48413
920	0	34.33623	37.68458
920	1	32.9598	36.31897
920	2	32.9598	36.31897
920	3	34.71705	37.86266
921	0	34.33623	37.68458
921	1	32.9598	36.31897
921	2	32.9598	36.31897
921	3	34.71705	37.86266
930	0	38.05273	40.6321
930	1	34.84856	40.81807
930	2	34.84856	40.81807
930	3	38.27542	40.63007
931	0	35.93283	40.71078
931	1	35.90117	41.00677
931	2	35.90117	41.00677
931	3	35.93533	40.69325
932	0	39.91718	40.55824
932	1	35.92156	40.55824
932	2	35.92156	40.55824
932	3	40.03431	40.55824
933	0	38.47814	40.72695
933	1	34.05978	40.72695
933	2	34.05978	40.72695
933	3	38.84585	40.72695
1000	0	78.42547	71.60659
1000	1	73.86257	62.95773
1000	2	68.56784	61.66029
1000	3	82.81843	78.51543
1100	0	76.64885	82.49641
1100	1	73.86257	62.95773
1100	2	68.56784	61.66029
1100	3	76.64885	82.49641
1110	0	76.5148	82.49641
1110	1	73.86257	62.95773
1110	2	68.56784	61.66029
1110	3	76.5148	82.49641
1111	0	76.5148	82.49641
1111	1	73.86257	62.95773
1111	2	68.56784	61.66029
1111	3	76.5148	82.49641
1113	0	76.5148	82.49641
1113	1	73.86257	62.95773
1113	2	68.56784	61.66029
1113	3	76.5148	82.49641
1120	0	76.64885	82.49641
1120	1	73.86257	62.95773
1120	2	68.56784	61.66029
1120	3	76.64885	82.49641
1123	0	76.64885	82.49641
1123	1	73.86257	62.95773
1123	2	68.56784	61.66029
1123	3	76.64885	82.49641
1125	0	76.64885	82.49641
1125	1	73.86257	62.95773
1125	2	68.56784	61.66029
1125	3	76.64885	82.49641
1127	0	76.64885	82.49641
1127	1	73.86257	62.95773
1127	2	68.56784	61.66029
1127	3	76.64885	82.49641
1128	0	76.64885	82.49641
1128	1	73.86257	62.95773
1128	2	68.56784	61.66029
1128	3	76.64885	82.49641
1130	0	76.64885	82.49641
1130	1	73.86257	62.95773
1130	2	68.56784	61.66029
1130	3	76.64885	82.49641
1140	0	82.14472	82.49641
1140	1	73.86257	62.95773
1140	2	68.56784	61.66029
1140	3	82.14472	82.49641
1141	0	82.14472	82.49641
1141	1	73.86257	62.95773
1141	2	68.56784	61.66029
1141	3	82.14472	82.49641
1142	0	82.14472	82.49641
1142	1	73.86257	62.95773
1142	2	68.56784	61.66029
1142	3	82.14472	82.49641
1143	0	82.14472	82.49641
1143	1	73.86257	62.95773
1143	2	68.56784	61.66029
1143	3	82.14472	82.49641
1150	0	76.64885	82.49641
1150	1	73.86257	62.95773
1150	2	68.56784	61.66029
1150	3	76.64885	82.49641
1160	0	76.64885	82.49641
1160	1	73.86257	62.95773
1160	2	68.56784	61.66029
1160	3	76.64885	82.49641
1200	0	85.97482	80.68176
1200	1	87.32201	78.96001
1200	2	68.56784	61.66029
1200	3	85.84866	80.77354
1210	0	92.25199	83.04369
1210	1	89.66683	78.82623
1210	2	68.56784	61.66029
1210	3	92.62077	83.4398
1220	0	82.71864	80.83927
1220	1	84.57977	78.06611
1220	2	68.56784	61.66029
1220	3	82.5495	80.99577
1221	0	78.59771	69.4274
1221	1	84.57977	78.82623
1221	2	68.56784	61.66029
1221	3	78.29948	69.11411
1222	0	83.66712	83.18393
1222	1	84.57977	78.82623
1222	2	68.56784	61.66029
1222	3	83.60172	83.34173
1223	0	87.08902	80.19751
1223	1	84.57977	78.82623
1223	2	68.56784	61.66029
1223	3	87.43884	80.25586
1224	0	83.81519	76.02179
1224	1	84.57977	78.82623
1224	2	68.56784	61.66029
1224	3	83.63157	75.74767
1225	0	87.09474	79.89037
1225	1	84.57977	78.82623
1225	2	68.56784	61.66029
1225	3	88.3988	80.11207
1226	0	75.47031	79.65873
1226	1	84.57977	58.04945
1226	2	68.56784	61.66029
1226	3	75.09191	80.11207
1227	0	87.83302	79.90904
1227	1	84.57977	78.82623
1227	2	68.56784	61.66029
1227	3	88.3988	80.11207
1228	0	87.76229	79.79061
1228	1	84.57977	78.82623
1228	2	68.56784	61.66029
1228	3	88.3988	80.11207
1229	0	88.16062	82.82101
1229	1	84.57977	78.82623
1229	2	68.56784	61.66029
1229	3	88.3988	83.05148
1230	0	82.30916	78.99004
1230	1	85.62044	80.67577
1230	2	68.56784	61.66029
1230	3	82.18022	78.94677
1231	0	84.38506	78.54768
1231	1	85.62044	80.67577
1231	2	68.56784	61.66029
1231	3	84.35039	78.51924
1232	0	85.56593	82.75797
1232	1	85.62044	80.67577
1232	2	68.56784	61.66029
1232	3	85.56366	82.77449
1233	0	90.02566	83.07193
1233	1	85.62044	80.67577
1233	2	68.56784	61.66029
1233	3	90.24731	83.17229
1234	0	89.71344	82.77285
1234	1	85.62044	80.67577
1234	2	68.56784	61.66029
1234	3	90.24731	83.17229
1235	0	74.22672	71.92683
1235	1	85.62044	80.67577
1235	2	68.56784	61.66029
1235	3	73.91431	71.57301
1236	0	88.76997	92.7376
1236	1	85.62044	80.67577
1236	2	68.56784	61.66029
1236	3	89.1405	93.21062
1237	0	93.03027	90.59919
1237	1	85.62044	80.67577
1237	2	68.56784	61.66029
1237	3	94.41176	93.21062
1239	0	75.24628	80.53493
1239	1	85.62044	80.67577
1239	2	68.56784	61.66029
1239	3	75.24628	80.53493
1240	0	85.97482	80.68176
1240	1	87.32201	78.96001
1240	2	68.56784	61.66029
1240	3	85.84866	80.77354
1250	0	85.97482	80.68176
1250	1	87.32201	78.96001
1250	2	68.56784	61.66029
1250	3	85.84866	80.77354
1251	0	85.97482	80.68176
1251	1	87.32201	78.96001
1251	2	68.56784	61.66029
1251	3	85.84866	80.77354
1252	0	85.97482	80.68176
1252	1	87.32201	78.96001
1252	2	68.56784	61.66029
1252	3	85.84866	80.77354
1300	0	73.14622	63.32341
1300	1	72.80819	62.07856
1300	2	68.56784	61.66029
1300	3	75.31592	68.32629
1310	0	73.14622	63.32341
1310	1	72.80819	62.07856
1310	2	68.56784	61.66029
1310	3	75.31592	68.32629
1311	0	70.34595	72.34062
1311	1	70.86478	71.78311
1311	2	70.86478	71.78311
1311	3	68.67129	73.60236
1312	0	70.08027	68.31124
1312	1	68.18112	66.52824
1312	2	68.18112	66.52824
1312	3	79.13222	73.60236
1313	0	77.78587	75.88914
1313	1	77.58033	76.85767
1313	2	77.58033	76.85767
1313	3	78.67001	73.60236
1314	0	73.4894	59.33492
1314	1	73.84053	58.04945
1314	2	65.98793	55.08334
1314	3	73.13697	65.77147
1315	0	62.80052	61.06131
1315	1	62.46997	61.06131
1315	2	62.46997	61.06131
1315	3	64.1126	61.06131
1316	0	68.86313	60.71148
1316	1	67.56078	60.71148
1316	2	67.56078	60.71148
1316	3	76.01909	60.71148
1317	0	73.66869	76.0863
1317	1	71.77737	76.0863
1317	2	71.77737	76.0863
1317	3	80.23997	76.0863
1318	0	67.16067	68.4216
1318	1	67.16067	68.4216
1318	2	67.16067	68.4216
1318	3	67.16067	68.4216
1319	0	84.97335	82.44933
1319	1	84.50771	84.38379
1319	2	84.50771	84.38379
1319	3	86.30995	76.68281
2000	0	88.27313	84.00986
2000	1	91.68899	88.47282
2000	2	91.68899	88.47282
2000	3	88.17502	83.88062
2100	0	90.61258	85.73132
2100	1	92.89482	89.27346
2100	2	92.89482	89.27346
2100	3	90.57971	85.70024
2110	0	94.54241	90.40103
2110	1	93.87898	89.87361
2110	2	93.87898	89.87361
2110	3	94.5512	90.40318
2111	0	96.82092	93.19393
2111	1	93.87898	89.87361
2111	2	93.87898	89.87361
2111	3	96.82092	93.19393
2112	0	96.82092	89.87361
2112	1	93.87898	89.87361
2112	2	93.87898	89.87361
2112	3	96.82092	89.87361
2113	0	93.87898	89.87361
2113	1	93.87898	89.87361
2113	2	93.87898	89.87361
2113	3	93.87898	89.87361
2114	0	93.3619	90.97925
2114	1	93.87898	89.87361
2114	2	93.87898	89.87361
2114	3	93.3619	90.97925
2119	0	94.54241	90.40103
2119	1	93.87898	89.87361
2119	2	93.87898	89.87361
2119	3	94.5512	90.40318
2120	0	85.41387	85.47407
2120	1	83.79563	85.48367
2120	2	83.79563	85.48367
2120	3	85.62712	85.47325
2121	0	91.50583	85.45575
2121	1	91.50583	85.45575
2121	2	91.50583	85.45575
2121	3	91.50583	85.45575
2122	0	82.14345	85.48621
2122	1	82.14345	85.48621
2122	2	82.14345	85.48621
2122	3	82.14345	85.48621
2129	0	85.41387	85.47407
2129	1	83.79563	85.48367
2129	2	83.79563	85.48367
2129	3	85.62712	85.47325
2130	0	98.10513	90.8205
2130	1	98.05231	89.27346
2130	2	98.05231	89.27346
2130	3	98.10582	90.8205
2131	0	98.21629	90.52069
2131	1	98.21629	89.27346
2131	2	98.21629	89.27346
2131	3	98.21629	90.52069
2132	0	98.10513	90.8205
2132	1	98.05231	89.27346
2132	2	98.05231	89.27346
2132	3	98.10582	90.8205
2139	0	97.65878	93.43054
2139	1	97.65878	89.27346
2139	2	97.65878	89.27346
2139	3	97.65878	93.43054
2140	0	89.91882	84.52472
2140	1	93.2794	90.236
2140	2	93.2794	90.236
2140	3	89.87207	84.46858
2141	0	97.87311	94.7907
2141	1	92.20232	94.7907
2141	2	92.20232	94.7907
2141	3	99	94.7907
2142	0	90.02125	85.90727
2142	1	92.20232	85.90727
2142	2	92.20232	85.90727
2142	3	89.96597	85.90727
2143	0	91.60661	84.79343
2143	1	94.49638	90.236
2143	2	94.49638	90.236
2143	3	91.56773	84.79343
2144	0	92.89845	86.09613
2144	1	94.49638	74.8533
2144	2	94.49638	74.8533
2144	3	92.88233	86.1384
2145	0	89.18497	82.05157
2145	1	94.49638	82.05157
2145	2	94.49638	82.05157
2145	3	89.13843	82.05157
2146	0	89.20026	85.64375
2146	1	93.2794	90.236
2146	2	93.2794	90.236
2146	3	89.20026	85.64375
2147	0	82.79086	80.70193
2147	1	93.2794	90.236
2147	2	93.2794	90.236
2147	3	82.79086	80.70193
2148	0	88.61821	89.08688
2148	1	92.20232	89.08688
2148	2	92.20232	89.08688
2148	3	88.41572	89.08688
2149	0	96.47633	90.62418
2149	1	92.20232	90.236
2149	2	92.20232	90.236
2149	3	96.52532	90.62418
2151	0	87.65546	86.61378
2151	3	87.65546	86.61378
2152	0	90.29451	82.73807
2152	3	90.29451	82.73807
2161	0	83.26631	81.66645
2161	3	83.26631	81.66645
2162	0	87.08702	84.58305
2162	3	87.08702	84.58305
2200	0	93.6662	90.61103
2200	1	93.22993	91.34296
2200	2	93.22993	91.34296
2200	3	93.70383	90.53304
2210	0	87.99855	83.40244
2210	1	87.59532	83.31149
2210	2	87.59532	83.31149
2210	3	88.00812	83.40332
2211	0	93.50563	84.67459
2211	1	93.50563	84.67459
2211	2	93.50563	84.67459
2211	3	93.50563	84.67459
2212	0	99	89.0118
2212	1	87.59532	83.31149
2212	2	87.59532	83.31149
2212	3	99	89.0118
2213	0	86.75099	82.76624
2213	1	86.75099	82.76624
2213	2	86.75099	82.76624
2213	3	86.75099	82.76624
2220	0	96.96217	91.87845
2220	1	93.90778	91.46387
2220	2	93.90778	91.46387
2220	3	97.34778	91.9305
2221	0	98.25926	92.66433
2221	1	94.61243	91.01918
2221	2	94.61243	91.01918
2221	3	98.55713	92.85385
2222	0	98.16792	92.46541
2222	1	96.43138	91.67241
2222	2	96.43138	91.67241
2222	3	99	92.71137
2223	0	92.78493	85.55175
2223	1	88.08077	85.55175
2223	2	88.08077	85.55175
2223	3	93.47096	85.55175
2224	0	99	89.44955
2224	1	99	96.65376
2224	2	99	96.65376
2224	3	99	89.0118
2225	0	96.96217	91.87845
2225	1	93.90778	91.46387
2225	2	93.90778	91.46387
2225	3	97.34778	91.9305
2229	0	88.22305	91.76239
2229	1	89.13843	91.76239
2229	2	89.13843	91.76239
2229	3	88.1969	91.76239
2230	0	93.6662	90.61103
2230	1	93.22993	91.34296
2230	2	93.22993	91.34296
2230	3	93.70383	90.53304
2300	0	85.40662	80.20494
2300	1	84.30982	82.21886
2300	2	84.30982	82.21886
2300	3	85.40858	80.20293
2310	0	99	90.57764
2310	1	99	82.21886
2310	2	99	82.21886
2310	3	99	90.57764
2311	0	99	90.57764
2311	1	99	82.21886
2311	2	99	82.21886
2311	3	99	90.57764
2319	0	99	90.57764
2319	1	99	82.21886
2319	2	99	82.21886
2319	3	99	90.57764
2320	0	81.04588	79.06422
2320	1	81.04533	82.21886
2320	2	81.04533	82.21886
2320	3	81.04588	79.06056
2321	0	85.18193	84.67404
2321	1	85.18193	84.67404
2321	2	85.18193	84.67404
2321	3	85.18193	84.67404
2322	0	77.73606	74.8533
2322	1	77.73606	74.8533
2322	2	77.73606	74.8533
2322	3	77.73606	74.8533
2323	0	81.04588	79.06422
2323	1	81.04533	82.21886
2323	2	81.04533	82.21886
2323	3	81.04588	79.06056
2330	0	85.22104	74.32846
2330	1	84.30982	82.21886
2330	2	84.30982	82.21886
2330	3	85.22104	74.32846
2331	0	85.22104	73.78035
2331	1	84.30982	82.21886
2331	2	84.30982	82.21886
2331	3	85.22104	73.78035
2332	0	85.22104	77.66809
2332	1	84.30982	82.21886
2332	2	84.30982	82.21886
2332	3	85.22104	77.66809
2340	0	85.22104	84.57108
2340	1	84.30982	82.21886
2340	2	84.30982	82.21886
2340	3	85.22104	84.57108
2341	0	85.22104	84.57108
2341	1	84.30982	82.21886
2341	2	84.30982	82.21886
2341	3	85.22104	84.57108
2342	0	85.22104	84.57108
2342	1	84.30982	82.21886
2342	2	84.30982	82.21886
2342	3	85.22104	84.57108
2343	0	85.22104	84.57108
2343	1	84.30982	82.21886
2343	2	84.30982	82.21886
2343	3	85.22104	84.57108
2350	0	91.09923	92.18939
2350	1	84.30982	82.21886
2350	2	84.30982	82.21886
2350	3	91.09923	92.18939
2351	0	91.09923	92.18939
2351	1	84.30982	82.21886
2351	2	84.30982	82.21886
2351	3	91.09923	92.18939
2352	0	91.09923	92.18939
2352	1	84.30982	82.21886
2352	2	84.30982	82.21886
2352	3	91.09923	92.18939
2353	0	91.09923	92.18939
2353	1	84.30982	82.21886
2353	2	84.30982	82.21886
2353	3	91.09923	92.18939
2354	0	91.09923	92.18939
2354	1	84.30982	82.21886
2354	2	84.30982	82.21886
2354	3	91.09923	92.18939
2355	0	91.09923	92.18939
2355	1	84.30982	82.21886
2355	2	84.30982	82.21886
2355	3	91.09923	92.18939
2356	0	91.09923	92.18939
2356	1	84.30982	82.21886
2356	2	84.30982	82.21886
2356	3	91.09923	92.18939
2359	0	91.09923	92.18939
2359	1	84.30982	82.21886
2359	2	84.30982	82.21886
2359	3	91.09923	92.18939
2400	0	85.02067	84.07549
2400	1	90.40698	85.67767
2400	2	90.40698	85.67767
2400	3	84.77861	84.01083
2410	0	89.44576	85.28163
2410	1	89.47253	81.19429
2410	2	89.47253	81.19429
2410	3	89.44501	85.43154
2411	0	91.74593	85.63759
2411	1	91.74593	80.58952
2411	2	91.74593	80.58952
2411	3	91.74593	85.87977
2412	0	77.93779	80.8244
2412	1	77.93779	81.19429
2412	2	77.93779	81.19429
2412	3	77.93779	80.8244
2413	0	89.44576	85.28163
2413	1	89.47253	81.19429
2413	2	89.47253	81.19429
2413	3	89.44501	85.43154
2419	0	92.40192	87.99803
2419	1	92.40192	87.99803
2419	2	92.40192	87.99803
2419	3	92.40192	87.99803
2420	0	86.62012	84.96054
2420	1	93.10973	87.95357
2420	2	93.10973	87.95357
2420	3	85.55267	84.50638
2421	0	85.4027	83.83256
2421	1	94.25573	88.07261
2421	2	94.25573	88.07261
2421	3	83.61143	83.03571
2422	0	92.79638	89.80016
2422	1	93.10973	87.95357
2422	2	93.10973	87.95357
2422	3	92.79638	89.80016
2423	0	99	84.43195
2423	2	99	84.43195
2423	3	99	84.43195
2426	0	86.62012	84.96054
2426	1	93.10973	87.95357
2426	2	93.10973	87.95357
2426	3	85.55267	84.50638
2429	0	82.25796	87.34779
2429	1	82.25796	87.34779
2429	2	82.25796	87.34779
2429	3	82.25796	87.34779
2430	0	95.4915	86.52824
2430	1	90.40698	85.67767
2430	2	90.40698	85.67767
2430	3	95.4915	86.52824
2431	0	95.4915	89.09998
2431	1	90.40698	85.67767
2431	2	90.40698	85.67767
2431	3	95.4915	89.09998
2432	0	95.4915	85.80523
2432	1	90.40698	85.67767
2432	2	90.40698	85.67767
2432	3	95.4915	85.80523
2433	0	95.4915	86.52824
2433	1	90.40698	85.67767
2433	2	90.40698	85.67767
2433	3	95.4915	86.52824
2439	0	95.4915	86.52824
2439	1	90.40698	85.67767
2439	2	90.40698	85.67767
2439	3	95.4915	86.52824
2440	0	87.0901	84.07391
2440	1	90.68637	83.33572
2440	2	90.68637	83.33572
2440	3	87.02692	84.08244
2441	0	86.49053	84.31413
2441	1	90.24183	83.11139
2441	2	90.24183	83.11139
2441	3	86.42489	84.32564
2442	0	95.20718	82.80415
2442	1	90.68637	83.33572
2442	2	90.68637	83.33572
2442	3	95.20718	82.80415
2443	0	95.20718	82.80415
2443	1	90.68637	83.33572
2443	2	90.68637	83.33572
2443	3	95.20718	82.80415
2444	0	95.20718	83.86239
2444	1	95.20718	83.86239
2444	2	95.20718	83.86239
2444	3	95.20718	83.86239
2445	0	95.9276	84.69156
2445	1	90.68637	84.69156
2445	2	90.68637	84.69156
2445	3	95.9276	84.69156
2446	0	85.86942	77.40937
2446	1	90.68637	83.33572
2446	2	90.68637	83.33572
2446	3	85.86942	77.40937
2447	0	93.49651	77.40937
2447	1	93.49651	83.33572
2447	2	93.49651	83.33572
2447	3	93.49651	77.40937
2450	0	87.40144	79.93646
2450	1	83.34295	79.51391
2450	2	83.34295	79.51391
2450	3	87.82948	79.96167
2451	0	89.43861	81.92442
2451	1	89.43861	81.92442
2451	2	89.43861	81.92442
2451	3	89.43861	81.92442
2452	0	80.60197	79.98376
2452	1	80.60197	79.98376
2452	2	80.60197	79.98376
2452	3	80.60197	79.98376
2453	0	85.41422	74.16762
2453	1	85.41422	74.16762
2453	2	85.41422	74.16762
2453	3	85.41422	74.16762
2454	0	90.46988	74.16762
2454	1	83.34295	79.51391
2454	2	83.34295	79.51391
2454	3	90.46988	74.16762
2455	0	90.42423	80.70858
2455	1	89.13843	80.70858
2455	2	89.13843	80.70858
2455	3	90.46988	80.70858
2456	0	87.40144	79.93646
2456	1	83.34295	79.51391
2456	2	83.34295	79.51391
2456	3	87.82948	79.96167
2457	0	87.40144	79.93646
2457	1	83.34295	79.51391
2457	2	83.34295	79.51391
2457	3	87.82948	79.96167
2458	0	87.40144	79.93646
2458	1	83.34295	79.51391
2458	2	83.34295	79.51391
2458	3	87.82948	79.96167
2459	0	87.40144	79.93646
2459	1	83.34295	79.51391
2459	2	83.34295	79.51391
2459	3	87.82948	79.96167
2460	0	77.27541	77.40937
2460	1	90.40698	85.67767
2460	2	90.40698	85.67767
2460	3	77.27541	77.40937
2470	0	81.19633	82.51405
2470	1	90.40698	85.67767
2470	2	90.40698	85.67767
2470	3	81.19633	82.51405
2481	0	91.48103	95.1665
2481	3	91.48103	95.1665
2483	0	91.48103	95.1665
2483	3	91.48103	95.1665
2512	0	91.48103	91.32777
2512	2	90.57358	88.47282
2512	3	91.48103	91.32777
2513	0	91.48103	91.32777
2513	3	91.48103	91.32777
2514	0	91.48103	91.32777
2514	2	90.57358	88.47282
2514	3	91.48103	91.32777
2515	0	91.48103	91.32777
2515	3	91.48103	91.32777
2516	0	91.48103	91.32777
2516	3	91.48103	91.32777
2517	0	91.48103	91.32777
2517	3	91.48103	91.32777
2541	0	90.57358	83.01902
2541	3	90.57358	83.01902
2543	0	90.57358	83.01902
2543	2	90.57358	88.47282
2543	3	90.57358	83.01902
3000	0	62.09507	60.73248
3000	1	64.30427	66.3362
3000	2	64.30427	66.3362
3000	3	62.04538	60.67773
3100	0	59.43497	57.1721
3100	1	61.78041	60.13113
3100	2	61.78041	60.13113
3100	3	59.41537	57.16468
3110	0	58.22121	59.46756
3110	1	60.58911	61.33471
3110	2	60.58911	61.33471
3110	3	58.20467	59.46155
3111	0	55.39444	54.07236
3111	1	60.58911	54.07236
3111	2	60.58911	54.07236
3111	3	55.39444	54.07236
3112	0	62.14971	66.82538
3112	1	62.14971	61.33471
3112	2	62.14971	61.33471
3112	3	62.14971	66.82538
3113	0	58.6837	71.56615
3113	1	58.6837	63.819
3113	2	58.6837	63.819
3113	3	58.6837	71.59911
3114	0	63.15482	70.43332
3114	1	63.15482	70.43332
3114	2	63.15482	70.43332
3114	3	63.15482	70.43332
3115	0	56.53288	63.42096
3115	1	56.53288	63.819
3115	2	56.53288	63.819
3115	3	56.53288	63.41965
3116	0	53.78866	53.51965
3116	1	60.58911	61.33471
3116	2	60.58911	61.33471
3116	3	53.78866	53.51965
3117	0	56.01436	59.71851
3117	1	60.58911	61.33471
3117	2	60.58911	61.33471
3117	3	56.01436	59.71851
3118	0	63.14727	65.88337
3118	1	63.14727	65.88337
3118	2	63.14727	65.88337
3118	3	63.14727	65.88337
3119	0	64.22979	58.35165
3119	1	64.22979	58.35165
3119	2	64.22979	58.35165
3119	3	64.22979	58.35165
3120	0	72.24984	62.91799
3120	1	70.37466	63.21484
3120	2	70.37466	63.21484
3120	3	72.25669	62.91741
3121	0	77.60564	69.21225
3121	1	70.37466	69.21225
3121	2	70.37466	69.21225
3121	3	77.60564	69.21225
3122	0	70.37466	61.71548
3122	1	70.37466	61.71548
3122	2	70.37466	61.71548
3122	3	70.37466	61.71548
3123	0	72.24984	62.91799
3123	1	70.37466	63.21484
3123	2	70.37466	63.21484
3123	3	72.25669	62.91741
3129	0	72.24984	62.91799
3129	1	70.37466	63.21484
3129	2	70.37466	63.21484
3129	3	72.25669	62.91741
3130	0	67.66555	58.16419
3130	1	65.46642	56.65758
3130	2	65.46642	56.65758
3130	3	67.80678	58.20006
3131	0	64.59316	56.65758
3131	1	64.59316	56.65758
3131	2	64.59316	56.65758
3131	3	64.59316	56.65758
3132	0	68.07338	61.32631
3132	1	68.07338	56.65758
3132	2	68.07338	56.65758
3132	3	68.07338	61.32631
3133	0	88.1969	58.35165
3133	1	88.1969	56.65758
3133	2	88.1969	56.65758
3133	3	88.1969	58.35165
3134	0	67.66555	58.16419
3134	1	65.46642	56.65758
3134	2	65.46642	56.65758
3134	3	67.80678	58.20006
3139	0	67.66555	58.16419
3139	1	65.46642	56.65758
3139	2	65.46642	56.65758
3139	3	67.80678	58.20006
3140	0	71.63612	67.78463
3140	1	68.81484	60.13113
3140	2	68.81484	60.13113
3140	3	71.64515	67.78463
3141	0	68.81484	67.78463
3141	1	68.81484	60.13113
3141	2	68.81484	60.13113
3141	3	68.81484	67.78463
3142	0	66.63337	67.78463
3142	1	68.81484	60.13113
3142	2	68.81484	60.13113
3142	3	66.63337	67.78463
3143	0	84.28239	67.78463
3143	1	68.81484	60.13113
3143	2	68.81484	60.13113
3143	3	84.28239	67.78463
3144	0	73.38625	67.78463
3144	1	68.81484	60.13113
3144	2	68.81484	60.13113
3144	3	73.38625	67.78463
3145	0	73.38625	67.78463
3145	1	68.81484	60.13113
3145	2	68.81484	60.13113
3145	3	73.38625	67.78463
3146	0	71.63612	67.78463
3146	1	68.81484	60.13113
3146	2	68.81484	60.13113
3146	3	71.64515	67.78463
3150	0	54.6302	47.50027
3150	1	61.78041	47.50027
3150	2	61.78041	47.50027
3150	3	54.6302	47.50027
3151	0	54.6302	47.50027
3151	1	61.78041	47.50027
3151	2	61.78041	47.50027
3151	3	54.6302	47.50027
3152	0	54.6302	47.50027
3152	1	61.78041	47.50027
3152	2	61.78041	47.50027
3152	3	54.6302	47.50027
3160	0	49.59888	51.29193
3160	1	61.78041	60.13113
3160	2	61.78041	60.13113
3160	3	49.59888	51.29193
3161	0	46.71442	49.90871
3161	3	46.71442	49.90871
3162	0	55.76443	58.51023
3162	2	61.78041	60.13113
3162	3	55.76443	58.51023
3171	0	50.13057	59.91751
3171	2	50.13057	60.13113
3171	3	50.13057	59.91751
3172	0	50.16113	54.45443
3172	2	50.16113	60.13113
3172	3	50.16113	54.45443
3173	0	53.32713	54.45443
3173	3	53.32713	54.45443
3200	0	58.2938	61.66709
3200	1	72.62798	70.09193
3200	2	72.62798	70.09193
3200	3	57.87883	61.57648
3210	0	50.53925	49.92815
3210	1	64.59316	52.26181
3210	2	64.59316	52.26181
3210	3	50.48505	49.91719
3211	0	69.19791	56.04517
3211	1	64.59316	56.04517
3211	2	64.59316	56.04517
3211	3	69.19791	56.04517
3212	0	58.78791	56.04517
3212	1	64.59316	52.26181
3212	2	64.59316	52.26181
3212	3	58.78791	56.04517
3213	0	49.56763	48.47845
3213	1	64.59316	48.47845
3213	2	64.59316	48.47845
3213	3	49.50419	48.47845
3220	0	65.30856	62.30545
3220	1	73.19042	70.36837
3220	2	73.19042	70.36837
3220	3	64.88457	62.21407
3221	0	68.18983	61.90111
3221	1	68.18983	61.90111
3221	2	68.18983	61.90111
3221	3	68.18983	61.90111
3222	0	75.88017	66.03632
3222	1	73.19042	70.36837
3222	2	73.19042	70.36837
3222	3	75.88017	66.03632
3223	0	65.30856	62.30545
3223	1	73.19042	70.36837
3223	2	73.19042	70.36837
3223	3	64.88457	62.21407
3224	0	69.19791	71.70438
3224	1	73.19042	76.32485
3224	2	73.19042	76.32485
3224	3	69.19791	71.49436
3225	0	82.19341	72.76554
3225	1	88.42545	76.32485
3225	2	88.42545	76.32485
3225	3	80.21237	71.49436
3226	0	65.50156	63.18061
3226	1	65.50156	63.18061
3226	2	65.50156	63.18061
3226	3	65.50156	63.18061
3227	0	55.12876	48.98515
3227	1	55.12876	48.98515
3227	2	55.12876	48.98515
3227	3	55.12876	48.98515
3228	0	69.19791	68.60812
3228	1	73.19042	68.60812
3228	2	73.19042	68.60812
3228	3	69.19791	68.60812
3229	0	69.19791	56.67842
3229	1	69.19791	56.67842
3229	2	69.19791	56.67842
3229	3	69.19791	56.67842
3230	0	75.88017	55.42017
3230	1	72.62798	70.09193
3230	2	72.62798	70.09193
3230	3	75.88017	55.42017
3231	0	75.88017	56.17649
3231	1	72.62798	70.09193
3231	2	72.62798	70.09193
3231	3	75.88017	56.17649
3232	0	75.88017	50.86797
3232	1	72.62798	70.09193
3232	2	72.62798	70.09193
3232	3	75.88017	50.86797
3233	0	75.88017	55.42017
3233	1	72.62798	70.09193
3233	2	72.62798	70.09193
3233	3	75.88017	55.42017
3234	0	75.88017	55.42017
3234	1	72.62798	70.09193
3234	2	72.62798	70.09193
3234	3	75.88017	55.42017
3235	0	75.88017	55.42017
3235	1	72.62798	70.09193
3235	2	72.62798	70.09193
3235	3	75.88017	55.42017
3240	0	58.2938	61.66709
3240	1	72.62798	70.09193
3240	2	72.62798	70.09193
3240	3	57.87883	61.57648
3241	0	58.2938	61.66709
3241	1	72.62798	70.09193
3241	2	72.62798	70.09193
3241	3	57.87883	61.57648
3242	0	58.2938	61.66709
3242	1	72.62798	70.09193
3242	2	72.62798	70.09193
3242	3	57.87883	61.57648
3300	0	64.89506	61.98126
3300	1	65.19309	66.3362
3300	2	65.19309	66.3362
3300	3	64.88396	61.98126
3310	0	69.68745	63.819
3310	1	69.68745	66.3362
3310	2	69.68745	66.3362
3310	3	69.68745	63.819
3311	0	69.68745	63.819
3311	1	69.68745	66.3362
3311	2	69.68745	66.3362
3311	3	69.68745	63.819
3312	0	69.68745	63.819
3312	1	69.68745	66.3362
3312	2	69.68745	66.3362
3312	3	69.68745	63.819
3320	0	71.03242	60.19929
3320	1	71.03242	66.3362
3320	2	71.03242	66.3362
3320	3	71.03242	60.19929
3330	0	67.4437	57.48711
3330	1	67.4437	66.3362
3330	2	67.4437	66.3362
3330	3	67.4437	57.48711
3331	0	67.4437	57.48711
3331	1	67.4437	66.3362
3331	2	67.4437	66.3362
3331	3	67.4437	57.48711
3332	0	67.4437	57.48711
3332	1	67.4437	66.3362
3332	2	67.4437	66.3362
3332	3	67.4437	57.48711
3340	0	61.62754	60.13132
3340	1	64.93024	66.3362
3340	2	64.93024	66.3362
3340	3	61.43095	60.13132
3341	0	61.62754	60.13132
3341	1	64.93024	66.3362
3341	2	64.93024	66.3362
3341	3	61.43095	60.13132
3342	0	61.62754	60.13132
3342	1	64.93024	66.3362
3342	2	64.93024	66.3362
3342	3	61.43095	60.13132
3343	0	61.62754	60.13132
3343	1	64.93024	66.3362
3343	2	64.93024	66.3362
3343	3	61.43095	60.13132
3349	0	61.62754	60.13132
3349	1	64.93024	66.3362
3349	2	64.93024	66.3362
3349	3	61.43095	60.13132
3400	0	65.93296	61.40014
3400	1	62.57494	65.46165
3400	2	62.57494	65.46165
3400	3	66.04917	61.32882
3410	0	68.97017	60.81622
3410	1	68.92651	72.50525
3410	2	68.92651	72.50525
3410	3	68.97189	60.22817
3411	0	85.84108	60.87905
3411	1	68.92651	72.50525
3411	2	68.92651	72.50525
3411	3	85.84108	60.87905
3412	0	83.68361	62.23817
3412	1	68.92651	74.43704
3412	2	68.92651	74.43704
3412	3	85.84108	60.87905
3413	0	70.52956	61.53034
3413	1	68.92651	72.50525
3413	2	68.92651	72.50525
3413	3	70.58722	61.53034
3414	0	76.22175	71.771
3414	1	68.92651	62.60483
3414	2	68.92651	62.60483
3414	3	76.22175	72.34389
3415	0	74.72228	72.06159
3415	1	68.92651	62.60483
3415	2	68.92651	62.60483
3415	3	74.76428	72.34389
3416	0	59.62658	53.3637
3416	1	68.92651	62.60483
3416	2	68.92651	62.60483
3416	3	59.48866	53.21221
3417	0	68.97017	60.81622
3417	1	68.92651	72.50525
3417	2	68.92651	72.50525
3417	3	68.97189	60.22817
3419	0	76.06316	70.46435
3419	1	68.92651	72.50525
3419	2	68.92651	72.50525
3419	3	76.22175	70.46435
3420	0	67.04569	62.73827
3420	1	69.23289	62.65628
3420	2	69.23289	62.65628
3420	3	66.99811	62.73967
3421	0	66.75423	60.35662
3421	1	68.92651	62.60483
3421	2	68.92651	62.60483
3421	3	66.70427	60.29948
3422	0	76.88687	69.17762
3422	1	69.23289	62.65628
3422	2	69.23289	62.65628
3422	3	76.88687	69.17762
3423	0	65.3149	66.57233
3423	1	69.23289	66.57233
3423	2	69.23289	66.57233
3423	3	65.3149	66.57233
3429	0	72.26488	62.23034
3429	1	72.42796	62.23034
3429	2	72.42796	62.23034
3429	3	72.25323	62.23034
3430	0	65.37637	61.63194
3430	1	72.42796	64.58932
3430	2	72.42796	64.58932
3430	3	65.18528	61.58732
3431	0	68.04427	66.30721
3431	1	72.42796	64.58932
3431	2	72.42796	64.58932
3431	3	68.04427	66.30721
3432	0	61.56218	60.20116
3432	1	72.42796	60.20116
3432	2	72.42796	60.20116
3432	3	61.46249	60.20116
3433	0	65.62109	61.34369
3433	1	72.42796	64.58765
3433	2	72.42796	64.58765
3433	3	65.48126	61.3015
3434	0	65.14406	62.37025
3434	1	72.42796	64.6577
3434	2	72.42796	64.6577
3434	3	64.72012	62.26385
3435	0	65.37637	61.63194
3435	1	72.42796	64.58932
3435	2	72.42796	64.58932
3435	3	65.18528	61.58732
3436	0	65.37637	61.63194
3436	1	72.42796	64.58932
3436	2	72.42796	64.58932
3436	3	65.18528	61.58732
3439	0	65.37637	61.63194
3439	1	72.42796	64.58932
3439	2	72.42796	64.58932
3439	3	65.18528	61.58732
3440	0	69.97735	62.66058
3440	1	62.57494	61.49838
3440	2	62.57494	61.49838
3440	3	69.97735	62.66655
3441	0	72.33527	64.60911
3441	1	62.57494	61.49838
3441	2	62.57494	61.49838
3441	3	72.33527	64.60911
3442	0	65.6199	60.30138
3442	1	62.57494	60.30138
3442	2	62.57494	60.30138
3442	3	65.6199	60.30138
3443	0	67.54321	63.89238
3443	1	62.57494	63.89238
3443	2	62.57494	63.89238
3443	3	67.54321	63.89238
3444	0	67.54321	60.30138
3444	1	62.57494	60.30138
3444	2	62.57494	60.30138
3444	3	67.54321	60.30138
3449	0	73.75335	64.1597
3449	1	62.57494	61.49838
3449	2	62.57494	61.49838
3449	3	73.75335	64.1597
3450	0	62.90757	63.92371
3450	1	62.90757	65.46165
3450	2	62.90757	65.46165
3450	3	62.90757	63.92371
3451	0	62.90757	63.92371
3451	1	62.90757	65.46165
3451	2	62.90757	65.46165
3451	3	62.90757	63.92371
3452	0	62.90757	63.92371
3452	1	62.90757	65.46165
3452	2	62.90757	65.46165
3452	3	62.90757	63.92371
3453	0	62.90757	63.92371
3453	1	62.90757	65.46165
3453	2	62.90757	65.46165
3453	3	62.90757	63.92371
3460	0	56.7345	49.69061
3460	1	62.57494	49.69061
3460	2	62.57494	49.69061
3460	3	56.7345	49.69061
3470	0	67.89293	67.38078
3470	1	52.93285	66.55376
3470	2	52.93285	66.55376
3470	3	70.55788	67.44118
3471	0	72.16502	68.83715
3471	1	72.16502	68.83715
3471	2	72.16502	68.83715
3471	3	72.16502	68.83715
3472	0	67.53258	64.74878
3472	1	52.93285	66.55376
3472	2	52.93285	66.55376
3472	3	67.53258	64.74878
3473	0	59.38049	64.74878
3473	1	46.80479	64.74878
3473	2	46.80479	64.74878
3473	3	67.53258	64.74878
3474	0	64.67357	64.74878
3474	1	46.80479	66.55376
3474	2	46.80479	66.55376
3474	3	67.53258	64.74878
3475	0	71.16908	65.30344
3475	1	71.16908	65.30344
3475	2	71.16908	65.30344
3475	3	71.16908	65.30344
3479	0	67.89293	67.38078
3479	1	52.93285	66.55376
3479	2	52.93285	66.55376
3479	3	70.55788	67.44118
3480	0	56.13569	67.69999
3480	1	62.57494	65.46165
3480	2	62.57494	65.46165
3480	3	56.13569	67.69999
3481	0	56.13569	67.69999
3481	1	62.57494	65.46165
3481	2	62.57494	65.46165
3481	3	56.13569	67.69999
3482	0	56.13569	67.69999
3482	1	62.57494	65.46165
3482	2	62.57494	65.46165
3482	3	56.13569	67.69999
3490	0	65.93296	61.40014
3490	1	62.57494	65.46165
3490	2	62.57494	65.46165
3490	3	66.04917	61.32882
4000	0	57.16976	55.04516
4000	1	57.00381	54.33902
4000	2	57.00381	54.33902
4000	3	57.17055	55.04747
4100	0	56.9693	55.47503
4100	1	56.8803	54.33902
4100	2	56.8803	54.33902
4100	3	56.96972	55.47942
4110	0	72.97865	61.75438
4110	1	75.5532	54.33902
4110	2	75.5532	54.33902
4110	3	72.96432	61.77035
4111	0	75.5532	54.26568
4111	1	75.5532	54.33902
4111	2	75.5532	54.33902
4111	3	75.5532	54.26483
4112	0	75.5532	63.35662
4112	1	75.5532	54.33902
4112	2	75.5532	54.33902
4112	3	75.5532	63.35662
4113	0	75.5532	62.15144
4113	1	75.5532	54.33902
4113	2	75.5532	54.33902
4113	3	75.5532	62.15144
4114	0	73.52094	61.92483
4114	1	75.5532	54.33902
4114	2	75.5532	54.33902
4114	3	73.52094	61.94978
4115	0	66.89568	62.53972
4115	1	75.5532	54.33902
4115	2	75.5532	54.33902
4115	3	66.89568	62.55117
4120	0	67.67448	60.83055
4120	1	69.09631	54.33902
4120	2	69.09631	54.33902
4120	3	67.67031	60.86219
4121	0	57.51855	51.47498
4121	1	69.09631	54.33902
4121	2	69.09631	54.33902
4121	3	57.51855	51.45007
4122	0	69.09631	62.01661
4122	1	69.09631	54.33902
4122	2	69.09631	54.33902
4122	3	69.09631	62.05032
4123	0	67.67448	60.83055
4123	1	69.09631	54.33902
4123	2	69.09631	54.33902
4123	3	67.67031	60.86219
4130	0	54.0605	50.36173
4130	1	53.36234	54.33902
4130	2	53.36234	54.33902
4130	3	54.06443	50.34042
4131	0	53.13467	49.7313
4131	1	53.13467	54.33902
4131	2	53.13467	54.33902
4131	3	53.13467	49.70446
4132	0	60.27673	56.14047
4132	1	53.36234	54.33902
4132	2	53.36234	54.33902
4132	3	60.27673	56.14047
4133	0	55.29747	52.79216
4133	1	55.29747	54.33902
4133	2	55.29747	54.33902
4133	3	55.29747	52.78543
4140	0	49.80135	52.39747
4140	1	56.8803	54.33902
4140	2	56.8803	54.33902
4140	3	49.80135	52.39618
4141	0	66.56915	58.91438
4141	1	56.8803	54.33902
4141	2	56.8803	54.33902
4141	3	66.56915	58.92407
4142	0	47.03475	49.39309
4142	1	56.8803	54.33902
4142	2	56.8803	54.33902
4142	3	47.03475	49.39309
4143	0	49.80135	52.39747
4143	1	56.8803	54.33902
4143	2	56.8803	54.33902
4143	3	49.80135	52.39618
4144	0	49.80135	52.39747
4144	1	56.8803	54.33902
4144	2	56.8803	54.33902
4144	3	49.80135	52.39618
4190	0	60.97079	60.97287
4190	1	60.97079	54.33902
4190	2	60.97079	54.33902
4190	3	60.97079	61.01018
4200	0	59.01199	53.86682
4200	1	58.02722	54.33902
4200	2	58.02722	54.33902
4200	3	59.01709	53.86605
4210	0	57.38381	54.02276
4210	1	58.02722	54.33902
4210	2	58.02722	54.33902
4210	3	57.3792	54.02227
4211	0	58.02722	53.43056
4211	1	58.02722	54.33902
4211	2	58.02722	54.33902
4211	3	58.02722	53.42958
4212	0	58.02722	61.46021
4212	1	58.02722	54.33902
4212	2	58.02722	54.33902
4212	3	58.02722	61.49618
4213	0	58.02722	61.36114
4213	1	58.02722	54.33902
4213	2	58.02722	54.33902
4213	3	58.02722	61.49618
4214	0	57.38381	54.02276
4214	1	58.02722	54.33902
4214	2	58.02722	54.33902
4214	3	57.3792	54.02227
4215	0	51.68966	46.25292
4215	1	58.02722	54.33902
4215	2	58.02722	54.33902
4215	3	51.68966	46.25292
4216	0	57.38381	54.02276
4216	1	58.02722	54.33902
4216	2	58.02722	54.33902
4216	3	57.3792	54.02227
4219	0	57.38381	54.02276
4219	1	58.02722	54.33902
4219	2	58.02722	54.33902
4219	3	57.3792	54.02227
4220	0	63.32316	53.50378
4220	1	58.02722	54.33902
4220	2	58.02722	54.33902
4220	3	63.32316	53.50227
4221	0	67.27985	69.09606
4221	1	58.02722	54.33902
4221	2	58.02722	54.33902
4221	3	67.27985	69.29548
4222	0	67.27985	56.74685
4222	1	58.02722	54.33902
4222	2	58.02722	54.33902
4222	3	67.27985	56.75412
4223	0	59.92041	52.26625
4223	1	58.02722	54.33902
4223	2	58.02722	54.33902
4223	3	59.92041	52.26396
4224	0	63.32316	53.50378
4224	1	58.02722	54.33902
4224	2	58.02722	54.33902
4224	3	63.32316	53.50227
5000	0	53.34974	45.37329
5000	1	53.4643	49.77098
5000	2	53.4643	49.77098
5000	3	53.34378	45.2398
5100	0	52.84687	45.92089
5100	1	56.18536	50.72536
5100	2	56.18536	50.72536
5100	3	52.74033	45.77709
5110	0	47.21504	49.40513
5110	1	56.18536	49.40513
5110	2	56.18536	49.40513
5110	3	47.21504	49.40513
5111	0	47.21504	49.40513
5111	1	56.18536	49.40513
5111	2	56.18536	49.40513
5111	3	47.21504	49.40513
5112	0	47.21504	49.40513
5112	1	56.18536	49.40513
5112	2	56.18536	49.40513
5112	3	47.21504	49.40513
5113	0	47.21504	49.40513
5113	1	56.18536	49.40513
5113	2	56.18536	49.40513
5113	3	47.21504	49.40513
5120	0	57.92702	48.94941
5120	1	57.41799	55.82798
5120	2	57.41799	55.82798
5120	3	57.96252	48.74975
5121	0	62.51519	62.03038
5121	1	57.93322	58.26578
5121	2	57.93322	58.26578
5121	3	62.96704	62.36805
5122	0	49.00304	42.61758
5122	1	57.93322	42.61758
5122	2	57.93322	42.61758
5122	3	48.85082	42.61758
5123	0	48.71073	44.66108
5123	1	48.71073	44.66108
5123	2	48.71073	44.66108
5123	3	48.71073	44.66108
5124	0	57.92702	48.94941
5124	1	57.41799	55.82798
5124	2	57.41799	55.82798
5124	3	57.96252	48.74975
5130	0	48.51498	40.90406
5130	1	46.11185	38.37455
5130	2	46.11185	38.37455
5130	3	48.57211	40.94885
5131	0	55.73059	41.49519
5131	1	55.73059	41.49519
5131	2	55.73059	41.49519
5131	3	55.73059	41.49519
5132	0	48.47767	41.1033
5132	1	46.11185	41.1033
5132	2	46.11185	41.1033
5132	3	48.47767	41.1033
5133	0	45.4706	39.70808
5133	1	45.4706	36.77009
5133	2	45.4706	36.77009
5133	3	45.4706	39.90805
5139	0	45.4706	39.87061
5139	1	46.11185	39.87061
5139	2	46.11185	39.87061
5139	3	45.4706	39.87061
5140	0	47.04307	47.90746
5140	1	46.04601	51.929
5140	2	46.04601	51.929
5140	3	47.15115	47.58965
5141	0	43.94383	51.46814
5141	1	43.94383	52.19441
5141	2	43.94383	52.19441
5141	3	43.94383	51.37719
5142	0	44.98981	41.18642
5142	1	46.04601	41.18642
5142	2	46.04601	41.18642
5142	3	44.98981	41.18642
5143	0	47.04307	47.90746
5143	1	46.04601	51.929
5143	2	46.04601	51.929
5143	3	47.15115	47.58965
5144	0	47.04307	47.90746
5144	1	46.04601	51.929
5144	2	46.04601	51.929
5144	3	47.15115	47.58965
5145	0	47.04307	47.90746
5145	1	46.04601	51.929
5145	2	46.04601	51.929
5145	3	47.15115	47.58965
5149	0	57.95834	49.74801
5149	1	57.95834	41.1033
5149	2	57.95834	41.1033
5149	3	57.95834	50.21529
5150	0	52.84687	45.92089
5150	1	56.18536	50.72536
5150	2	56.18536	50.72536
5150	3	52.74033	45.77709
5151	0	52.84687	45.92089
5151	1	56.18536	50.72536
5151	2	56.18536	50.72536
5151	3	52.74033	45.77709
5152	0	52.84687	45.92089
5152	1	56.18536	50.72536
5152	2	56.18536	50.72536
5152	3	52.74033	45.77709
5160	0	49.35446	50.21529
5160	1	48.86442	50.72536
5160	2	48.86442	50.72536
5160	3	49.3551	50.21529
5161	0	45.4495	50.21529
5161	1	45.4495	50.72536
5161	2	45.4495	50.72536
5161	3	45.4495	50.21529
5162	0	49.35446	50.21529
5162	1	48.86442	50.72536
5162	2	48.86442	50.72536
5162	3	49.3551	50.21529
5163	0	50.57622	50.21529
5163	1	48.86442	50.72536
5163	2	48.86442	50.72536
5163	3	50.57622	50.21529
5164	0	49.35446	50.21529
5164	1	48.86442	50.72536
5164	2	48.86442	50.72536
5164	3	49.3551	50.21529
5165	0	49.35446	50.21529
5165	1	48.86442	50.72536
5165	2	48.86442	50.72536
5165	3	49.3551	50.21529
5169	0	49.8889	50.21529
5169	1	49.8889	50.72536
5169	2	49.8889	50.72536
5169	3	49.8889	50.21529
5200	0	54.80202	44.91723
5200	1	51.10526	48.9957
5200	2	51.10526	48.9957
5200	3	55.22661	44.79198
5210	0	54.80202	44.91723
5210	1	51.10526	48.9957
5210	2	51.10526	48.9957
5210	3	55.22661	44.79198
5211	0	54.80202	44.91723
5211	1	51.10526	48.9957
5211	2	51.10526	48.9957
5211	3	55.22661	44.79198
5212	0	54.80202	44.91723
5212	1	51.10526	48.9957
5212	2	51.10526	48.9957
5212	3	55.22661	44.79198
5220	0	54.80202	44.91723
5220	1	51.10526	48.9957
5220	2	51.10526	48.9957
5220	3	55.22661	44.79198
5230	0	54.80202	44.91723
5230	1	51.10526	48.9957
5230	2	51.10526	48.9957
5230	3	55.22661	44.79198
6000	0	43.36299	37.84915
6000	1	43.70957	37.80545
6000	2	43.70957	37.80545
6000	3	43.05353	37.85937
6100	0	43.36299	37.84915
6100	1	43.70957	37.80545
6100	2	43.70957	37.80545
6100	3	43.05353	37.85937
6110	0	43.87704	37.68716
6110	1	44.66515	37.3391
6110	2	44.66515	37.3391
6110	3	43.22338	37.77308
6111	0	43.96328	37.65797
6111	1	44.71587	37.3391
6111	2	44.71587	37.3391
6111	3	43.33393	37.73796
6112	0	43.50881	39.86061
6112	1	43.50881	37.3391
6112	2	43.50881	37.3391
6112	3	43.50881	40.01715
6113	0	43.87704	37.68716
6113	1	44.66515	37.3391
6113	2	44.66515	37.3391
6113	3	43.22338	37.77308
6114	0	43.87704	37.68716
6114	1	44.66515	37.3391
6114	2	44.66515	37.3391
6114	3	43.22338	37.77308
6115	0	41.9665	37.62728
6115	1	43.55516	37.3391
6115	2	43.55516	37.3391
6115	3	40.7285	37.69169
6120	0	41.60253	37.3906
6120	1	42.04689	37.266
6120	2	42.04689	37.266
6120	3	41.30516	37.40985
6121	0	41.60548	37.20966
6121	1	42.04689	37.266
6121	2	42.04689	37.266
6121	3	41.30516	37.20088
6122	0	41.50138	38.42033
6122	1	42.04689	37.266
6122	2	42.04689	37.266
6122	3	41.30516	38.56025
6123	0	41.63827	39.4601
6123	1	42.04689	37.266
6123	2	42.04689	37.266
6123	3	41.30516	40.00863
6124	0	41.59777	34.92868
6124	1	42.04689	37.266
6124	2	42.04689	37.266
6124	3	41.30516	34.41739
6125	0	41.57586	38.5902
6125	2	42.04689	37.266
6125	3	41.30516	38.75409
6129	0	41.60253	37.3906
6129	1	42.04689	37.266
6129	2	42.04689	37.266
6129	3	41.30516	37.40985
6130	0	43.22197	38.0085
6130	1	43.1752	38.21392
6130	2	43.1752	38.21392
6130	3	43.27019	37.96042
6131	0	43.22197	38.0085
6131	1	43.1752	38.21392
6131	2	43.1752	38.21392
6131	3	43.27019	37.96042
6132	0	43.22197	38.0085
6132	1	43.1752	38.21392
6132	2	43.1752	38.21392
6132	3	43.27019	37.96042
6133	0	43.22197	38.0085
6133	1	43.1752	38.21392
6133	2	43.1752	38.21392
6133	3	43.27019	37.96042
6134	0	43.22197	38.0085
6134	1	43.1752	38.21392
6134	2	43.1752	38.21392
6134	3	43.27019	37.96042
6140	0	41.81271	42.76284
6140	1	41.81271	37.96042
6140	2	41.81271	37.96042
6140	3	41.81271	42.8046
6141	0	41.81271	42.76284
6141	1	41.81271	37.96042
6141	2	41.81271	37.96042
6141	3	41.81271	42.8046
6142	0	41.81271	42.76284
6142	1	41.81271	37.96042
6142	2	41.81271	37.96042
6142	3	41.81271	42.8046
6150	0	40.00393	40.38251
6150	1	40.00393	37.80545
6150	2	40.00393	37.80545
6150	3	40.00393	40.38251
6151	0	40.00393	42.8046
6151	1	40.00393	37.80545
6151	2	40.00393	37.80545
6151	3	40.00393	42.8046
6152	0	40.00393	37.96042
6152	1	40.00393	37.80545
6152	2	40.00393	37.80545
6152	3	40.00393	37.96042
6153	0	40.00393	40.38251
6153	1	40.00393	37.80545
6153	2	40.00393	37.80545
6153	3	40.00393	40.38251
6154	0	40.00393	40.38251
6154	1	40.00393	37.80545
6154	2	40.00393	37.80545
6154	3	40.00393	40.38251
6200	0	43.36299	37.84915
6200	1	43.70957	37.80545
6200	2	43.70957	37.80545
6200	3	43.05353	37.85937
6210	0	43.36299	37.84915
6210	1	43.70957	37.80545
6210	2	43.70957	37.80545
6210	3	43.05353	37.85937
6254	0	43.36299	37.84915
6254	1	43.70957	37.80545
6254	2	43.70957	37.80545
6254	3	43.05353	37.85937
7000	0	42.21964	41.37214
7000	1	39.63766	41.0109
7000	2	39.63766	41.0109
7000	3	42.3635	41.37735
7100	0	39.01072	40.76486
7100	1	36.99516	39.76343
7100	2	36.99516	39.76343
7100	3	39.26198	40.80621
7110	0	40.20214	42.28655
7110	1	35.53549	40.44266
7110	2	35.53549	40.44266
7110	3	40.28611	42.30191
7111	0	39.86631	41.39938
7111	1	35.53549	40.44266
7111	2	35.53549	40.44266
7111	3	39.86631	41.39938
7112	0	45.52699	44.56368
7112	1	35.53549	40.44266
7112	2	35.53549	40.44266
7112	3	45.85139	44.56368
7113	0	39.82784	41.13668
7113	1	35.53549	40.44266
7113	2	35.53549	40.44266
7113	3	41.0974	41.1656
7114	0	40.20214	42.28655
7114	1	35.53549	40.44266
7114	2	35.53549	40.44266
7114	3	40.28611	42.30191
7115	0	40.20214	42.28655
7115	1	35.53549	40.44266
7115	2	35.53549	40.44266
7115	3	40.28611	42.30191
7120	0	37.01579	41.58532
7120	1	35.77556	40.73642
7120	2	35.77556	40.73642
7120	3	37.23627	41.64265
7121	0	38.24486	40.98102
7121	1	35.53549	40.44266
7121	2	35.53549	40.44266
7121	3	38.68936	41.1656
7122	0	36.71078	41.1656
7122	1	35.53549	41.1656
7122	2	35.53549	41.1656
7122	3	36.98241	41.1656
7123	0	36.99473	39.13564
7123	1	39.71194	40.73642
7123	2	39.71194	40.73642
7123	3	36.80297	39.13564
7124	0	37.49391	39.38136
7124	1	35.95496	39.38136
7124	2	35.95496	39.38136
7124	3	37.70665	39.38136
7125	0	37.01579	41.58532
7125	1	35.77556	40.73642
7125	2	35.77556	40.73642
7125	3	37.23627	41.64265
7126	0	37.01579	41.58532
7126	1	35.77556	40.73642
7126	2	35.77556	40.73642
7126	3	37.23627	41.64265
7129	0	38.20082	45.18225
7129	1	35.53549	40.73642
7129	2	35.53549	40.73642
7129	3	38.28221	45.18225
7130	0	42.95814	44.61796
7130	1	45.55248	43.88197
7130	2	45.55248	43.88197
7130	3	42.87008	44.6237
7131	0	37.98685	42.79794
7131	1	46.33387	40.44266
7131	2	46.33387	40.44266
7131	3	36.80845	42.99422
7132	0	41.74417	42.99422
7132	1	46.33387	43.88197
7132	2	46.33387	43.88197
7132	3	41.17371	42.99422
7133	0	41.17371	42.10481
7133	1	45.55248	43.88197
7133	2	45.55248	43.88197
7133	3	41.17371	42.10481
7134	0	40.00123	42.10481
7134	1	46.33387	43.88197
7134	2	46.33387	43.88197
7134	3	39.93202	42.10481
7135	0	41.96964	42.10481
7135	1	46.33387	43.88197
7135	2	46.33387	43.88197
7135	3	41.30993	42.10481
7136	0	42.91845	45.60162
7136	1	45.0443	45.60162
7136	2	45.0443	45.60162
7136	3	42.86655	45.60162
7137	0	46.7628	45.60162
7137	1	45.0443	43.88197
7137	2	45.0443	43.88197
7137	3	46.79092	45.60162
7139	0	42.95814	44.61796
7139	1	45.55248	43.88197
7139	2	45.55248	43.88197
7139	3	42.87008	44.6237
7140	0	39.54024	38.3381
7140	1	39.05935	38.33295
7140	2	39.05935	38.33295
7140	3	39.62256	38.33831
7141	0	39.54112	38.33295
7141	1	39.05935	38.33295
7141	2	39.05935	38.33295
7141	3	39.62256	38.33295
7142	0	39.54024	38.3381
7142	1	39.05935	38.33295
7142	2	39.05935	38.33295
7142	3	39.62256	38.33831
7143	0	39.44555	39.89441
7143	1	39.05935	38.33295
7143	2	39.05935	38.33295
7143	3	39.62256	39.89441
7200	0	43.5395	43.47817
7200	1	42.31104	42.64228
7200	2	42.31104	42.64228
7200	3	43.5694	43.48368
7210	0	42.11388	42.5528
7210	1	42.4271	41.69835
7210	2	42.4271	41.69835
7210	3	42.10669	42.56023
7211	0	39.01301	39.9011
7211	1	36.98241	40.44266
7211	2	36.98241	40.44266
7211	3	39.05538	39.89441
7212	0	39.17006	40.5686
7212	1	38.31981	40.5686
7212	2	38.31981	40.5686
7212	3	39.18419	40.5686
7213	0	42.39461	43.62817
7213	1	43.68231	40.44266
7213	2	43.68231	40.44266
7213	3	42.01382	44.29881
7214	0	43.00289	43.3777
7214	1	42.54128	43.3777
7214	2	42.54128	43.3777
7214	3	43.00702	43.3777
7215	0	39.39401	39.19933
7215	1	42.4271	41.69835
7215	2	42.4271	41.69835
7215	3	39.39401	39.19933
7216	0	42.11388	42.5528
7216	1	42.4271	41.69835
7216	2	42.4271	41.69835
7216	3	42.10669	42.56023
7220	0	41.69784	41.46104
7220	1	35.63461	41.45823
7220	2	35.63461	41.45823
7220	3	41.83541	41.46105
7221	0	39.18781	39.21111
7221	1	34.77348	40.44266
7221	2	34.77348	40.44266
7221	3	40.20486	39.19933
7222	0	43.50051	42.33162
7222	1	34.77348	41.45823
7222	2	34.77348	41.45823
7222	3	43.52909	42.33162
7223	0	39.87682	39.8088
7223	1	37.67193	41.45823
7223	2	37.67193	41.45823
7223	3	39.88077	39.8088
7224	0	41.89131	41.79676
7224	1	37.67193	41.79676
7224	2	37.67193	41.79676
7224	3	41.92598	41.79676
7226	0	41.69784	41.46104
7226	1	35.63461	41.45823
7226	2	35.63461	41.45823
7226	3	41.83541	41.46105
7227	0	41.69784	41.46104
7227	1	35.63461	41.45823
7227	2	35.63461	41.45823
7227	3	41.83541	41.46105
7230	0	43.23036	45.56098
7230	1	43.3615	43.18648
7230	2	43.3615	43.18648
7230	3	43.22421	45.58994
7231	0	45.46301	45.69666
7231	1	48.05202	40.44266
7231	2	48.05202	40.44266
7231	3	45.33442	45.73781
7232	0	57.25295	45.73781
7232	1	43.3615	43.18648
7232	2	43.3615	43.18648
7232	3	57.25295	45.73781
7233	0	39.15924	45.24434
7233	1	34.23992	45.24434
7233	2	34.23992	45.24434
7233	3	39.37186	45.24434
7234	0	43.23036	45.56098
7234	1	43.3615	43.18648
7234	2	43.3615	43.18648
7234	3	43.22421	45.58994
7235	0	43.23036	45.56098
7235	1	43.3615	43.18648
7235	2	43.3615	43.18648
7235	3	43.22421	45.58994
7239	0	43.23036	45.56098
7239	1	43.3615	43.18648
7239	2	43.3615	43.18648
7239	3	43.22421	45.58994
7240	0	48.40123	46.72916
7240	1	49.22551	45.83707
7240	2	49.22551	45.83707
7240	3	48.39399	46.73384
7241	0	48.31337	44.82862
7241	1	49.36754	44.82862
7241	2	49.36754	44.82862
7241	3	48.29511	44.82862
7242	0	60.0479	50.27477
7242	1	49.36754	50.27477
7242	2	49.36754	50.27477
7242	3	60.51566	50.27477
7243	0	48.40123	46.72916
7243	1	49.22551	45.83707
7243	2	49.22551	45.83707
7243	3	48.39399	46.73384
7244	0	53.00223	50.27477
7244	1	49.13295	45.83707
7244	2	49.13295	45.83707
7244	3	53.01081	50.27477
7245	0	47.36985	47.38319
7245	1	49.13295	47.38319
7245	2	49.13295	47.38319
7245	3	47.3568	47.38319
7246	0	48.40123	46.72916
7246	1	49.22551	45.83707
7246	2	49.22551	45.83707
7246	3	48.39399	46.73384
7247	0	48.40123	46.72916
7247	1	49.22551	45.83707
7247	2	49.22551	45.83707
7247	3	48.39399	46.73384
7300	0	46.95817	44.51086
7300	1	51.00771	44.56546
7300	2	51.00771	44.56546
7300	3	46.53515	44.50936
7310	0	55.14711	50.76335
7310	1	61.66798	50.46642
7310	2	61.66798	50.46642
7310	3	54.64634	50.77364
7311	0	53.57285	51.36525
7311	1	61.66798	51.36525
7311	2	61.66798	51.36525
7311	3	53.0669	51.36525
7312	0	54.44307	51.36525
7312	1	61.66798	50.46642
7312	2	61.66798	50.46642
7312	3	53.0669	51.36525
7313	0	62.60596	49.43917
7313	1	61.66798	49.43917
7313	2	61.66798	49.43917
7313	3	62.72082	49.43917
7314	0	55.14711	50.76335
7314	1	61.66798	50.46642
7314	2	61.66798	50.46642
7314	3	54.64634	50.77364
7320	0	41.11909	42.50667
7320	1	47.79713	42.65354
7320	2	47.79713	42.65354
7320	3	40.61805	42.50301
7321	0	43.93176	42.33594
7321	1	47.79713	42.33594
7321	2	47.79713	42.33594
7321	3	43.25174	42.33594
7322	0	38.36977	40.72281
7322	1	47.79713	42.65354
7322	2	47.79713	42.65354
7322	3	38.29861	40.72281
7323	0	45.37739	40.70969
7323	1	47.79713	42.65354
7323	2	47.79713	42.65354
7323	3	45.37739	40.70969
7324	0	45.71767	44.05101
7324	1	47.79713	44.05101
7324	2	47.79713	44.05101
7324	3	45.37739	44.05101
7330	0	49.18978	40.4044
7330	1	47.51254	40.40415
7330	2	47.51254	40.40415
7330	3	49.95768	40.40442
7331	0	49.22428	40.40881
7331	1	47.79713	40.40881
7331	2	47.79713	40.40881
7331	3	49.95768	40.40881
7332	0	48.8764	40.39717
7332	1	36.98241	40.39717
7332	2	36.98241	40.39717
7332	3	49.95768	40.39717
7340	0	47.20593	45.04707
7340	1	51.00771	45.74553
7340	2	51.00771	45.74553
7340	3	47.20593	45.0387
7341	0	47.20593	41.02394
7341	1	51.00771	45.74553
7341	2	51.00771	45.74553
7341	3	47.20593	41.02394
7342	0	47.20593	45.04707
7342	1	51.00771	45.74553
7342	2	51.00771	45.74553
7342	3	47.20593	45.0387
7343	0	47.20593	45.04707
7343	1	51.00771	45.74553
7343	2	51.00771	45.74553
7343	3	47.20593	45.0387
7344	0	47.20593	45.04707
7344	1	51.00771	45.74553
7344	2	51.00771	45.74553
7344	3	47.20593	45.0387
7345	0	47.20593	45.74553
7345	1	51.00771	45.74553
7345	2	51.00771	45.74553
7345	3	47.20593	45.74553
7346	0	47.20593	45.74553
7346	1	51.00771	45.74553
7346	2	51.00771	45.74553
7346	3	47.20593	45.74553
7400	0	40.90249	40.58392
7400	1	40.68346	40.58051
7400	2	40.68346	40.58051
7400	3	40.92333	40.58397
7410	0	41.45252	41.30362
7410	1	41.70262	41.36058
7410	2	41.70262	41.36058
7410	3	41.44678	41.30317
7411	0	44.44782	40.93727
7411	1	44.44782	40.93727
7411	2	44.44782	40.93727
7411	3	44.44782	40.93727
7412	0	40.09637	41.3644
7412	1	40.09637	41.3644
7412	2	40.09637	41.3644
7412	3	40.09637	41.3644
7413	0	39.13346	42.09676
7413	1	41.70262	42.09676
7413	2	41.70262	42.09676
7413	3	39.13346	42.09676
7414	0	39.13346	39.6996
7414	1	39.13346	41.36058
7414	2	39.13346	41.36058
7414	3	39.13346	39.6996
7415	0	41.45252	41.30362
7415	1	41.70262	41.36058
7415	2	41.70262	41.36058
7415	3	41.44678	41.30317
7416	0	41.45252	41.30362
7416	1	41.70262	41.36058
7416	2	41.70262	41.36058
7416	3	41.44678	41.30317
7419	0	41.45252	41.30362
7419	1	41.70262	41.36058
7419	2	41.70262	41.36058
7419	3	41.44678	41.30317
7420	0	40.3713	40.78551
7420	1	40.08465	40.66059
7420	2	40.08465	40.66059
7420	3	40.40352	40.78875
7421	0	40.7415	41.97481
7421	1	40.08465	40.66059
7421	2	40.08465	40.66059
7421	3	40.78477	41.97481
7422	0	40.35036	40.7936
7422	1	40.08465	40.7936
7422	2	40.08465	40.7936
7422	3	40.37784	40.7936
7423	0	39.4805	39.83292
7423	1	40.08465	40.44266
7423	2	40.08465	40.44266
7423	3	39.37735	39.77391
7424	0	41.81444	39.83074
7424	1	40.08465	40.49205
7424	2	40.08465	40.49205
7424	3	43.44919	39.65229
7430	0	42.93118	40.5022
7430	1	44.0387	40.49205
7430	2	44.0387	40.49205
7430	3	42.82037	40.50234
7431	0	42.22203	39.16238
7431	1	44.0387	40.49205
7431	2	44.0387	40.49205
7431	3	42.15348	39.15982
7432	0	40.22854	40.68352
7432	1	44.0387	40.49205
7432	2	44.0387	40.49205
7432	3	40.08156	40.68507
7433	0	44.14621	40.44335
7433	1	44.0387	40.49205
7433	2	44.0387	40.49205
7433	3	44.15571	40.44266
7434	0	43.7725	40.69463
7434	1	44.0387	40.49205
7434	2	44.0387	40.49205
7434	3	43.68376	40.69842
7435	0	41.66975	40.95592
7435	1	44.0387	40.49205
7435	2	44.0387	40.49205
7435	3	41.44247	40.96778
7436	0	41.44247	41.59613
7436	1	44.0387	40.49205
7436	2	44.0387	40.49205
7436	3	41.44247	41.69389
7437	0	41.8271	41.3413
7437	1	44.0387	40.49205
7437	2	44.0387	40.49205
7437	3	41.44247	41.36112
7439	0	42.93118	40.5022
7439	1	44.0387	40.49205
7439	2	44.0387	40.49205
7439	3	42.82037	40.50234
7440	0	39.66376	40.03421
7440	1	38.65323	40.48875
7440	2	38.65323	40.48875
7440	3	39.78105	40.02985
7441	0	39.16043	41.21688
7441	1	38.65323	40.44266
7441	2	38.65323	40.44266
7441	3	39.18579	41.23965
7442	0	39.70002	40.00743
7442	1	38.65323	40.49205
7442	2	38.65323	40.49205
7442	3	39.82684	40.00301
7443	0	39.66376	40.03421
7443	1	38.65323	40.48875
7443	2	38.65323	40.48875
7443	3	39.78105	40.02985
7500	0	42.21964	41.37214
7500	1	39.63766	41.0109
7500	2	39.63766	41.0109
7500	3	42.3635	41.37735
7510	0	42.21964	41.37214
7510	1	39.63766	41.0109
7510	2	39.63766	41.0109
7510	3	42.3635	41.37735
7520	0	42.21964	41.37214
7520	1	39.63766	41.0109
7520	2	39.63766	41.0109
7520	3	42.3635	41.37735
7530	0	42.21964	41.37214
7530	1	39.63766	41.0109
7530	2	39.63766	41.0109
7530	3	42.3635	41.37735
8000	0	44.31096	41.26391
8000	1	47.11488	43.57917
8000	2	47.11488	43.57917
8000	3	44.21463	41.25746
8100	0	41.29259	43.05029
8100	1	37.50047	41.16026
8100	2	37.50047	41.16026
8100	3	41.31364	43.05284
8110	0	39.01346	42.92997
8110	1	37.50047	44.64238
8110	2	37.50047	44.64238
8110	3	39.01346	42.92572
8111	0	39.70964	40.0376
8111	1	37.50047	44.64238
8111	2	37.50047	44.64238
8111	3	39.70964	40.0376
8112	0	43.91251	41.98966
8112	1	37.50047	44.64238
8112	2	37.50047	44.64238
8112	3	43.91251	41.98966
8113	0	38.42811	44.64238
8113	1	37.50047	44.64238
8113	2	37.50047	44.64238
8113	3	38.42811	44.64238
8120	0	42.29028	43.31696
8120	1	37.50047	41.16026
8120	2	37.50047	41.16026
8120	3	42.29028	43.31696
8121	0	43.77871	41.71826
8121	1	37.50047	41.16026
8121	2	37.50047	41.16026
8121	3	43.77871	41.71826
8122	0	42.1146	43.36451
8122	1	37.50047	41.16026
8122	2	37.50047	41.16026
8122	3	42.1146	43.36451
8123	0	42.23848	47.19167
8123	1	37.50047	41.16026
8123	2	37.50047	41.16026
8123	3	42.23848	47.19167
8124	0	39.43866	42.86622
8124	1	37.50047	41.16026
8124	2	37.50047	41.16026
8124	3	39.43866	42.86622
8126	0	42.29028	43.31696
8126	1	37.50047	41.16026
8126	2	37.50047	41.16026
8126	3	42.29028	43.31696
8129	0	42.29028	43.31696
8129	1	37.50047	41.16026
8129	2	37.50047	41.16026
8129	3	42.29028	43.31696
8130	0	39.02371	40.37917
8130	1	38.90328	40.42237
8130	2	38.90328	40.42237
8130	3	39.02772	40.37879
8131	0	39.12854	40.30691
8131	1	38.90328	40.42237
8131	2	38.90328	40.42237
8131	3	39.12854	40.30691
8139	0	38.90328	40.42237
8139	1	38.90328	40.42237
8139	2	38.90328	40.42237
8139	3	38.90328	40.42237
8140	0	36.4908	40.76056
8140	1	35.91693	40.62964
8140	2	35.91693	40.62964
8140	3	36.50658	40.76086
8141	0	35.91693	40.62964
8141	1	35.91693	40.62964
8141	2	35.91693	40.62964
8141	3	35.91693	40.62964
8142	0	41.37985	41.04582
8142	1	35.91693	40.62964
8142	2	35.91693	40.62964
8142	3	41.37985	41.04582
8143	0	41.10149	41.04582
8143	1	35.91693	40.62964
8143	2	35.91693	40.62964
8143	3	41.10149	41.04582
8149	0	36.4908	40.76056
8149	1	35.91693	40.62964
8149	2	35.91693	40.62964
8149	3	36.50658	40.76086
8150	0	44.81726	43.48671
8150	1	37.50047	41.16026
8150	2	37.50047	41.16026
8150	3	44.81726	43.48671
8151	0	42.05383	39.87473
8151	1	37.50047	41.16026
8151	2	37.50047	41.16026
8151	3	42.05383	39.87473
8152	0	42.23026	41.26708
8152	1	37.50047	41.16026
8152	2	37.50047	41.16026
8152	3	42.23026	41.26708
8153	0	42.23026	43.77358
8153	1	37.50047	41.16026
8153	2	37.50047	41.16026
8153	3	42.23026	43.77358
8154	0	44.50069	43.77358
8154	1	37.50047	41.16026
8154	2	37.50047	41.16026
8154	3	44.50069	43.77358
8155	0	48.57959	45.07311
8155	1	37.50047	41.16026
8155	2	37.50047	41.16026
8155	3	48.57959	45.07311
8159	0	42.34916	42.67764
8159	1	37.50047	41.16026
8159	2	37.50047	41.16026
8159	3	42.34916	42.67764
8160	0	43.60811	44.41116
8160	1	43.89859	41.16026
8160	2	43.89859	41.16026
8160	3	43.60753	44.41116
8161	0	43.10739	44.38667
8161	1	43.10739	41.16026
8161	2	43.10739	41.16026
8161	3	43.10739	44.38667
8162	0	46.28948	44.38667
8162	1	43.89859	41.16026
8162	2	43.89859	41.16026
8162	3	46.28948	44.38667
8163	0	45.87659	44.54636
8163	1	45.87659	41.16026
8163	2	45.87659	41.16026
8163	3	45.87659	44.54636
8164	0	43.60811	44.41116
8164	1	43.89859	41.16026
8164	2	43.89859	41.16026
8164	3	43.60753	44.41116
8170	0	43.45747	44.01857
8170	1	37.50047	41.16026
8170	2	37.50047	41.16026
8170	3	43.45747	44.01857
8171	0	43.45747	44.01857
8171	1	37.50047	41.16026
8171	2	37.50047	41.16026
8171	3	43.45747	44.01857
8172	0	43.45747	44.01857
8172	1	37.50047	41.16026
8172	2	37.50047	41.16026
8172	3	43.45747	44.01857
8180	0	41.29259	43.05029
8180	1	37.50047	41.16026
8180	2	37.50047	41.16026
8180	3	41.31364	43.05284
8200	0	45.16638	40.79041
8200	1	48.26466	42.16512
8200	2	48.26466	42.16512
8200	3	45.07232	40.78764
8210	0	41.89828	43.01551
8210	1	48.26466	42.16512
8210	2	48.26466	42.16512
8210	3	41.89828	43.01551
8211	0	43.45747	44.01857
8211	1	48.26466	42.16512
8211	2	48.26466	42.16512
8211	3	43.45747	44.01857
8212	0	39.15988	41.46982
8212	1	48.26466	42.16512
8212	2	48.26466	42.16512
8212	3	39.15988	41.46982
8219	0	41.89828	43.01551
8219	1	48.26466	42.16512
8219	2	48.26466	42.16512
8219	3	41.89828	43.01551
8220	0	43.55534	41.80707
8220	1	42.70161	42.16512
8220	2	42.70161	42.16512
8220	3	43.55825	41.80707
8221	0	45.18358	42.1972
8221	1	42.70161	42.16512
8221	2	42.70161	42.16512
8221	3	45.18358	42.1972
8222	0	44.08336	41.32845
8222	1	42.70161	42.16512
8222	2	42.70161	42.16512
8222	3	44.08336	41.32845
8223	0	42.70161	41.52081
8223	1	42.70161	42.16512
8223	2	42.70161	42.16512
8223	3	42.70161	41.52081
8224	0	44.81339	41.52081
8224	1	42.70161	42.16512
8224	2	42.70161	42.16512
8224	3	44.81339	41.52081
8225	0	43.55534	41.80707
8225	1	42.70161	42.16512
8225	2	42.70161	42.16512
8225	3	43.55825	41.80707
8226	0	43.55534	41.80707
8226	1	42.70161	42.16512
8226	2	42.70161	42.16512
8226	3	43.55825	41.80707
8229	0	44.81339	42.8707
8229	1	42.70161	42.16512
8229	2	42.70161	42.16512
8229	3	44.81339	42.8707
8230	0	41.69706	41.10213
8230	1	38.44808	39.90975
8230	2	38.44808	39.90975
8230	3	41.83073	41.10463
8231	0	40.28141	39.90975
8231	1	38.44808	39.90975
8231	2	38.44808	39.90975
8231	3	40.40558	39.90975
8232	0	43.72049	41.58539
8232	1	38.44808	39.90975
8232	2	38.44808	39.90975
8232	3	43.74876	41.58539
8240	0	39.89591	41.35257
8240	1	38.44808	41.35257
8240	2	38.44808	41.35257
8240	3	39.96859	41.35257
8250	0	50.97097	47.14217
8250	1	49.62764	40.59685
8250	2	49.62764	40.59685
8250	3	50.98502	47.15634
8251	0	50.98502	47.49026
8251	1	50.98502	40.59685
8251	2	50.98502	40.59685
8251	3	50.98502	47.49026
8252	0	50.98502	45.2864
8252	1	49.62764	40.59685
8252	2	49.62764	40.59685
8252	3	50.98502	45.2864
8253	0	50.81949	45.20691
8253	1	44.19808	40.59685
8253	2	44.19808	40.59685
8253	3	50.98502	45.2864
8254	0	50.97097	47.14217
8254	1	49.62764	40.59685
8254	2	49.62764	40.59685
8254	3	50.98502	47.15634
8255	0	50.97097	47.14217
8255	1	49.62764	40.59685
8255	2	49.62764	40.59685
8255	3	50.98502	47.15634
8260	0	42.78387	40.11847
8260	1	37.9705	42.16512
8260	2	37.9705	42.16512
8260	3	42.78903	40.11847
8261	0	43.70398	42.42509
8261	1	37.9705	42.16512
8261	2	37.9705	42.16512
8261	3	43.70398	42.42509
8262	0	43.70398	40.97544
8262	1	37.9705	42.16512
8262	2	37.9705	42.16512
8262	3	43.70398	40.97544
8263	0	43.70398	40.23711
8263	1	37.9705	42.16512
8263	2	37.9705	42.16512
8263	3	43.70398	40.23711
8264	0	37.9705	41.65688
8264	1	37.9705	42.16512
8264	2	37.9705	42.16512
8264	3	37.9705	41.65688
8265	0	37.9705	40.75246
8265	1	37.9705	42.16512
8265	2	37.9705	42.16512
8265	3	37.9705	40.75246
8266	0	42.64558	39.62461
8266	1	37.9705	42.16512
8266	2	37.9705	42.16512
8266	3	42.64558	39.62461
8267	0	42.78387	40.11847
8267	1	37.9705	42.16512
8267	2	37.9705	42.16512
8267	3	42.78903	40.11847
8269	0	37.9705	40.65094
8269	1	37.9705	42.16512
8269	2	37.9705	42.16512
8269	3	37.9705	40.65094
8270	0	43.92923	41.16813
8270	1	48.98036	44.46528
8270	2	48.98036	44.46528
8270	3	43.72879	41.13128
8271	0	43.14846	38.80927
8271	1	48.98036	44.46528
8271	2	48.98036	44.46528
8271	3	43.14846	38.80927
8272	0	39.94788	41.23854
8272	1	48.98036	44.46528
8272	2	48.98036	44.46528
8272	3	39.94788	41.23854
8273	0	41.62926	45.82405
8273	1	49.09158	45.82405
8273	2	49.09158	45.82405
8273	3	40.82124	45.82405
8274	0	42.29182	40.70695
8274	1	48.98036	44.46528
8274	2	48.98036	44.46528
8274	3	42.29182	40.70695
8275	0	46.64582	42.64596
8275	1	48.98036	44.46528
8275	2	48.98036	44.46528
8275	3	46.64582	42.64596
8276	0	46.64582	41.47597
8276	1	48.98036	44.46528
8276	2	48.98036	44.46528
8276	3	46.64582	41.47597
8277	0	43.92923	41.16813
8277	1	48.98036	44.46528
8277	2	48.98036	44.46528
8277	3	43.72879	41.13128
8278	0	47.5623	41.47597
8278	1	47.5623	41.47597
8278	2	47.5623	41.47597
8278	3	47.5623	41.47597
8279	0	46.64582	43.89637
8279	1	48.98036	44.46528
8279	2	48.98036	44.46528
8279	3	46.64582	43.89637
8280	0	54.05167	41.05846
8280	1	56.91133	40.59685
8280	2	56.91133	40.59685
8280	3	53.86023	41.05997
8281	0	44.94069	41.64117
8281	1	58.42295	40.59685
8281	2	58.42295	40.59685
8281	3	44.54416	41.64117
8282	0	50.47462	43.76279
8282	1	58.42295	40.59685
8282	2	58.42295	40.59685
8282	3	50.37526	43.76279
8283	0	61.23661	44.42608
8283	1	58.42295	40.59685
8283	2	58.42295	40.59685
8283	3	61.56569	44.42608
8284	0	44.54416	39.51138
8284	1	56.91133	40.59685
8284	2	56.91133	40.59685
8284	3	44.54416	39.51138
8285	0	45.2306	40.59685
8285	1	45.2306	40.59685
8285	2	45.2306	40.59685
8285	3	45.2306	40.59685
8286	0	45.2306	40.59685
8286	1	45.2306	40.59685
8286	2	45.2306	40.59685
8286	3	45.2306	40.59685
8287	0	49.72178	41.49104
8287	1	56.91133	40.59685
8287	2	56.91133	40.59685
8287	3	49.72178	41.49104
8290	0	47.94656	41.69132
8290	1	47.94656	42.16512
8290	2	47.94656	42.16512
8290	3	47.94656	41.69132
8300	0	44.64484	42.31133
8300	1	47.34599	46.36724
8300	2	47.34599	46.36724
8300	3	44.51126	42.23901
8310	0	43.28049	42.5613
8310	1	47.34599	46.36724
8310	2	47.34599	46.36724
8310	3	43.28049	42.5613
8311	0	46.83381	42.5613
8311	1	47.34599	46.36724
8311	2	47.34599	46.36724
8311	3	46.83381	42.5613
8312	0	40.02055	42.5613
8312	1	47.34599	46.36724
8312	2	47.34599	46.36724
8312	3	40.02055	42.5613
8313	0	43.28049	42.5613
8313	1	47.34599	46.36724
8313	2	47.34599	46.36724
8313	3	43.28049	42.5613
8314	0	43.28049	42.5613
8314	1	47.34599	46.36724
8314	2	47.34599	46.36724
8314	3	43.28049	42.5613
8320	0	46.26289	46.89516
8320	1	49.20708	47.51389
8320	2	49.20708	47.51389
8320	3	46.09544	46.8607
8321	0	48.14051	48.66673
8321	1	50.74422	47.51389
8321	2	50.74422	47.51389
8321	3	48.07622	48.66673
8322	0	48.38139	48.66673
8322	1	50.74422	48.66673
8322	2	50.74422	48.66673
8322	3	48.17518	48.66673
8323	0	44.66896	43.78876
8323	1	42.75074	47.51389
8323	2	42.75074	47.51389
8323	3	44.72244	43.78876
8324	0	44.24583	45.71199
8324	1	45.78345	40.59685
8324	2	45.78345	40.59685
8324	3	44.19808	45.87879
8325	0	46.26289	46.89516
8325	1	49.20708	47.51389
8325	2	49.20708	47.51389
8325	3	46.09544	46.8607
8326	0	46.26289	46.89516
8326	1	49.20708	47.51389
8326	2	49.20708	47.51389
8326	3	46.09544	46.8607
8330	0	36.2965	39.80819
8330	1	35.48791	39.77245
8330	2	35.48791	39.77245
8330	3	36.33311	39.80838
8331	0	33.80106	39.85865
8331	1	34.86662	39.85865
8331	2	34.86662	39.85865
8331	3	33.71818	39.85865
8332	0	37.07089	39.85865
8332	1	45.78345	39.77245
8332	2	45.78345	39.77245
8332	3	36.93475	39.85865
8333	0	39.99418	39.85865
8333	1	45.78345	39.77245
8333	2	45.78345	39.77245
8333	3	39.96862	39.85865
8334	0	39.73532	39.51385
8334	1	45.78345	39.51385
8334	2	45.78345	39.51385
8334	3	39.71317	39.51385
8340	0	52.56171	48.66673
8340	1	52.56171	48.66673
8340	2	52.56171	48.66673
8340	3	52.56171	48.66673
8400	0	44.31096	41.26391
8400	1	47.11488	43.57917
8400	2	47.11488	43.57917
8400	3	44.21463	41.25746
8888	0	49.19251	48.66673
8888	3	49.19251	48.66673
9000	0	37.99185	39.56935
9000	1	35.56108	37.3806
9000	2	35.56108	37.3806
9000	3	38.21903	39.68424
9100	0	39.61451	39.43878
9100	1	41.99585	37.50297
9100	2	41.99585	37.50297
9100	3	39.49087	39.55244
9110	0	46.57756	44.396
9110	1	45.38601	42.94386
9110	2	45.38601	42.94386
9110	3	49.13573	45.44514
9111	0	46.57756	44.396
9111	1	45.38601	42.94386
9111	2	45.38601	42.94386
9111	3	49.13573	45.44514
9112	0	46.57756	44.396
9112	1	45.38601	42.94386
9112	2	45.38601	42.94386
9112	3	49.13573	45.44514
9113	0	46.57756	44.396
9113	1	45.38601	42.94386
9113	2	45.38601	42.94386
9113	3	49.13573	45.44514
9114	0	46.57756	44.396
9114	1	45.38601	42.94386
9114	2	45.38601	42.94386
9114	3	49.13573	45.44514
9120	0	31.44425	36.38741
9120	1	31.44425	38.7638
9120	2	31.44425	38.7638
9120	3	39.49087	35.59528
9129	0	31.44425	36.38741
9129	1	31.44425	38.7638
9129	2	31.44425	38.7638
9129	3	39.49087	35.59528
9130	0	38.25104	38.31408
9130	1	31.44425	34.60997
9130	2	31.44425	34.60997
9130	3	38.6615	38.51164
9131	0	34.60185	35.33226
9131	1	31.44425	34.5843
9131	2	31.44425	34.5843
9131	3	37.51017	35.59528
9132	0	37.38359	38.729
9132	1	31.44425	34.17705
9132	2	31.44425	34.17705
9132	3	37.51017	38.7638
9133	0	43.70249	40.44591
9133	1	31.44425	40.44591
9133	2	31.44425	40.44591
9133	3	43.70249	40.44591
9134	0	38.25104	38.31408
9134	1	31.44425	34.60997
9134	2	31.44425	34.60997
9134	3	38.6615	38.51164
9140	0	38.08564	40.46907
9140	1	31.44425	40.47869
9140	2	31.44425	40.47869
9140	3	38.32014	40.46899
9141	0	37.608	40.51714
9141	1	31.44425	40.51714
9141	2	31.44425	40.51714
9141	3	37.88414	40.51714
9142	0	39.94217	40.0172
9142	1	31.44425	40.0172
9142	2	31.44425	40.0172
9142	3	39.94217	40.0172
9143	0	38.08564	40.46907
9143	1	31.44425	40.47869
9143	2	31.44425	40.47869
9143	3	38.32014	40.46899
9144	0	38.08564	40.46907
9144	1	31.44425	40.47869
9144	2	31.44425	40.47869
9144	3	38.32014	40.46899
9150	0	39.70909	44.09787
9150	1	31.44425	38.7638
9150	2	31.44425	38.7638
9150	3	39.74961	44.11062
9151	0	58.99854	44.30371
9151	1	31.44425	38.7638
9151	2	31.44425	38.7638
9151	3	58.99854	44.30371
9152	0	39.30392	42.72041
9152	1	31.44425	38.7638
9152	2	31.44425	38.7638
9152	3	39.34355	42.73314
9153	0	52.05193	49.1997
9153	1	31.44425	38.7638
9153	2	31.44425	38.7638
9153	3	52.05193	49.1997
9154	0	39.70909	44.09787
9154	1	31.44425	38.7638
9154	2	31.44425	38.7638
9154	3	39.74961	44.11062
9159	0	39.70909	44.09787
9159	1	31.44425	38.7638
9159	2	31.44425	38.7638
9159	3	39.74961	44.11062
9160	0	36.36164	36.4874
9160	1	31.44425	36.82922
9160	2	31.44425	36.82922
9160	3	36.47709	36.48413
9161	0	36.2989	35.86193
9161	1	31.44425	35.86193
9161	2	31.44425	35.86193
9161	3	36.36974	35.86193
9162	0	36.84995	42.0385
9162	1	31.44425	38.7638
9162	2	31.44425	38.7638
9162	3	37.38166	42.14413
9169	0	36.36164	36.4874
9169	1	31.44425	36.82922
9169	2	31.44425	36.82922
9169	3	36.47709	36.48413
9200	0	34.33623	37.68458
9200	1	32.9598	36.31897
9200	2	32.9598	36.31897
9200	3	34.71705	37.86266
9210	0	34.33623	37.68458
9210	1	32.9598	36.31897
9210	2	32.9598	36.31897
9210	3	34.71705	37.86266
9211	0	34.48257	37.68142
9211	1	32.98499	36.31897
9211	2	32.98499	36.31897
9211	3	34.90773	37.86266
9212	0	32.53906	37.86266
9212	1	32.53906	36.31897
9212	2	32.53906	36.31897
9212	3	32.53906	37.86266
9213	0	34.33623	37.68458
9213	1	32.9598	36.31897
9213	2	32.9598	36.31897
9213	3	34.71705	37.86266
9300	0	38.05273	40.6321
9300	1	34.84856	40.81807
9300	2	34.84856	40.81807
9300	3	38.27542	40.63007
9310	0	35.93283	40.71078
9310	1	35.90117	41.00677
9310	2	35.90117	41.00677
9310	3	35.93533	40.69325
9311	0	38.59824	41.1653
9311	1	35.90117	41.00677
9311	2	35.90117	41.00677
9311	3	38.59824	41.1653
9312	0	35.76323	40.91225
9312	1	35.76323	42.5613
9312	2	35.76323	42.5613
9312	3	35.76323	40.83259
9313	0	35.6231	40.43102
9313	1	35.92156	40.43102
9313	2	35.92156	40.43102
9313	3	35.59134	40.43102
9315	0	35.93283	40.71078
9315	1	35.90117	41.00677
9315	2	35.90117	41.00677
9315	3	35.93533	40.69325
9320	0	39.91718	40.55824
9320	1	35.92156	40.55824
9320	2	35.92156	40.55824
9320	3	40.03431	40.55824
9321	0	39.91718	40.55824
9321	1	35.92156	40.55824
9321	2	35.92156	40.55824
9321	3	40.03431	40.55824
9322	0	39.91718	40.55824
9322	1	35.92156	40.55824
9322	2	35.92156	40.55824
9322	3	40.03431	40.55824
9323	0	39.91718	40.55824
9323	1	35.92156	40.55824
9323	2	35.92156	40.55824
9323	3	40.03431	40.55824
9330	0	38.47814	40.72695
9330	1	34.05978	40.72695
9330	2	34.05978	40.72695
9330	3	38.84585	40.72695
9331	0	38.47814	40.72695
9331	1	34.05978	40.72695
9331	2	34.05978	40.72695
9331	3	38.84585	40.72695
9332	0	38.47814	40.72695
9332	1	34.05978	40.72695
9332	2	34.05978	40.72695
9332	3	38.84585	40.72695
9333	0	38.47814	40.72695
9333	1	34.05978	40.72695
9333	2	34.05978	40.72695
9333	3	38.84585	40.72695
9334	0	38.47814	40.72695
9334	1	34.05978	40.72695
9334	2	34.05978	40.72695
9334	3	38.84585	40.72695
9339	0	38.47814	40.72695
9339	1	34.05978	40.72695
9339	2	34.05978	40.72695
9339	3	38.84585	40.72695
