hisco	hiscam	orig
1100	66.64	1
1110	66.64	1
1190	66.64	1
1200	66.64	0
1210	66.64	0
1300	66.64	0
1340	66.64	0
1400	66.64	1
1420	66.64	0
1430	66.64	0
2000	66.78	1
2100	66.65	0
2120	66.00	1
2130	69.61	1
2140	66.65	0
2200	66.65	0
2210	65.00	1
2220	66.65	0
2230	66.65	0
2240	66.65	0
2245	66.65	0
2255	66.65	0
2290	70.49	1
2300	66.65	0
2305	63.66	1
2310	66.65	0
2400	66.65	0
2410	66.65	0
2430	66.65	0
2450	66.65	0
2460	66.65	0
2510	66.65	0
2620	66.65	0
2700	66.65	0
2710	66.65	0
2740	66.65	0
2900	64.93	1
2930	66.65	0
2990	66.65	0
3000	65.45	1
3010	65.45	1
3020	64.70	1
3022	66.65	0
3030	66.65	0
3040	66.65	0
3090	66.65	0
3100	64.08	1
3110	64.08	1
3120	66.65	0
3130	66.65	0
3140	66.65	0
3150	66.65	0
3160	66.65	0
3170	66.65	0
3180	66.65	0
3200	66.78	1
3300	63.66	1
3310	63.66	1
3320	66.65	0
3330	66.65	0
3340	66.65	0
3390	66.65	0
3405	66.65	0
3490	66.65	0
3510	66.65	0
3520	66.65	0
3540	66.65	0
3550	66.65	0
3590	66.65	0
3620	66.65	0
3720	66.65	0
3930	66.65	0
4100	61.88	1
4120	61.88	1
4125	61.88	1
4130	61.88	1
4140	61.88	1
4200	61.88	1
4215	61.88	1
4217	61.88	0
4220	61.88	1
4230	61.88	1
4240	61.88	1
4250	61.88	0
4290	61.88	0
4320	61.88	0
5100	65.00	1
5110	65.00	1
5120	65.00	0
5190	65.00	0
5230	65.00	0
5260	65.00	0
5320	65.00	0
5330	65.00	0
5340	65.00	0
5360	65.00	0
5390	65.00	0
5400	65.00	0
5420	65.00	0
6100	74.11	1
6105	74.11	1
6110	74.11	1
6120	74.11	1
6130	74.11	1
6140	74.11	1
6190	74.11	1
6210	65.00	1
6300	65.00	1
6310	74.11	1
6320	72.68	0
6420	65.00	0
6500	74.11	1
6510	74.11	1
6520	72.68	0
6590	72.68	0
6700	66.41	1
6710	66.41	1
6810	65.00	0
6910	65.00	0
6990	65.00	0
7100	65.00	1
7110	65.00	1
7130	65.00	1
7200	67.96	0
7210	65.00	0
7300	67.96	0
7310	65.00	0
7410	65.00	0
7500	67.96	0
7520	72.68	0
7530	74.11	1
7600	67.96	0
7620	65.00	0
7640	65.00	0
7900	67.96	0
7920	65.00	0
7930	65.00	0
7990	65.00	0
8110	65.00	0
8130	65.00	0
8200	65.00	0
8220	65.00	0
8230	65.00	0
8250	65.00	0
8490	65.00	0
9010	65.00	0
9150	65.00	0
9999	65.00	0
11000	65.00	1
11010	65.00	1
11020	65.00	0
12000	75.48	1
12100	75.48	0
12110	75.48	1
12200	75.48	0
12210	75.48	1
12310	75.48	0
12400	75.48	1
12410	75.48	1
12900	75.48	1
12910	75.48	1
13000	65.74	1
13020	49.87	1
13030	61.79	0
13100	71.37	1
13130	71.37	0
13140	71.37	0
13170	71.37	0
13175	71.37	0
13190	71.37	0
13200	65.74	1
13215	65.74	0
13220	65.74	0
13230	65.74	0
13250	65.74	1
13260	65.74	0
13270	65.74	0
13275	65.74	0
13280	65.74	0
13290	65.74	0
13320	65.74	0
13390	65.74	1
13420	72.52	0
13490	72.52	0
13590	72.52	0
13900	72.52	0
13940	72.79	1
13950	70.02	1
13960	72.52	0
13990	72.76	1
14100	74.23	0
14120	74.23	0
14120	74.23	1
14130	74.23	1
14140	74.23	0
14190	74.23	0
14990	74.23	1
15120	71.93	0
15120	71.93	1
15900	71.93	1
15915	71.93	1
15920	71.93	0
15920	71.93	1
15930	71.93	0
15945	71.93	0
15950	71.93	0
15960	71.93	0
15990	71.93	0
16000	59.83	0
16100	59.83	1
16120	59.83	0
16120	59.83	1
16130	59.83	1
16150	59.83	0
16160	59.83	1
16190	59.83	0
16200	59.83	1
16220	59.83	0
16230	59.83	1
16240	59.83	0
16250	59.83	1
16300	59.83	0
16310	59.83	1
16350	59.83	0
16360	59.83	0
17000	57.63	0
17100	57.71	1
17120	57.71	1
17130	57.63	0
17135	57.63	0
17140	57.57	1
17145	57.27	1
17150	57.63	0
17190	57.63	0
17200	57.63	0
17220	57.63	0
17230	57.63	0
17300	57.63	0
17320	57.63	0
17340	57.63	0
17420	57.63	0
17490	57.63	0
17530	58.07	1
17540	58.07	1
17590	58.07	1
17900	57.63	0
17920	57.63	0
17940	57.63	0
17990	57.32	1
18000	57.63	0
18020	57.63	0
18050	57.63	0
18090	57.63	0
19100	65.00	0
19120	65.00	0
19130	65.00	0
19140	65.00	0
19190	65.00	0
19200	65.00	0
19250	65.00	0
19290	65.00	0
19300	65.00	0
19320	65.00	0
19390	65.00	0
19400	65.00	0
19420	65.00	0
19430	65.00	0
19490	65.00	0
19500	65.00	0
19520	65.00	0
19530	65.00	0
19540	65.00	0
19900	65.00	0
19950	65.00	0
19960	65.00	0
19990	65.00	1
20100	67.66	1
20110	67.66	1
20200	70.40	1
20210	70.40	1
21000	58.62	1
21100	54.41	1
21110	54.41	1
21200	58.63	0
21220	58.71	1
21230	58.62	1
21240	47.03	1
21300	58.62	1
21320	58.62	0
21340	58.62	1
21420	58.62	1
21430	58.62	0
21490	58.62	0
21900	59.65	0
21940	58.71	1
21950	58.63	0
21960	58.71	1
21970	58.63	0
21980	58.63	0
21990	66.46	1
22000	54.23	1
22100	49.81	0
22110	54.23	0
22190	54.23	1
22200	49.81	0
22210	60.76	1
22220	60.76	1
22230	60.76	0
22235	60.76	0
22240	60.76	1
22245	60.76	0
22250	60.76	0
22265	60.76	0
22275	60.76	0
22280	60.76	0
22290	60.76	1
22300	49.81	0
22320	54.23	0
22330	54.23	0
22390	54.23	0
22420	54.23	0
22425	54.23	0
22430	54.23	0
22440	54.23	0
22450	54.23	0
22460	54.23	0
22490	54.23	1
22520	39.76	1
22600	41.30	0
22610	43.65	1
22620	41.30	0
22630	41.30	0
22640	41.30	0
22650	41.54	1
22651	41.30	0
22655	41.30	0
22660	41.30	0
22665	41.30	0
22670	41.89	1
22675	40.53	1
22680	40.85	1
22690	41.25	1
30000	58.68	1
31000	68.96	1
31020	58.68	1
31030	58.68	1
31040	60.36	0
31040	61.50	1
31090	60.36	0
31940	60.36	0
32100	58.68	1
32110	58.68	1
32120	60.36	0
32140	60.36	0
32190	60.36	0
32220	60.36	0
33000	62.87	1
33100	62.87	1
33110	62.87	1
33120	65.18	1
33130	65.18	1
33135	65.18	1
33140	65.18	1
33150	65.18	1
33160	65.18	1
33170	65.18	1
33190	65.18	1
33900	60.36	0
33920	60.36	0
33930	60.36	0
33940	58.68	1
33990	60.02	1
34120	52.15	0
34230	52.15	0
36000	54.72	1
36020	54.72	1
36040	54.72	1
36090	52.15	0
37000	54.72	1
37010	52.15	0
37020	54.72	1
37030	40.84	1
37040	54.72	1
37090	54.72	1
38000	54.72	1
38020	52.15	0
38030	52.15	0
38040	54.72	1
38090	52.15	0
39100	57.45	1
39110	57.45	1
39120	57.45	1
39130	57.45	1
39140	57.45	1
39150	57.45	1
39190	57.45	1
39230	60.36	0
39310	58.68	1
39320	58.68	1
39340	58.68	1
39350	60.36	0
39390	60.36	0
39410	60.36	0
39440	60.36	0
39490	60.36	0
39520	60.36	0
39530	60.36	0
39900	60.36	0
39940	60.36	0
39960	58.68	1
39990	58.68	1
41000	58.04	0
41020	52.81	1
41025	60.32	1
41030	50.04	1
41035	58.04	0
41040	60.32	1
41525	57.26	0
42200	59.88	1
42220	59.88	1
42230	59.88	1
43100	62.73	0
43120	62.73	0
43200	59.88	1
43220	59.88	1
43230	59.88	1
43290	62.73	0
44100	62.73	0
44120	55.06	1
44130	79.49	1
44140	59.88	1
44190	59.88	1
44200	62.73	0
44220	62.73	0
44230	59.88	1
44300	62.73	0
44320	65.72	1
44330	62.73	0
45100	53.31	0
45120	53.31	0
45125	51.80	1
45130	53.33	1
45140	53.31	0
45150	53.31	0
45190	55.50	1
45220	46.09	1
45225	53.31	0
45230	51.74	1
45240	53.31	0
45250	53.31	0
45290	53.31	0
49020	53.31	0
49030	53.31	0
49090	63.02	1
51000	57.52	1
51020	53.50	1
51030	57.52	1
51040	60.56	1
51050	41.20	1
51090	57.52	1
52000	55.22	1
52290	57.26	0
53100	55.22	1
53120	55.22	0
53130	55.22	1
53140	55.22	0
53150	55.22	0
53190	55.22	0
53200	49.82	1
53210	49.82	1
53220	49.82	1
53240	49.82	1
53250	49.82	1
53290	49.82	1
53330	49.50	0
54000	48.43	1
54010	48.43	1
54020	48.43	1
54030	48.43	1
54035	49.50	0
54040	49.50	0
54050	48.43	1
54055	49.50	0
54060	49.50	0
54090	48.43	1
55100	58.57	1
55120	49.50	0
55125	49.50	0
55130	48.43	1
55140	48.43	1
55190	49.50	0
55200	49.50	0
55220	49.50	0
55220	49.50	0
55230	49.50	0
55230	49.50	0
55240	48.43	1
55290	54.89	1
56000	48.43	1
56010	48.43	1
56030	49.50	0
56030	48.43	1
56040	48.43	1
56050	48.43	1
56060	48.43	1
56065	48.43	1
56070	48.43	1
56090	48.43	1
57000	54.14	1
57025	54.14	1
57030	54.14	0
57030	54.14	1
57070	54.14	1
57090	54.14	1
58100	55.89	1
58110	55.89	1
58200	54.29	1
58220	44.68	1
58225	57.52	0
58230	57.52	0
58240	57.52	0
58300	57.72	1
58320	79.41	1
58320	57.52	0
58330	40.53	1
58340	38.71	1
58490	57.52	0
58900	57.52	0
58920	57.52	0
58930	57.52	0
58930	55.32	1
58940	55.10	1
58990	57.15	1
59100	55.22	0
59200	55.22	0
59220	55.22	1
59230	55.22	0
59290	55.22	1
59900	55.22	0
59920	55.22	0
59940	55.22	1
59950	55.22	0
59990	55.22	1
71100	39.48	0
71105	33.20	1
71110	47.23	1
71120	39.48	0
71125	39.48	0
71130	39.48	0
71150	39.48	0
71160	39.48	0
71170	39.48	0
71190	54.08	1
71200	39.48	0
71220	33.20	1
71250	39.48	0
71290	39.48	0
71300	39.48	0
71380	39.48	0
71390	39.48	0
72000	29.77	1
72100	42.15	1
72120	43.27	0
72130	43.27	0
72160	43.27	0
72170	43.27	0
72190	32.56	1
72200	44.67	1
72220	43.27	0
72230	43.27	0
72250	43.27	0
72260	43.27	0
72290	43.27	0
72320	43.27	0
72330	43.27	0
72390	43.27	0
72400	43.27	0
72420	46.65	1
72490	46.65	1
72500	46.65	1
72520	43.27	0
72530	43.27	0
72540	43.27	0
72555	43.27	0
72560	43.27	0
72590	43.27	0
72600	43.27	0
72620	43.27	0
72630	43.27	0
72640	43.27	0
72700	43.27	0
72725	46.65	1
72730	43.27	0
72740	43.27	0
72790	46.65	1
72800	43.27	0
72820	43.27	0
72830	43.27	0
72890	46.65	1
72900	43.27	0
72930	43.27	0
72940	43.27	0
72980	46.65	1
72990	51.38	1
73100	48.32	0
73130	48.32	0
73200	47.96	1
73210	47.96	1
73240	47.96	1
73270	47.96	1
73290	47.96	1
73320	48.32	0
73350	48.32	0
73360	48.32	0
73390	48.32	0
73400	49.52	1
73430	49.52	1
73460	49.52	1
73490	49.52	1
74100	48.00	1
74120	48.00	0
74140	48.00	0
74200	48.00	1
74220	48.00	1
74240	48.00	1
74400	48.00	0
74470	48.00	1
74490	48.00	0
74500	48.00	0
74900	48.00	1
74910	48.00	1
74920	48.00	1
74925	48.00	1
74930	48.00	1
74990	48.00	1
75000	45.72	1
75100	54.57	1
75115	54.57	1
75120	54.57	1
75130	54.57	1
75135	54.57	1
75140	54.57	1
75145	54.57	1
75150	54.57	1
75155	54.57	1
75190	54.57	1
75220	51.57	1
75230	51.57	1
75240	51.57	1
75250	51.57	1
75290	51.57	1
75300	48.47	0
75320	48.47	0
75340	48.47	0
75350	48.47	0
75390	48.47	0
75400	45.72	1
75415	48.47	0
75420	48.47	0
75422	48.47	0
75430	48.47	0
75432	41.17	1
75435	48.47	0
75440	48.47	0
75445	48.47	0
75450	48.47	0
75452	48.47	0
75455	48.47	0
75457	48.47	0
75465	45.72	1
75470	48.47	0
75475	48.47	0
75490	30.32	1
75500	58.30	1
75520	48.47	0
75530	45.72	1
75535	48.47	0
75540	48.47	0
75590	48.47	0
75600	50.96	1
75615	50.96	1
75620	50.96	1
75622	50.96	1
75625	50.96	1
75635	50.96	1
75650	50.96	1
75655	50.96	1
75660	50.96	1
75670	50.96	1
75690	50.96	1
75700	48.47	0
75710	50.21	1
75720	48.47	0
75922	48.47	0
75925	48.47	0
75990	56.01	1
76100	54.74	1
76125	54.74	1
76130	54.74	1
76132	54.74	1
76145	54.74	1
76150	54.74	1
76155	54.74	1
76190	54.74	1
76200	48.47	0
76220	48.47	0
76230	48.47	0
76290	48.47	0
77100	50.99	0
77120	36.62	1
77140	50.99	0
77190	57.83	1
77200	50.99	0
77250	50.99	0
77260	50.99	0
77290	50.82	1
77300	50.99	0
77310	50.82	1
77320	50.82	1
77330	50.99	0
77340	50.99	0
77390	50.82	1
77410	50.99	0
77415	50.99	0
77440	50.99	0
77450	50.99	0
77460	50.99	0
77490	50.99	0
77500	50.82	1
77510	50.82	1
77530	50.82	1
77540	50.82	1
77590	50.82	1
77600	50.99	0
77610	39.64	1
77620	50.99	0
77630	50.99	0
77640	50.99	0
77650	50.99	0
77660	50.82	1
77690	58.15	1
77700	50.99	0
77750	50.99	0
77790	50.99	0
77800	50.84	1
77810	50.84	1
77820	50.84	1
77830	50.84	1
77835	50.84	1
77840	50.84	1
77850	50.84	1
77860	50.84	1
77870	50.84	1
77880	50.84	1
77890	50.84	1
77900	50.99	0
77920	50.82	1
77940	50.99	0
77990	50.99	0
78100	50.82	1
78120	50.99	0
78130	50.99	0
78155	50.82	1
78170	50.99	0
78190	50.99	0
78200	50.82	1
78290	50.99	0
78390	50.82	1
79100	51.57	1
79120	50.31	0
79130	50.31	0
79140	47.38	1
79190	50.31	0
79200	50.31	0
79220	50.31	0
79290	50.31	0
79300	50.31	0
79310	47.38	1
79320	50.31	0
79390	53.09	1
79400	47.54	1
79420	47.54	1
79430	47.54	1
79440	47.54	1
79450	47.54	1
79475	47.54	1
79490	47.54	1
79500	47.38	1
79510	50.31	0
79520	50.31	0
79550	50.31	0
79560	50.31	0
79565	47.38	1
79590	47.38	1
79600	50.31	0
79620	56.45	1
79630	50.31	0
79640	47.38	1
79690	50.31	0
79900	50.31	0
79920	47.38	1
79930	50.31	0
79990	47.38	1
80110	47.38	1
80120	50.31	0
80130	56.26	1
80190	50.31	0
80200	57.90	1
80220	50.31	0
80222	50.31	0
80225	50.31	0
80245	50.31	0
80250	50.31	0
80255	50.31	0
80290	47.38	1
80300	50.31	0
80310	50.31	0
80320	50.31	0
80330	50.31	0
80340	50.31	0
80360	50.31	0
80390	50.31	0
81000	48.12	1
81100	49.95	0
81120	42.26	1
81190	59.28	1
81200	49.95	0
81208	49.95	0
81210	49.95	0
81220	49.95	0
81225	49.95	0
81230	47.62	1
81250	49.95	0
81275	49.95	0
81280	49.95	0
81290	49.95	0
81900	49.64	1
81920	53.21	1
81925	46.09	1
81930	49.24	1
81935	47.98	1
81940	49.95	0
81945	50.41	1
81955	49.64	1
81960	49.64	1
81990	49.64	1
82000	50.26	1
82020	50.26	1
82050	50.26	0
82060	50.26	0
82070	50.26	0
82080	50.26	0
82090	50.26	0
82710	47.06	0
83000	46.09	1
83020	46.09	1
83100	46.09	1
83110	46.09	1
83120	46.09	1
83130	46.09	1
83140	46.09	1
83190	46.09	1
83200	45.28	0
83210	46.09	1
83220	37.37	1
83240	45.28	0
83250	45.28	0
83290	46.09	1
83300	45.28	0
83305	45.28	0
83310	45.28	0
83320	51.51	1
83330	45.28	0
83350	45.28	0
83360	45.28	0
83390	46.09	1
83400	59.27	1
83410	59.27	1
83420	46.09	1
83440	45.28	0
83450	45.28	0
83460	45.28	0
83465	45.28	0
83490	45.28	0
83500	45.28	0
83510	46.09	1
83520	40.03	1
83530	46.09	1
83540	45.28	0
83550	45.28	0
83560	45.28	0
83590	39.46	1
83900	45.28	0
83910	46.09	1
83915	36.29	1
83920	44.96	1
83930	48.28	1
83940	45.28	0
83960	45.28	0
83990	35.64	1
84100	49.50	1
84105	49.50	1
84110	51.05	0
84115	51.05	0
84125	51.05	0
84145	51.05	0
84165	51.05	0
84170	51.05	0
84175	51.05	0
84185	51.05	0
84190	49.50	1
84220	55.14	1
84222	55.14	1
84225	55.14	1
84230	49.50	1
84235	51.05	0
84240	51.05	0
84245	51.05	0
84250	49.50	1
84300	62.21	1
84320	51.05	0
84390	51.05	0
84400	51.05	0
84410	51.05	0
84420	51.05	0
84900	55.04	1
84910	51.05	0
84970	51.05	0
84975	51.05	0
84980	49.50	1
84985	51.05	0
84990	49.50	1
85100	57.45	0
85110	57.44	1
85120	57.45	0
85150	57.45	0
85190	57.45	0
85200	57.45	0
85210	57.45	0
85220	57.45	0
85320	57.52	1
85340	57.45	0
85345	57.45	0
85420	57.45	0
85500	57.45	0
85510	57.47	1
85560	57.45	0
85570	57.45	0
85600	57.45	0
85620	57.52	1
85630	57.45	0
85700	57.52	1
85730	57.45	0
85740	57.45	0
85790	57.45	0
85990	57.43	1
86190	57.45	0
86240	57.45	0
87105	50.39	1
87110	58.39	1
87120	52.81	1
87130	52.45	0
87190	52.45	0
87200	52.45	0
87210	52.69	1
87215	52.45	0
87245	52.45	0
87250	52.45	0
87260	52.45	0
87300	54.98	1
87310	54.98	1
87330	52.91	1
87340	52.74	1
87350	33.79	1
87370	52.45	0
87390	52.45	0
87400	55.64	1
87430	52.45	0
87450	52.45	0
87462	50.39	1
87490	52.45	0
88000	52.33	0
88010	47.35	1
88030	52.33	0
88040	52.33	0
88050	47.35	1
88070	52.33	0
88080	52.33	0
88090	60.22	1
89100	56.28	1
89120	33.05	1
89128	37.41	0
89136	37.41	0
89148	37.41	0
89156	33.05	1
89160	37.41	0
89164	33.05	1
89190	37.41	0
89200	52.37	1
89210	33.05	1
89215	37.41	0
89220	33.05	1
89225	33.05	1
89230	37.41	0
89235	37.41	0
89240	37.41	0
89242	28.28	1
89245	37.41	0
89247	37.41	0
89290	33.05	1
89300	37.41	0
89320	37.41	0
89330	37.41	0
89350	33.05	1
89360	33.05	1
89390	33.50	1
89400	37.41	0
89420	37.41	0
89430	37.41	0
89440	37.41	0
89500	33.05	1
89520	37.41	0
89530	33.05	1
89540	37.41	0
89550	37.41	0
89560	37.41	0
89570	37.41	0
89590	33.05	1
89900	37.41	0
89940	37.41	0
89990	33.05	1
90000	47.88	0
90100	53.05	0
90200	53.05	0
91000	57.23	0
91025	57.23	0
91030	57.23	0
91050	57.23	0
91070	57.23	0
91075	57.23	0
91090	57.23	1
92000	55.81	0
92100	55.81	0
92110	54.04	1
92120	58.11	1
92130	55.81	0
92135	55.81	0
92140	55.81	0
92155	55.81	0
92190	55.81	0
92200	55.81	0
92225	55.81	0
92230	55.81	0
92240	55.81	0
92250	54.04	1
92270	55.81	0
92290	54.04	1
92300	55.81	0
92320	55.81	0
92330	55.81	0
92400	55.28	1
92415	55.81	0
92420	55.81	0
92430	55.81	0
92490	55.81	0
92500	55.81	0
92520	55.81	0
92600	61.64	1
92625	54.04	1
92690	55.81	0
92700	55.81	0
92900	55.75	1
92930	55.81	0
92940	55.81	0
92950	55.81	0
92990	55.81	0
93100	51.62	0
93120	38.33	1
93190	57.12	1
93900	51.62	0
93920	57.12	1
93950	51.62	0
93960	51.62	0
93990	56.64	1
94100	56.72	1
94120	51.19	0
94140	51.19	0
94160	51.19	0
94170	51.19	0
94180	51.19	0
94190	49.69	1
94200	51.19	0
94220	49.69	1
94230	49.69	1
94240	49.69	1
94250	49.69	1
94290	49.69	1
94320	51.19	0
94900	54.52	1
94920	51.19	0
94940	51.19	0
94960	51.19	0
94980	49.69	1
94990	49.69	1
95000	49.90	0
95100	49.90	0
95120	44.16	1
95125	49.90	0
95130	50.00	1
95135	49.90	0
95140	36.61	1
95145	49.90	0
95150	49.90	0
95155	49.90	0
95160	33.62	1
95190	54.67	1
95210	49.90	0
95220	49.90	0
95230	49.90	0
95240	49.90	0
95250	49.90	0
95290	49.90	0
95300	54.41	1
95320	50.00	1
95340	49.90	0
95350	49.90	0
95360	50.00	1
95390	49.90	0
95400	50.00	1
95410	50.00	1
95415	50.00	1
95420	50.00	1
95440	57.97	1
95445	49.90	0
95450	50.00	1
95455	50.00	1
95475	49.90	0
95490	50.00	1
95500	49.90	0
95510	50.00	1
95520	49.90	0
95530	49.90	0
95590	56.36	1
95600	49.90	0
95700	49.90	0
95720	50.00	1
95750	49.90	0
95790	49.90	0
95910	59.38	1
95920	49.90	0
95925	50.00	1
95930	49.90	0
95940	49.90	0
95945	49.90	0
95950	49.90	0
95955	49.90	0
95960	49.90	0
95970	49.90	0
95990	51.81	1
96100	45.34	1
96190	45.34	1
96900	43.75	0
96910	38.72	1
96925	43.75	0
96930	45.34	1
96940	43.75	0
96950	43.75	0
96990	45.34	1
97100	50.83	1
97105	50.83	1
97120	50.83	1
97125	40.95	1
97130	31.11	1
97145	47.16	1
97150	45.85	0
97152	45.79	1
97155	47.16	1
97160	45.85	0
97190	47.16	1
97200	45.85	0
97205	45.85	0
97210	45.85	0
97230	45.85	0
97300	45.85	0
97315	47.16	1
97340	45.85	0
97345	47.16	1
97350	45.85	0
97355	45.85	0
97390	45.85	0
97400	47.16	1
97415	47.16	1
97435	45.85	0
97440	45.85	0
97450	45.85	0
97460	45.85	0
97470	45.85	0
97475	45.85	0
97900	45.85	0
97990	45.85	0
98000	47.85	0
98100	57.20	1
98120	41.76	1
98130	50.99	1
98135	50.99	1
98140	50.99	1
98190	29.88	1
98220	44.56	1
98230	47.85	0
98290	47.85	0
98300	35.20	1
98320	42.54	1
98330	56.47	1
98390	47.85	0
98400	47.85	0
98420	35.20	1
98430	47.79	1
98440	47.53	1
98500	47.85	0
98520	47.85	0
98530	58.28	1
98540	43.78	1
98550	45.04	1
98555	57.35	1
98590	35.20	1
98600	54.89	1
98620	35.20	1
98630	47.85	0
98690	35.20	1
98840	47.85	0
98930	50.95	1
98940	47.85	0
98950	47.85	0
98990	58.62	1
99020	45.39	0
99900	53.49	1
99910	34.52	1
99920	34.52	1
99930	34.52	1
61100	51.55	 
61110	51.61	 
61115	42.53	 
61120	51.55	 
61220	56.59	 
61230	56.59	 
61235	56.59	 
61240	58.01	 
61250	56.59	 
61260	56.59	 
61270	55.84	 
61270	55.84	 
61290	56.59	 
62100	52.03	 
62105	52.03	 
62110	52.03	 
62120	52.03	 
62200	50.24	 
62210	50.24	 
62220	50.24	 
62230	50.24	 
62240	50.24	 
62260	50.24	 
62290	50.24	 
62320	50.24	 
62330	50.24	 
62390	50.24	 
62400	52.73	 
62410	49.28	 
62420	49.28	 
62430	39.58	 
62440	49.28	 
62460	49.46	 
62490	47.83	 
62510	43.43	 
62520	43.43	 
62600	50.24	 
62610	50.24	 
62660	50.24	 
62690	50.24	 
62700	42.87	 
62720	49.10	 
62720	49.10	 
62730	49.10	 
62740	53.55	 
62790	49.10	 
62800	50.24	 
62820	50.24	 
62920	52.60	 
62940	52.60	 
62950	52.60	 
62960	52.60	 
62970	52.60	 
62990	52.60	 
63100	50.89	 
63110	50.89	 
63120	50.89	 
63130	50.89	 
63140	50.89	 
63190	50.89	 
63200	43.37	 
63220	43.37	 
63230	43.37	 
63250	43.37	 
63290	43.37	 
64100	52.67	 
64120	52.67	 
64120	52.67	 
64130	52.67	 
64900	41.08	 
64920	41.08	 
64930	41.08	 
64940	41.08	 
64960	41.08	 
64990	41.08	 
