hisco	hiscam	orig
1100	89.60	1
1110	89.60	1
1190	89.60	1
1200	84.96	1
1210	81.58	0
1300	81.58	0
1340	84.96	1
1400	60.86	1
1420	81.58	0
1430	81.58	0
2000	99.00	1
2100	81.62	0
2120	81.27	1
2130	76.93	1
2140	69.32	1
2200	81.62	0
2210	83.88	1
2220	81.62	0
2230	81.62	0
2240	81.27	1
2245	81.62	0
2255	71.00	1
2290	94.32	1
2300	81.62	0
2305	69.32	1
2310	69.32	1
2400	81.62	0
2410	81.62	0
2430	81.62	0
2450	81.62	0
2460	81.62	0
2510	81.27	1
2620	69.32	1
2700	81.62	0
2710	81.62	0
2740	81.62	0
2900	74.24	1
2930	81.62	0
2990	81.62	0
3000	81.62	0
3010	81.62	0
3020	85.40	1
3022	81.62	0
3030	81.62	0
3040	81.62	0
3090	81.27	1
3100	71.45	1
3110	71.45	1
3120	64.99	1
3130	69.32	1
3140	69.32	1
3150	81.62	0
3160	69.32	1
3170	81.62	0
3180	81.62	0
3200	76.79	1
3300	71.30	1
3310	71.30	1
3320	81.62	0
3330	81.62	0
3340	81.62	0
3390	75.30	1
3405	75.34	1
3490	81.62	0
3510	73.85	1
3520	81.62	0
3540	81.62	0
3550	81.62	0
3590	69.32	1
3620	81.62	0
3720	81.62	0
3930	81.62	0
4100	54.61	1
4120	54.61	1
4125	54.61	1
4130	54.61	1
4140	54.61	1
4200	54.61	1
4215	54.61	1
4217	54.61	1
4220	58.14	1
4230	66.92	1
4240	64.34	1
4250	55.74	0
4290	54.61	1
4320	55.74	0
5100	84.96	0
5110	84.96	0
5120	84.96	0
5190	84.96	0
5230	84.96	1
5260	84.96	0
5320	84.96	1
5330	84.96	1
5340	84.96	1
5360	84.96	1
5390	84.96	0
5400	84.96	1
5420	84.96	0
6100	99.00	1
6105	99.00	1
6110	99.00	1
6120	99.00	1
6130	99.00	1
6140	99.00	1
6190	99.00	1
6210	56.83	1
6300	67.32	0
6310	99.00	1
6320	95.05	0
6420	56.83	0
6500	73.81	1
6510	73.81	1
6520	95.05	0
6590	95.05	0
6700	97.47	1
6710	97.47	1
6810	56.83	0
6910	56.83	0
6990	56.83	0
7100	56.83	1
7110	56.83	1
7130	56.83	1
7200	67.32	0
7210	56.83	0
7300	67.32	0
7310	56.83	0
7410	56.83	0
7500	67.32	0
7520	95.05	0
7530	99.00	1
7600	67.32	0
7620	56.83	0
7640	56.83	0
7900	67.32	0
7920	56.83	0
7930	56.83	0
7990	56.83	0
8110	84.96	0
8130	84.96	0
8200	84.96	0
8220	84.96	1
8230	84.96	1
8250	84.96	0
8490	84.96	0
9010	84.96	0
9150	84.96	1
9999	81.28	0
11000	81.03	1
11010	81.03	1
11020	81.03	0
12000	99.00	1
12100	99.00	0
12110	99.00	1
12200	99.00	0
12210	99.00	1
12310	99.00	1
12400	99.00	1
12410	99.00	1
12900	99.00	1
12910	99.00	1
13000	90.00	1
13020	91.01	1
13030	90.34	0
13100	96.15	1
13130	96.15	0
13140	96.15	0
13170	96.15	0
13175	96.15	0
13190	96.15	0
13200	89.26	1
13215	87.99	0
13220	87.99	0
13230	87.99	0
13250	80.72	1
13260	87.99	0
13270	87.99	0
13275	87.99	0
13280	87.99	0
13290	87.99	0
13320	67.06	1
13390	70.74	1
13420	81.45	0
13490	81.45	0
13590	81.45	0
13900	81.45	0
13940	81.95	1
13950	81.95	1
13960	81.45	0
13990	70.90	1
14100	97.28	0
14120	97.28	0
14120	99.00	1
14130	67.84	1
14140	99.00	1
14190	97.28	0
14990	75.74	1
15120	83.81	0
15120	83.81	0
15900	84.11	1
15915	83.61	1
15920	83.81	0
15920	83.81	0
15930	83.81	0
15945	83.81	0
15950	83.81	0
15960	84.15	1
15990	83.81	0
16000	66.55	1
16100	68.73	1
16120	71.71	0
16120	71.28	1
16130	82.41	1
16150	66.55	1
16160	71.90	1
16190	71.71	0
16200	71.71	0
16220	71.71	0
16230	66.55	1
16240	71.71	0
16250	68.25	1
16300	71.71	0
16310	66.55	1
16350	71.71	0
16360	71.71	0
17000	58.06	0
17100	59.99	1
17120	59.99	1
17130	59.99	1
17135	58.06	0
17140	59.99	1
17145	59.99	1
17150	58.06	0
17190	59.99	1
17200	58.06	0
17220	58.06	0
17230	58.06	0
17300	58.06	0
17320	58.06	0
17340	58.06	0
17420	58.06	0
17490	58.06	0
17530	58.06	0
17540	58.06	0
17590	58.06	0
17900	58.06	0
17920	48.51	1
17940	58.06	0
17990	50.62	1
18000	58.06	0
18020	58.06	0
18050	59.99	1
18090	58.06	0
19100	84.96	0
19120	84.96	0
19130	84.96	0
19140	84.96	0
19190	84.96	0
19200	84.96	0
19250	84.96	0
19290	84.96	0
19300	84.96	0
19320	84.96	0
19390	84.96	0
19400	84.96	0
19420	84.96	1
19430	84.96	0
19490	84.96	1
19500	84.96	0
19520	84.96	0
19530	84.96	0
19540	84.96	0
19900	84.96	0
19950	84.96	0
19960	84.96	0
19990	84.96	1
20100	99.00	1
20110	99.00	1
20200	90.86	1
20210	90.86	1
21000	78.76	1
21100	89.18	1
21110	89.18	1
21200	89.18	1
21220	64.12	1
21230	84.96	1
21240	70.92	1
21300	62.25	1
21320	65.16	0
21340	65.35	1
21420	84.96	1
21430	84.96	0
21490	84.96	0
21900	85.47	0
21940	88.68	1
21950	82.62	0
21960	89.18	1
21970	82.62	0
21980	82.62	0
21990	94.64	1
22000	67.65	1
22100	66.44	0
22110	77.02	1
22190	69.84	1
22200	66.44	0
22210	85.48	1
22220	88.28	1
22230	75.37	0
22235	75.37	0
22240	68.53	1
22245	68.53	1
22250	75.37	0
22265	75.37	0
22275	75.37	0
22280	75.37	0
22290	68.53	1
22300	66.44	0
22320	73.76	0
22330	73.76	0
22390	73.76	0
22420	67.65	1
22425	67.65	1
22430	66.76	0
22440	66.76	0
22450	59.89	1
22460	66.76	0
22490	69.35	1
22520	57.56	1
22600	57.75	1
22610	57.75	1
22620	62.59	0
22630	62.59	0
22640	62.59	0
22650	59.51	1
22651	62.59	0
22655	62.59	0
22660	57.75	1
22665	62.59	0
22670	57.75	1
22675	78.50	1
22680	71.13	1
22690	61.49	1
30000	68.95	1
31000	60.92	1
31020	99.00	1
31030	67.64	1
31040	69.72	0
31040	74.74	1
31090	87.98	1
31940	58.02	1
32100	69.72	0
32110	69.72	0
32120	99.00	1
32140	69.72	0
32190	69.72	0
32220	69.72	0
33000	72.94	1
33100	72.94	1
33110	72.94	1
33120	76.70	1
33130	76.70	1
33135	76.70	1
33140	76.70	1
33150	76.70	1
33160	76.70	1
33170	76.70	1
33190	76.70	1
33900	69.72	0
33920	69.72	0
33930	69.72	0
33940	69.13	1
33990	71.18	1
34120	56.19	0
34230	56.19	0
36000	59.82	1
36020	59.36	1
36040	54.79	1
36090	55.29	1
37000	68.72	1
37010	56.19	0
37020	62.45	1
37030	55.29	1
37040	53.44	1
37090	56.93	1
38000	54.32	1
38020	56.19	0
38030	55.29	1
38040	62.03	1
38090	56.19	0
39100	63.62	1
39110	63.62	1
39120	63.62	1
39130	63.62	1
39140	63.62	1
39150	63.62	1
39190	63.62	1
39230	64.97	1
39310	64.97	1
39320	66.73	1
39340	77.23	1
39350	69.72	0
39390	69.72	0
39410	69.72	0
39440	69.72	0
39490	69.72	0
39520	69.72	0
39530	61.50	1
39900	69.72	0
39940	69.72	0
39960	58.02	1
39990	60.46	1
41000	65.09	0
41020	77.37	1
41025	65.73	1
41030	63.22	1
41035	65.73	1
41040	63.13	1
41525	53.56	1
42200	71.24	1
42220	71.24	1
42230	71.24	1
43100	69.97	0
43120	69.97	0
43200	67.28	1
43220	67.28	1
43230	71.24	1
43290	69.97	0
44100	73.59	1
44120	71.65	1
44130	86.83	1
44140	69.20	1
44190	75.94	1
44200	69.97	0
44220	69.97	0
44230	70.01	1
44300	69.97	0
44320	61.80	1
44330	69.97	0
45100	50.75	0
45120	52.94	1
45125	62.94	1
45130	52.94	1
45140	50.75	0
45150	50.75	0
45190	51.19	1
45220	48.67	1
45225	50.75	0
45230	50.75	0
45240	50.75	0
45250	50.75	0
45290	50.81	1
49020	50.75	0
49030	50.75	0
49090	46.04	1
51000	58.01	0
51020	56.47	1
51030	56.64	1
51040	69.18	1
51050	56.64	1
51090	63.28	1
52000	61.05	0
52290	61.05	0
53100	59.37	1
53120	59.37	1
53130	59.37	1
53140	59.37	0
53150	59.37	1
53190	59.37	0
53200	53.29	1
53210	53.29	1
53220	53.29	1
53240	53.29	1
53250	53.29	1
53290	53.29	1
53330	40.24	1
54000	40.24	1
54010	40.24	1
54020	40.24	1
54030	40.24	1
54035	43.65	0
54040	43.65	0
54050	40.24	1
54055	43.65	0
54060	43.65	0
54090	52.33	1
55100	40.24	1
55120	64.15	1
55125	59.81	1
55130	66.25	1
55140	63.96	1
55190	40.24	1
55200	43.65	0
55220	43.65	0
55220	43.65	0
55230	43.65	0
55230	43.65	0
55240	47.91	1
55290	44.12	1
56000	52.80	1
56010	52.80	1
56030	43.65	0
56030	52.80	1
56040	52.80	1
56050	52.80	1
56060	52.80	1
56065	52.80	1
56070	52.80	1
56090	52.80	1
57000	53.73	1
57025	53.73	1
57030	53.73	0
57030	53.73	1
57070	53.73	1
57090	53.73	1
58100	53.32	1
58110	53.32	1
58200	58.92	0
58220	53.32	1
58225	57.07	1
58230	58.92	0
58240	58.92	0
58300	47.62	1
58320	99.00	1
58320	58.92	0
58330	57.33	1
58340	47.53	1
58490	58.92	0
58900	58.92	0
58920	58.92	0
58930	58.92	0
58930	61.49	1
58940	48.82	1
58990	53.32	1
59100	54.75	0
59200	54.75	0
59220	55.79	1
59230	54.75	0
59290	53.56	1
59900	54.75	0
59920	54.75	0
59940	48.81	1
59950	58.45	1
59990	53.56	1
71100	46.49	1
71105	46.49	1
71110	46.49	1
71120	46.97	0
71125	46.97	0
71130	46.49	1
71150	46.97	0
71160	46.49	1
71170	46.97	0
71190	46.97	0
71200	46.97	0
71220	52.47	1
71250	46.97	0
71290	46.97	0
71300	46.49	1
71380	46.49	1
71390	46.97	0
72000	51.02	1
72100	41.87	1
72120	48.02	0
72130	48.02	0
72160	48.02	0
72170	48.02	0
72190	49.24	1
72200	49.24	1
72220	48.02	0
72230	48.02	0
72250	49.24	1
72260	48.02	0
72290	48.02	0
72320	48.02	0
72330	48.02	0
72390	49.24	1
72400	48.02	0
72420	52.57	1
72490	48.02	0
72500	49.24	1
72520	48.02	0
72530	48.02	0
72540	49.24	1
72555	48.02	0
72560	48.02	0
72590	48.02	0
72600	48.02	0
72620	48.02	0
72630	48.02	0
72640	48.02	0
72700	48.02	0
72725	48.02	0
72730	48.02	0
72740	48.02	0
72790	48.02	0
72800	48.02	0
72820	49.24	1
72830	48.02	0
72890	47.37	1
72900	48.02	0
72930	48.02	0
72940	48.02	0
72980	48.02	0
72990	49.24	1
73100	45.10	0
73130	45.10	0
73200	48.25	1
73210	48.25	1
73240	48.25	1
73270	48.25	1
73290	48.25	1
73320	44.56	1
73350	45.10	0
73360	45.10	0
73390	45.10	0
73400	44.56	1
73430	44.56	1
73460	44.56	1
73490	44.56	1
74100	51.07	1
74120	52.56	0
74140	47.93	1
74200	51.07	1
74220	51.07	1
74240	51.07	1
74400	52.56	0
74470	56.31	1
74490	52.56	0
74500	52.56	0
74900	45.11	1
74910	45.11	1
74920	45.11	1
74925	45.11	1
74930	45.11	1
74990	45.11	1
75000	44.98	1
75100	51.89	1
75115	51.89	1
75120	51.89	1
75130	51.89	1
75135	51.89	1
75140	51.89	1
75145	51.89	1
75150	51.89	1
75155	51.89	1
75190	51.89	1
75220	45.69	1
75230	45.69	1
75240	45.69	1
75250	45.69	1
75290	45.69	1
75300	47.13	0
75320	47.13	0
75340	44.98	1
75350	47.13	0
75390	47.13	0
75400	44.98	1
75415	47.13	0
75420	47.13	0
75422	47.13	0
75430	47.13	0
75432	46.74	1
75435	47.13	0
75440	47.13	0
75445	47.13	0
75450	47.13	0
75452	47.13	0
75455	47.13	0
75457	47.13	0
75465	44.37	1
75470	44.98	1
75475	47.13	0
75490	51.44	1
75500	44.98	1
75520	44.98	1
75530	44.98	1
75535	47.13	0
75540	47.13	0
75590	47.13	0
75600	53.95	1
75615	53.95	1
75620	53.95	1
75622	53.95	1
75625	53.95	1
75635	53.95	1
75650	53.95	1
75655	53.95	1
75660	53.95	1
75670	53.95	1
75690	53.95	1
75700	47.13	0
75710	51.45	1
75720	47.13	0
75922	44.98	1
75925	47.13	0
75990	44.98	1
76100	57.16	1
76125	57.16	1
76130	57.16	1
76132	57.16	1
76145	57.16	1
76150	57.16	1
76155	57.16	1
76190	57.16	1
76200	47.13	0
76220	47.13	0
76230	47.13	0
76290	47.13	0
77100	57.38	0
77120	57.83	1
77140	58.76	1
77190	58.76	1
77200	57.38	0
77250	57.38	0
77260	57.38	0
77290	54.86	1
77300	57.38	0
77310	61.13	1
77320	53.48	1
77330	57.38	0
77340	57.38	0
77390	58.93	1
77410	58.76	1
77415	57.38	0
77440	58.76	1
77450	57.38	0
77460	58.76	1
77490	57.38	0
77500	53.66	1
77510	53.66	1
77530	53.66	1
77540	53.66	1
77590	53.66	1
77600	57.38	0
77610	58.76	1
77620	59.91	1
77630	69.68	1
77640	58.76	1
77650	57.38	0
77660	58.72	1
77690	58.76	1
77700	57.38	0
77750	57.38	0
77790	57.38	0
77800	61.01	1
77810	61.01	1
77820	61.01	1
77830	61.01	1
77835	61.01	1
77840	61.01	1
77850	61.01	1
77860	61.01	1
77870	61.01	1
77880	61.01	1
77890	61.01	1
77900	57.38	0
77920	50.56	1
77940	57.38	0
77990	57.38	0
78100	48.01	1
78120	58.76	1
78130	58.76	1
78155	51.14	1
78170	58.76	1
78190	57.38	0
78200	48.66	1
78290	57.38	0
78390	50.05	1
79100	51.41	1
79120	51.47	0
79130	51.47	0
79140	50.67	1
79190	51.47	0
79200	51.47	0
79220	51.47	0
79290	51.47	0
79300	51.47	0
79310	57.55	1
79320	51.47	0
79390	57.87	1
79400	56.66	1
79420	56.66	1
79430	56.66	1
79440	56.66	1
79450	56.66	1
79475	56.66	1
79490	56.66	1
79500	50.67	1
79510	51.47	0
79520	51.47	0
79550	51.47	0
79560	51.47	0
79565	50.67	1
79590	50.67	1
79600	51.47	0
79620	59.69	1
79630	51.47	0
79640	50.67	1
79690	51.97	1
79900	51.47	0
79920	55.63	1
79930	51.47	0
79990	50.12	1
80110	50.67	1
80120	50.67	1
80130	50.67	1
80190	51.47	0
80200	51.47	0
80220	51.47	0
80222	51.47	0
80225	51.47	0
80245	51.47	0
80250	51.47	0
80255	51.47	0
80290	50.67	1
80300	51.47	0
80310	51.47	0
80320	51.47	0
80330	51.47	0
80340	51.47	0
80360	51.47	0
80390	51.47	0
81000	51.96	1
81100	51.67	0
81120	52.82	1
81190	52.82	1
81200	51.67	0
81208	52.82	1
81210	51.67	0
81220	48.74	1
81225	48.74	1
81230	53.46	1
81250	51.67	0
81275	51.67	0
81280	52.82	1
81290	52.82	1
81900	47.08	1
81920	52.82	1
81925	54.73	1
81930	51.84	1
81935	51.67	0
81940	52.82	1
81945	57.01	1
81955	47.08	1
81960	47.08	1
81990	47.08	1
82000	50.21	1
82020	58.83	1
82050	56.45	0
82060	56.45	0
82070	56.45	0
82080	58.83	1
82090	56.45	0
82710	57.21	1
83000	52.52	1
83020	52.52	1
83100	52.52	1
83110	52.52	1
83120	52.52	1
83130	52.52	1
83140	52.52	1
83190	52.52	1
83200	52.36	0
83210	52.17	1
83220	52.71	1
83240	52.36	0
83250	52.36	0
83290	52.52	1
83300	52.36	0
83305	52.36	0
83310	52.52	1
83320	51.79	1
83330	52.36	0
83350	52.36	0
83360	52.36	0
83390	52.52	1
83400	53.49	1
83410	53.49	1
83420	52.36	0
83440	52.36	0
83450	52.36	0
83460	52.36	0
83465	52.36	0
83490	50.01	1
83500	52.36	0
83510	52.36	0
83520	50.78	1
83530	51.10	1
83540	52.36	0
83550	52.36	0
83560	52.36	0
83590	48.53	1
83900	52.36	0
83910	52.36	0
83915	52.52	1
83920	54.06	1
83930	54.38	1
83940	52.36	0
83960	52.36	0
83990	47.03	1
84100	57.49	1
84105	57.49	1
84110	59.71	0
84115	63.81	1
84125	59.71	0
84145	59.71	0
84165	63.81	1
84170	59.71	0
84175	63.81	1
84185	63.81	1
84190	54.57	1
84220	63.81	1
84222	63.81	1
84225	63.81	1
84230	61.34	1
84235	59.71	0
84240	59.71	0
84245	59.71	0
84250	63.81	1
84300	59.71	0
84320	59.71	0
84390	51.91	1
84400	63.81	1
84410	59.71	0
84420	63.81	1
84900	59.71	0
84910	59.71	0
84970	59.71	0
84975	51.03	1
84980	63.81	1
84985	59.71	0
84990	52.37	1
85100	55.60	0
85110	62.46	1
85120	55.60	0
85150	55.45	1
85190	55.45	1
85200	55.60	0
85210	55.60	0
85220	55.60	0
85320	55.45	1
85340	55.60	0
85345	55.45	1
85420	55.60	0
85500	55.60	0
85510	55.45	1
85560	55.60	0
85570	55.45	1
85600	55.45	1
85620	57.24	1
85630	55.60	0
85700	52.48	1
85730	55.45	1
85740	55.60	0
85790	55.45	1
85990	55.45	1
86190	55.60	0
86240	55.60	0
87105	55.01	1
87110	56.51	1
87120	52.94	1
87130	54.10	0
87190	54.10	0
87200	54.10	0
87210	56.51	1
87215	54.10	0
87245	54.10	0
87250	54.10	0
87260	56.51	1
87300	51.65	1
87310	51.65	1
87330	56.51	1
87340	49.96	1
87350	50.97	1
87370	54.10	0
87390	56.51	1
87400	56.51	1
87430	54.10	0
87450	56.51	1
87462	51.55	1
87490	56.51	1
88000	68.15	0
88010	69.12	1
88030	63.44	1
88040	68.15	0
88050	69.12	1
88070	68.15	0
88080	69.12	1
88090	69.12	1
89100	45.24	1
89120	41.28	1
89128	44.52	0
89136	44.52	0
89148	44.52	0
89156	43.76	1
89160	44.52	0
89164	43.76	1
89190	44.52	0
89200	43.76	1
89210	44.52	0
89215	44.52	0
89220	43.76	1
89225	43.76	1
89230	44.52	0
89235	44.52	0
89240	44.52	0
89242	43.76	1
89245	44.52	0
89247	44.52	0
89290	43.76	1
89300	44.52	0
89320	44.52	0
89330	44.52	0
89350	48.98	1
89360	48.04	1
89390	43.76	1
89400	44.52	0
89420	44.52	0
89430	43.76	1
89440	44.52	0
89500	47.33	1
89520	44.52	0
89530	49.98	1
89540	44.52	0
89550	44.52	0
89560	44.52	0
89570	44.52	0
89590	44.52	0
89900	44.52	0
89940	44.52	0
89990	43.76	1
90000	52.99	0
90100	54.36	0
90200	54.36	0
91000	57.21	0
91025	57.21	0
91030	57.21	0
91050	57.21	0
91070	57.21	0
91075	57.21	0
91090	57.21	1
92000	56.53	0
92100	56.53	0
92110	60.84	1
92120	53.61	1
92130	56.53	0
92135	56.53	0
92140	56.53	0
92155	56.53	0
92190	56.53	0
92200	56.53	0
92225	56.53	0
92230	54.67	1
92240	56.53	0
92250	56.17	1
92270	56.53	0
92290	51.38	1
92300	56.53	0
92320	53.61	1
92330	56.53	0
92400	55.65	1
92415	64.76	1
92420	53.61	1
92430	56.53	0
92490	56.53	0
92500	56.53	0
92520	56.53	0
92600	50.30	1
92625	56.79	1
92690	56.53	0
92700	56.53	0
92900	56.53	0
92930	56.53	0
92940	56.53	0
92950	56.53	0
92990	56.53	0
93100	54.64	0
93120	54.61	1
93190	54.61	1
93900	54.64	0
93920	56.96	1
93950	54.64	0
93960	54.64	0
93990	54.61	1
94100	64.54	1
94120	51.43	0
94140	51.43	0
94160	51.43	0
94170	51.43	0
94180	49.35	1
94190	60.22	1
94200	51.43	0
94220	49.35	1
94230	51.65	1
94240	46.72	1
94250	46.45	1
94290	49.07	1
94320	51.43	0
94900	57.21	1
94920	49.35	1
94940	49.35	1
94960	51.43	0
94980	80.94	1
94990	53.88	1
95000	52.51	1
95100	50.75	0
95120	48.24	1
95125	52.51	1
95130	52.51	1
95135	52.51	1
95140	52.51	1
95145	50.75	0
95150	50.75	0
95155	52.51	1
95160	47.21	1
95190	46.39	1
95210	47.61	1
95220	50.75	0
95230	50.75	0
95240	50.75	0
95250	50.75	0
95290	52.51	1
95300	46.20	1
95320	44.45	1
95340	50.75	0
95350	50.75	0
95360	43.27	1
95390	50.75	0
95400	52.51	1
95410	52.51	1
95415	52.51	1
95420	52.51	1
95440	53.79	1
95445	50.75	0
95450	52.51	1
95455	52.82	1
95475	50.75	0
95490	52.51	1
95500	50.75	0
95510	49.10	1
95520	50.75	0
95530	50.75	0
95590	45.16	1
95600	52.51	1
95700	50.75	0
95720	57.21	1
95750	52.51	1
95790	52.51	1
95910	54.90	1
95920	50.75	0
95925	58.72	1
95930	50.75	0
95940	52.51	1
95945	50.75	0
95950	50.75	0
95955	50.75	0
95960	50.75	0
95970	50.75	0
95990	52.51	1
96100	43.59	1
96190	47.54	1
96900	45.59	0
96910	54.27	1
96925	45.59	0
96930	43.59	1
96940	45.59	0
96950	45.59	0
96990	45.59	0
97100	50.61	1
97105	50.61	1
97120	50.61	1
97125	47.49	1
97130	54.68	1
97145	49.83	1
97150	48.44	0
97152	48.61	1
97155	47.85	1
97160	48.44	0
97190	50.71	1
97200	48.44	0
97205	48.44	0
97210	48.44	0
97230	47.85	1
97300	48.44	0
97315	50.95	1
97340	48.44	0
97345	47.85	1
97350	47.85	1
97355	53.91	1
97390	47.85	1
97400	47.85	1
97415	46.16	1
97435	48.44	0
97440	47.85	1
97450	48.44	0
97460	48.44	0
97470	47.85	1
97475	48.44	0
97900	48.44	0
97990	48.44	0
98000	50.69	0
98100	48.89	1
98120	48.97	1
98130	50.34	1
98135	50.34	1
98140	50.34	1
98190	48.70	1
98220	56.98	1
98230	48.97	1
98290	50.69	0
98300	48.70	1
98320	54.57	1
98330	47.71	1
98390	50.69	0
98400	50.69	0
98420	49.66	1
98430	52.28	1
98440	51.42	1
98500	53.34	1
98520	50.69	0
98530	50.69	0
98540	50.69	0
98550	52.07	1
98555	50.60	1
98590	49.05	1
98600	49.05	1
98620	49.23	1
98630	50.69	0
98690	47.56	1
98840	48.91	1
98930	54.31	1
98940	55.53	1
98950	48.70	1
98990	50.68	1
99020	48.54	0
99900	48.70	1
99910	49.75	1
99920	42.09	1
99930	50.00	1
61100	51.53	 
61110	51.53	 
61115	52.35	 
61120	51.53	 
61220	53.92	 
61230	53.92	 
61235	53.92	 
61240	53.92	 
61250	53.92	 
61260	53.92	 
61270	53.92	 
61270	53.92	 
61290	53.92	 
62100	49.11	 
62105	49.11	 
62110	49.11	 
62120	49.11	 
62200	51.02	 
62210	51.02	 
62220	51.02	 
62230	51.02	 
62240	51.02	 
62260	51.02	 
62290	51.02	 
62320	50.43	 
62330	50.43	 
62390	50.43	 
62400	51.04	 
62410	49.11	 
62420	49.11	 
62430	48.39	 
62440	49.11	 
62460	49.77	 
62490	49.11	 
62510	52.13	 
62520	52.13	 
62600	50.43	 
62610	50.43	 
62660	50.43	 
62690	50.43	 
62700	53.11	 
62720	53.18	 
62720	53.18	 
62730	53.18	 
62740	53.18	 
62790	53.18	 
62800	50.43	 
62820	50.43	 
62920	53.86	 
62940	53.86	 
62950	53.86	 
62960	53.86	 
62970	53.86	 
62990	53.86	 
63100	50.31	 
63110	50.31	 
63120	50.31	 
63130	50.31	 
63140	50.31	 
63190	50.31	 
63200	53.17	 
63220	54.41	 
63230	51.04	 
63250	53.17	 
63290	53.17	 
64100	51.77	 
64120	51.79	 
64120	51.79	 
64130	52.93	 
64900	53.73	 
64920	53.73	 
64930	55.00	 
64940	53.73	 
64960	53.82	 
64990	53.02	 
