ISCO88	STDEMPST	DEEMPST	MCAMSIS	FCAMSIS	ISEI	TREI
1	-3	6	59.475	63.4166666666667	 	 
1	-2	5	59.475	63.4166666666667	 	 
1	-1	4	59.475	63.4166666666667	 	 
1	0	0	59.525	62.2416666666667	 	 
1	1	-1	60.4	56.7	 	 
1	2	-3	60.7583333333333	56.6083333333333	 	 
1	3	1	59.025	56.15	 	 
1	4	2	61.8916666666667	56.8666666666667	 	 
1	5	3	59.15	64.725	 	 
1	6	-2	59.4916666666667	63.6333333333333	 	 
2	-3	6	79.621052631579	73.3631578947368	 	 
2	-2	5	79.621052631579	73.3631578947368	 	 
2	-1	4	79.621052631579	73.3631578947368	 	 
2	0	0	79.9052631578947	74.0105263157895	 	 
2	1	-1	76.7	77	 	 
2	2	-3	76.8	77.0315789473684	 	 
2	3	1	76.2631578947368	77.0315789473684	 	 
2	4	2	78.4210526315789	76.5842105263158	 	 
2	5	3	79.8157894736842	72.8052631578947	 	 
2	6	-2	79.6368421052632	73.3315789473684	 	 
3	-3	6	54.4904761904762	53.9904761904762	 	 
3	-2	5	54.4904761904762	53.9904761904762	 	 
3	-1	4	54.4904761904762	53.9904761904762	 	 
3	0	0	55.5571428571429	55.2809523809524	 	 
3	1	-1	61.6	65.7	 	 
3	2	-3	63.2333333333333	66.4904761904762	 	 
3	3	1	59.0761904761905	66.5666666666667	 	 
3	4	2	66.8619047619048	66.4142857142857	 	 
3	5	3	55.352380952381	56.247619047619	 	 
3	6	-2	54.5190476190476	54.0333333333333	 	 
4	-3	6	50.2285714285714	54.2428571428571	 	 
4	-2	5	50.2285714285714	54.2428571428571	 	 
4	-1	4	50.2285714285714	54.2428571428571	 	 
4	0	0	50.3857142857143	54.4571428571429	 	 
4	1	-1	56.1	65.3	 	 
4	2	-3	57.5	70.5285714285714	 	 
4	3	1	53.7	75.2285714285714	 	 
4	4	2	61.3	54.1	 	 
4	5	3	50.2571428571429	61.3571428571429	 	 
4	6	-2	50.2285714285714	54.3714285714286	 	 
5	-3	6	45.9888888888889	46.7888888888889	 	 
5	-2	5	45.9888888888889	46.7888888888889	 	 
5	-1	4	45.9888888888889	46.7888888888889	 	 
5	0	0	47.6666666666667	49.1111111111111	 	 
5	1	-1	52.3	55.1	 	 
5	2	-3	53.2333333333333	54.8222222222222	 	 
5	3	1	50.8555555555555	55.3444444444444	 	 
5	4	2	54.8	54	 	 
5	5	3	46.1555555555556	55.3111111111111	 	 
5	6	-2	46.0222222222222	48	 	 
6	-3	6	38.0857142857143	34.2	 	 
6	-2	5	38.0857142857143	34.2	 	 
6	-1	4	38.0857142857143	34.2	 	 
6	0	0	42.5	28.4428571428571	 	 
6	1	-1	45.8	28.3	 	 
6	2	-3	48.6571428571429	42.7	 	 
6	3	1	41.8285714285714	39.6714285714286	 	 
6	4	2	56.7857142857143	44.9857142857143	 	 
6	5	3	41.4142857142857	4.3	 	 
6	6	-2	38.7428571428571	25.8428571428571	 	 
7	-3	6	37.33125	30.18125	 	 
7	-2	5	37.33125	30.18125	 	 
7	-1	4	37.33125	30.18125	 	 
7	0	0	40.23125	31.9125	 	 
7	1	-1	55.4	53.8	 	 
7	2	-3	56.025	54.7	 	 
7	3	1	53.60625	55.7875	 	 
7	4	2	56.65625	51	 	 
7	5	3	43.66875	32.9875	 	 
7	6	-2	37.3375	30.3375	 	 
8	-3	6	30.15	25.525	 	 
8	-2	5	30.15	25.525	 	 
8	-1	4	30.15	25.525	 	 
8	0	0	31.595	26.625	 	 
8	1	-1	45.8	40.1	 	 
8	2	-3	49.015	44.31	 	 
8	3	1	40.82	36.79	 	 
8	4	2	58.6	51.235	 	 
8	5	3	34.415	29.41	 	 
8	6	-2	30.175	25.535	 	 
9	-3	6	32.41	24.06	 	 
9	-2	5	32.41	24.06	 	 
9	-1	4	32.41	24.06	 	 
9	0	0	35.39	25.07	 	 
9	1	-1	48.9	23.3	 	 
9	2	-3	51.25	39.9	 	 
9	3	1	61.7	44.96	 	 
9	4	2	38.27	31.91	 	 
9	5	3	41.31	21.15	 	 
9	6	-2	33.8	24.17	 	 
11	-3	6	56.975	67.875	 	 
11	-2	5	56.975	67.875	 	 
11	-1	4	56.975	67.875	 	 
11	0	0	57.025	65.825	 	 
11	1	-1	57.8	68	 	 
11	2	-3	57.775	55.7	 	 
11	3	1	54.2	55	 	 
11	4	2	60.1	56.4	 	 
11	5	3	56.975	68	 	 
11	6	-2	56.975	67.875	 	 
12	-3	6	60.8	63.2666666666667	 	 
12	-2	5	60.8	63.2666666666667	 	 
12	-1	4	60.8	63.2666666666667	 	 
12	0	0	61.0666666666667	61.5166666666667	 	 
12	1	-1	63.2	57.2	 	 
12	2	-3	63.2833333333333	57.2	 	 
12	3	1	62.7333333333333	56.7166666666667	 	 
12	4	2	63.7666666666667	57.2	 	 
12	5	3	60.7333333333333	62.6	 	 
12	6	-2	60.8333333333333	63.2333333333333	 	 
13	-3	6	60.5	54.95	 	 
13	-2	5	60.5	54.95	 	 
13	-1	4	60.5	54.95	 	 
13	0	0	59.9	57.25	 	 
13	1	-1	58.8	56.9	 	 
13	2	-3	59.15	56.65	 	 
13	3	1	57.55	56.75	 	 
13	4	2	59.85	56.8	 	 
13	5	3	58.75	64.55	 	 
13	6	-2	60.5	56.35	 	 
21	-3	6	74.1	69.95	 	 
21	-2	5	74.1	69.95	 	 
21	-1	4	74.1	69.95	 	 
21	0	0	74.95	70.35	 	 
21	1	-1	78	69.8	 	 
21	2	-3	78.275	70.4	 	 
21	3	1	77.5	68.975	 	 
21	4	2	78.85	73.875	 	 
21	5	3	74.6	69.9	 	 
21	6	-2	74.15	69.95	 	 
22	-3	6	85.9	79.7	 	 
22	-2	5	85.9	79.7	 	 
22	-1	4	85.9	79.7	 	 
22	0	0	86	79.3333333333333	 	 
22	1	-1	89.5	78.4	 	 
22	2	-3	89.2333333333333	78.3333333333333	 	 
22	3	1	93.2	79.7	 	 
22	4	2	86.9	76.6	 	 
22	5	3	85.6	74.4	 	 
22	6	-2	85.9333333333333	79.5	 	 
23	-3	6	87.94	76.5	 	 
23	-2	5	87.94	76.5	 	 
23	-1	4	87.94	76.5	 	 
23	0	0	87.56	76.64	 	 
23	1	-1	68.9	82.1	 	 
23	2	-3	70.4	82.14	 	 
23	3	1	67.24	82.14	 	 
23	4	2	76.66	79.06	 	 
23	5	3	87.82	76.62	 	 
23	6	-2	87.94	76.5	 	 
24	-3	6	74.1428571428572	70.3571428571428	 	 
24	-2	5	74.1428571428572	70.3571428571428	 	 
24	-1	4	74.1428571428572	70.3571428571428	 	 
24	0	0	74.6571428571429	71.9428571428571	 	 
24	1	-1	75.1	76.6	 	 
24	2	-3	75.2	76.6142857142857	 	 
24	3	1	74.7428571428571	76.8428571428571	 	 
24	4	2	75.8	76.3571428571429	 	 
24	5	3	74.6	71.0571428571429	 	 
24	6	-2	74.1428571428572	70.3571428571428	 	 
31	-3	6	55.5	50.48	 	 
31	-2	5	55.5	50.48	 	 
31	-1	4	55.5	50.48	 	 
31	0	0	55.62	50.8	 	 
31	1	-1	66.7	67.5	 	 
31	2	-3	66.18	68.08	 	 
31	3	1	67.82	68.1	 	 
31	4	2	62.7	68.02	 	 
31	5	3	55.68	50.34	 	 
31	6	-2	55.5	50.48	 	 
32	-3	6	52.875	57.7	 	 
32	-2	5	52.875	57.7	 	 
32	-1	4	52.875	57.7	 	 
32	0	0	55.475	60.625	 	 
32	1	-1	60.7	71.3	 	 
32	2	-3	61.675	71.475	 	 
32	3	1	58	71.85	 	 
32	4	2	64.6	70.425	 	 
32	5	3	55.025	58.725	 	 
32	6	-2	53.025	57.775	 	 
33	-3	6	56.6	56.55	 	 
33	-2	5	56.6	56.55	 	 
33	-1	4	56.6	56.55	 	 
33	0	0	56.9	58.625	 	 
33	1	-1	58.1	64.7	 	 
33	2	-3	60.675	65.45	 	 
33	3	1	51.7	64.15	 	 
33	4	2	65.5	67.9	 	 
33	5	3	56.65	56.7	 	 
33	6	-2	56.6	56.6	 	 
34	-3	6	53.6125	53.05	 	 
34	-2	5	53.6125	53.05	 	 
34	-1	4	53.6125	53.05	 	 
34	0	0	54.8875	53.7375	 	 
34	1	-1	61.2	63.2	 	 
34	2	-3	63.45	63.525	 	 
34	3	1	57.8375	64.175	 	 
34	4	2	71.275	62.6625	 	 
34	5	3	54.6625	58.475	 	 
34	6	-2	53.6125	53.1	 	 
41	-3	6	49.44	55.12	 	 
41	-2	5	49.44	55.12	 	 
41	-1	4	49.44	55.12	 	 
41	0	0	49.66	55.36	 	 
41	1	-1	56.6	63.1	 	 
41	2	-3	58.26	69	 	 
41	3	1	53.7	75.58	 	 
41	4	2	61.3	54.1	 	 
41	5	3	49.48	58.66	 	 
41	6	-2	49.44	55.26	 	 
42	-3	6	52.2	52.05	 	 
42	-2	5	52.2	52.05	 	 
42	-1	4	52.2	52.05	 	 
42	0	0	52.2	52.2	 	 
42	1	-1	54.7	71.8	 	 
42	2	-3	55.6	74.35	 	 
42	3	1	53.7	74.35	 	 
42	4	2	61.3	54.1	 	 
42	5	3	52.2	68.1	 	 
42	6	-2	52.2	52.15	 	 
51	-3	6	46.5333333333333	49.0833333333333	 	 
51	-2	5	46.5333333333333	49.0833333333333	 	 
51	-1	4	46.5333333333333	49.0833333333333	 	 
51	0	0	47.8166666666667	50.8	 	 
51	1	-1	51.8	57.1	 	 
51	2	-3	52.6166666666667	57.1833333333333	 	 
51	3	1	49.1833333333333	57.9666666666667	 	 
51	4	2	54.8	55.95	 	 
51	5	3	46.5833333333333	54.4166666666667	 	 
51	6	-2	46.55	49.6333333333333	 	 
52	-3	6	44.9	42.2	 	 
52	-2	5	44.9	42.2	 	 
52	-1	4	44.9	42.2	 	 
52	0	0	47.3666666666667	45.7333333333333	 	 
52	1	-1	53.8	52.1	 	 
52	2	-3	54.4666666666667	50.1	 	 
52	3	1	54.2	50.1	 	 
52	4	2	54.8	50.1	 	 
52	5	3	45.3	57.1	 	 
52	6	-2	44.9666666666667	44.7333333333333	 	 
61	-3	6	38.1333333333333	33.9	 	 
61	-2	5	38.1333333333333	33.9	 	 
61	-1	4	38.1333333333333	33.9	 	 
61	0	0	42.4333333333333	27.75	 	 
61	1	-1	45.4	28.6	 	 
61	2	-3	48.25	42.85	 	 
61	3	1	41.3	40.4833333333333	 	 
61	4	2	56.7166666666667	44.3666666666667	 	 
61	5	3	41.35	4.3	 	 
61	6	-2	38.7333333333333	25.4666666666667	 	 
62	-3	6	37.8	36	 	 
62	-2	5	37.8	36	 	 
62	-1	4	37.8	36	 	 
62	0	0	42.9	32.6	 	 
62	1	-1	46	27	 	 
62	2	-3	51.1	41.8	 	 
62	3	1	45	34.8	 	 
62	4	2	57.2	48.7	 	 
62	5	3	41.8	4.3	 	 
62	6	-2	38.8	28.1	 	 
71	-3	6	34.975	20.575	 	 
71	-2	5	34.975	20.575	 	 
71	-1	4	34.975	20.575	 	 
71	0	0	37.55	23.075	 	 
71	1	-1	56	54.7	 	 
71	2	-3	57	54.95	 	 
71	3	1	52.85	57.45	 	 
71	4	2	58.5	51	 	 
71	5	3	40.9	25.45	 	 
71	6	-2	34.975	20.575	 	 
72	-3	6	40.35	31.625	 	 
72	-2	5	40.35	31.625	 	 
72	-1	4	40.35	31.625	 	 
72	0	0	41.3	32.175	 	 
72	1	-1	58.3	58.5	 	 
72	2	-3	58.7	59.05	 	 
72	3	1	57.275	57.45	 	 
72	4	2	59.275	51	 	 
72	5	3	44.625	31.625	 	 
72	6	-2	40.35	31.625	 	 
73	-3	6	39.35	37.675	 	 
73	-2	5	39.35	37.675	 	 
73	-1	4	39.35	37.675	 	 
73	0	0	43.85	40	 	 
73	1	-1	59.5	53.8	 	 
73	2	-3	59.6	54.25	 	 
73	3	1	59.6	55.55	 	 
73	4	2	59.6	51	 	 
73	5	3	43.975	42.675	 	 
73	6	-2	39.35	38.25	 	 
74	-3	6	34.65	30.85	 	 
74	-2	5	34.65	30.85	 	 
74	-1	4	34.65	30.85	 	 
74	0	0	38.225	32.4	 	 
74	1	-1	47.9	50.3	 	 
74	2	-3	48.8	50.55	 	 
74	3	1	44.7	52.7	 	 
74	4	2	49.25	51	 	 
74	5	3	45.175	32.2	 	 
74	6	-2	34.675	30.9	 	 
81	-3	6	30.1285714285714	20.1857142857143	 	 
81	-2	5	30.1285714285714	20.1857142857143	 	 
81	-1	4	30.1285714285714	20.1857142857143	 	 
81	0	0	31.5285714285714	21.5285714285714	 	 
81	1	-1	46.1	38.8	 	 
81	2	-3	48.8	42.4	 	 
81	3	1	39.6571428571429	28.0428571428571	 	 
81	4	2	58.6	51.7	 	 
81	5	3	31.7	24.1571428571429	 	 
81	6	-2	30.1285714285714	20.1857142857143	 	 
82	-3	6	27.9777777777778	23.5666666666667	 	 
82	-2	5	27.9777777777778	23.5666666666667	 	 
82	-1	4	27.9777777777778	23.5666666666667	 	 
82	0	0	29.7888888888889	24.7	 	 
82	1	-1	44.9	40.3	 	 
82	2	-3	47.7777777777778	42.7222222222222	 	 
82	3	1	39.2444444444444	37.5444444444444	 	 
82	4	2	58.6	50.8111111111111	 	 
82	5	3	34.4444444444444	24.1666666666667	 	 
82	6	-2	28.0333333333333	23.5888888888889	 	 
83	-3	6	35.075	39.275	 	 
83	-2	5	35.075	39.275	 	 
83	-1	4	35.075	39.275	 	 
83	0	0	35.775	39.875	 	 
83	1	-1	49.8	50.8	 	 
83	2	-3	52.175	51.225	 	 
83	3	1	46.4	50.4	 	 
83	4	2	58.6	51.375	 	 
83	5	3	39.1	50.4	 	 
83	6	-2	35.075	39.275	 	 
91	-3	6	35.8166666666667	27.3666666666667	 	 
91	-2	5	35.8166666666667	27.3666666666667	 	 
91	-1	4	35.8166666666667	27.3666666666667	 	 
91	0	0	38.2833333333333	28.3833333333333	 	 
91	1	-1	54.4	36.2	 	 
91	2	-3	51.45	37.4333333333333	 	 
91	3	1	61.7	42.8	 	 
91	4	2	45.5833333333333	30.6833333333333	 	 
91	5	3	36.35	19.5166666666667	 	 
91	6	-2	35.8833333333333	26.9833333333333	 	 
92	-3	6	27	11.1	 	 
92	-2	5	27	11.1	 	 
92	-1	4	27	11.1	 	 
92	0	0	41.1	14.6	 	 
92	1	-1	55.7	15.9	 	 
92	2	-3	55.9	48.2	 	 
92	3	1	61.7	48.2	 	 
92	4	2	27	48.2	 	 
92	5	3	55.1	15.4	 	 
92	6	-2	40.3	14.3	 	 
93	-3	6	27.4	21.7666666666667	 	 
93	-2	5	27.4	21.7666666666667	 	 
93	-1	4	27.4	21.7666666666667	 	 
93	0	0	27.7	21.9333333333333	 	 
93	1	-1	53.4	36	 	 
93	2	-3	49.3	42.0666666666667	 	 
93	3	1	61.7	48.2	 	 
93	4	2	27.4	28.9333333333333	 	 
93	5	3	46.6333333333333	26.3333333333333	 	 
93	6	-2	27.4666666666667	21.8333333333333	 	 
110	-3	6	49	63.9	 	 
110	-2	5	49	63.9	 	 
110	-1	4	49	63.9	 	 
110	0	0	49	63.9	 	 
110	1	-1	49	44.1	 	 
110	2	-3	49	44.1	 	 
110	3	1	49	44.1	 	 
110	4	2	49	44.1	 	 
110	5	3	49	44.1	 	 
110	6	-2	49	63.9	 	 
111	-3	6	56	68	 	 
111	-2	5	56	68	 	 
111	-1	4	56	68	 	 
111	0	0	56	68	 	 
111	1	-1	55.9	68	 	 
111	2	-3	57.4	55.7	 	 
111	3	1	54.2	55	 	 
111	4	2	60.5	56.4	 	 
111	5	3	56	68	 	 
111	6	-2	56	68	 	 
112	-3	6	57.1	68	 	 
112	-2	5	57.1	68	 	 
112	-1	4	57.1	68	 	 
112	0	0	57.2	63.9	 	 
112	1	-1	56.2	59.6	 	 
112	2	-3	57.4	55.7	 	 
112	3	1	54.2	55	 	 
112	4	2	60.5	56.4	 	 
112	5	3	57.1	68	 	 
112	6	-2	57.1	68	 	 
113	-3	6	57.1	68	 	 
113	-2	5	57.1	68	 	 
113	-1	4	57.1	68	 	 
113	0	0	57.2	63.9	 	 
113	1	-1	56.2	59.6	 	 
113	2	-3	57.4	55.7	 	 
113	3	1	54.2	55	 	 
113	4	2	60.5	56.4	 	 
113	5	3	57.1	68	 	 
113	6	-2	57.1	68	 	 
114	-3	6	57.7	67.5	 	 
114	-2	5	57.7	67.5	 	 
114	-1	4	57.7	67.5	 	 
114	0	0	57.7	67.5	 	 
114	1	-1	58.9	59.6	 	 
114	2	-3	58.9	55.7	 	 
114	3	1	54.2	55	 	 
114	4	2	58.9	56.4	 	 
114	5	3	57.7	68	 	 
114	6	-2	57.7	67.5	 	 
120	-3	6	63.2	59.6	 	 
120	-2	5	63.2	59.6	 	 
120	-1	4	63.2	59.6	 	 
120	0	0	63.2	59.6	 	 
120	1	-1	58.9	58.1	 	 
120	2	-3	58.9	58.1	 	 
120	3	1	63.5	55	 	 
120	4	2	58.9	58.1	 	 
120	5	3	63.2	59.6	 	 
120	6	-2	63.2	59.6	 	 
121	-3	6	66.8	67.5	 	 
121	-2	5	66.8	67.5	 	 
121	-1	4	66.8	67.5	 	 
121	0	0	63.9	63.4	 	 
121	1	-1	58.9	56.4	 	 
121	2	-3	58.9	56.3	 	 
121	3	1	58.9	56.3	 	 
121	4	2	58.9	56.3	 	 
121	5	3	64	64.5	 	 
121	6	-2	66.8	67.5	 	 
122	-3	6	51.4	67	 	 
122	-2	5	51.4	67	 	 
122	-1	4	51.4	67	 	 
122	0	0	53.6	65.8	 	 
122	1	-1	67.3	59.1	 	 
122	2	-3	68.5	58.6	 	 
122	3	1	63.5	59.5	 	 
122	4	2	70.4	58.1	 	 
122	5	3	53.2	67	 	 
122	6	-2	51.4	67	 	 
123	-3	6	64.2	59.3	 	 
123	-2	5	64.2	59.3	 	 
123	-1	4	64.2	59.3	 	 
123	0	0	64.3	59.3	 	 
123	1	-1	66.6	59	 	 
123	2	-3	67.8	58.8	 	 
123	3	1	63.5	59.5	 	 
123	4	2	70.4	58.1	 	 
123	5	3	64.2	59.3	 	 
123	6	-2	64.2	59.3	 	 
124	-3	6	59.6	63.1	 	 
124	-2	5	59.6	63.1	 	 
124	-1	4	59.6	63.1	 	 
124	0	0	60.7	60.5	 	 
124	1	-1	62.1	57.8	 	 
124	2	-3	62.8	55.7	 	 
124	3	1	63.5	55	 	 
124	4	2	62	56.3	 	 
124	5	3	59.9	62.6	 	 
124	6	-2	59.7	63	 	 
125	-3	6	59.6	63.1	 	 
125	-2	5	59.6	63.1	 	 
125	-1	4	59.6	63.1	 	 
125	0	0	60.7	60.5	 	 
125	1	-1	62.1	57.8	 	 
125	2	-3	62.8	55.7	 	 
125	3	1	63.5	55	 	 
125	4	2	62	56.3	 	 
125	5	3	59.9	62.6	 	 
125	6	-2	59.7	63	 	 
130	-3	6	67.2	65.4	 	 
130	-2	5	67.2	65.4	 	 
130	-1	4	67.2	65.4	 	 
130	0	0	66	61.3	 	 
130	1	-1	64.4	58.7	 	 
130	2	-3	64.5	58.5	 	 
130	3	1	64	59.5	 	 
130	4	2	64.6	58.1	 	 
130	5	3	66.1	61	 	 
130	6	-2	67.2	65.3	 	 
131	-3	6	53.8	44.5	 	 
131	-2	5	53.8	44.5	 	 
131	-1	4	53.8	44.5	 	 
131	0	0	53.8	53.2	 	 
131	1	-1	53.1	54.9	 	 
131	2	-3	53.8	54.8	 	 
131	3	1	51.1	54	 	 
131	4	2	55.1	55.5	 	 
131	5	3	51.4	68.1	 	 
131	6	-2	53.8	47.4	 	 
211	-3	6	88.8	74.7	 	 
211	-2	5	88.8	74.7	 	 
211	-1	4	88.8	74.7	 	 
211	0	0	88.8	74.4	 	 
211	1	-1	88.8	65.4	 	 
211	2	-3	88.8	65.4	 	 
211	3	1	88.8	65.4	 	 
211	4	2	88.8	76.7	 	 
211	5	3	88.8	74.7	 	 
211	6	-2	88.8	74.7	 	 
212	-3	6	69	67.6	 	 
212	-2	5	69	67.6	 	 
212	-1	4	69	67.6	 	 
212	0	0	70.8	68.7	 	 
212	1	-1	72.3	68	 	 
212	2	-3	74.1	71.1	 	 
212	3	1	73.1	65.4	 	 
212	4	2	75.1	76.7	 	 
212	5	3	69.6	67.4	 	 
212	6	-2	69.2	67.6	 	 
213	-3	6	71.4	72.1	 	 
213	-2	5	71.4	72.1	 	 
213	-1	4	71.4	72.1	 	 
213	0	0	72	72.9	 	 
213	1	-1	76.4	79.7	 	 
213	2	-3	76.4	79.7	 	 
213	3	1	76.4	79.7	 	 
213	4	2	76.4	76.7	 	 
213	5	3	72.1	72.1	 	 
213	6	-2	71.4	72.1	 	 
214	-3	6	67.2	65.4	 	 
214	-2	5	67.2	65.4	 	 
214	-1	4	67.2	65.4	 	 
214	0	0	68.2	65.4	 	 
214	1	-1	73.2	65.4	 	 
214	2	-3	73.8	65.4	 	 
214	3	1	71.7	65.4	 	 
214	4	2	75.1	65.4	 	 
214	5	3	67.9	65.4	 	 
214	6	-2	67.2	65.4	 	 
221	-3	6	80.4	83.5	 	 
221	-2	5	80.4	83.5	 	 
221	-1	4	80.4	83.5	 	 
221	0	0	81.3	82.6	 	 
221	1	-1	91.3	78.6	 	 
221	2	-3	90.3	79.7	 	 
221	3	1	93.2	79.7	 	 
221	4	2	86.9	76.6	 	 
221	5	3	80.4	68.1	 	 
221	6	-2	80.4	83	 	 
222	-3	6	90.3	77.5	 	 
222	-2	5	90.3	77.5	 	 
222	-1	4	90.3	77.5	 	 
222	0	0	88.6	77.3	 	 
222	1	-1	87.7	77.4	 	 
222	2	-3	87.3	77.1	 	 
222	3	1	93.2	79.7	 	 
222	4	2	86.9	76.6	 	 
222	5	3	89	77.4	 	 
222	6	-2	90.3	77.5	 	 
223	-3	6	87	78.1	 	 
223	-2	5	87	78.1	 	 
223	-1	4	87	78.1	 	 
223	0	0	88.1	78.1	 	 
223	1	-1	90.2	78.5	 	 
223	2	-3	90.1	78.2	 	 
223	3	1	93.2	79.7	 	 
223	4	2	86.9	76.6	 	 
223	5	3	87.4	77.7	 	 
223	6	-2	87.1	78	 	 
231	-3	6	98.7	77.7	 	 
231	-2	5	98.7	77.7	 	 
231	-1	4	98.7	77.7	 	 
231	0	0	97	77.7	 	 
231	1	-1	64.7	77.7	 	 
231	2	-3	64.7	77.7	 	 
231	3	1	64.7	77.7	 	 
231	4	2	80.4	77.7	 	 
231	5	3	98.7	77.7	 	 
231	6	-2	98.7	77.7	 	 
232	-3	6	77.6	74.8	 	 
232	-2	5	77.6	74.8	 	 
232	-1	4	77.6	74.8	 	 
232	0	0	77.4	75.1	 	 
232	1	-1	64.7	84.4	 	 
232	2	-3	64.7	84.4	 	 
232	3	1	64.7	84.4	 	 
232	4	2	64.7	84.4	 	 
232	5	3	77	75.1	 	 
232	6	-2	77.6	74.8	 	 
233	-3	6	87	72.8	 	 
233	-2	5	87	72.8	 	 
233	-1	4	87	72.8	 	 
233	0	0	87	72.8	 	 
233	1	-1	74.8	84.4	 	 
233	2	-3	72.6	84.4	 	 
233	3	1	64.7	84.4	 	 
233	4	2	80.4	76.7	 	 
233	5	3	87	72.8	 	 
233	6	-2	87	72.8	 	 
234	-3	6	99	78.6	 	 
234	-2	5	99	78.6	 	 
234	-1	4	99	78.6	 	 
234	0	0	99	78.7	 	 
234	1	-1	78.8	84.4	 	 
234	2	-3	72.6	84.4	 	 
234	3	1	64.7	84.4	 	 
234	4	2	80.4	76.7	 	 
234	5	3	99	78.6	 	 
234	6	-2	99	78.6	 	 
235	-3	6	77.4	78.6	 	 
235	-2	5	77.4	78.6	 	 
235	-1	4	77.4	78.6	 	 
235	0	0	77.4	78.9	 	 
235	1	-1	77.4	79.8	 	 
235	2	-3	77.4	79.8	 	 
235	3	1	77.4	79.8	 	 
235	4	2	77.4	79.8	 	 
235	5	3	77.4	78.9	 	 
235	6	-2	77.4	78.6	 	 
241	-3	6	64.9	68.4	 	 
241	-2	5	64.9	68.4	 	 
241	-1	4	64.9	68.4	 	 
241	0	0	69.1	68.4	 	 
241	1	-1	75.3	68.4	 	 
241	2	-3	76	68.4	 	 
241	3	1	73.9	68.4	 	 
241	4	2	77.7	68.4	 	 
241	5	3	68.7	68.4	 	 
241	6	-2	64.9	68.4	 	 
242	-3	6	80.7	72.3	 	 
242	-2	5	80.7	72.3	 	 
242	-1	4	80.7	72.3	 	 
242	0	0	82.1	73.5	 	 
242	1	-1	84.1	77.3	 	 
242	2	-3	84.1	77.4	 	 
242	3	1	83.9	77.4	 	 
242	4	2	84.1	77.4	 	 
242	5	3	82.1	73.5	 	 
242	6	-2	80.7	72.3	 	 
243	-3	6	70	67.2	 	 
243	-2	5	70	67.2	 	 
243	-1	4	70	67.2	 	 
243	0	0	70	67.2	 	 
243	1	-1	75	74.9	 	 
243	2	-3	77.9	78.3	 	 
243	3	1	77	79.1	 	 
243	4	2	78.7	77.4	 	 
243	5	3	70	67.2	 	 
243	6	-2	70	67.2	 	 
244	-3	6	68.6	67.4	 	 
244	-2	5	68.6	67.4	 	 
244	-1	4	68.6	67.4	 	 
244	0	0	68.7	69.4	 	 
244	1	-1	69.3	86.4	 	 
244	2	-3	69.3	86.6	 	 
244	3	1	69.3	86.6	 	 
244	4	2	69.3	86.6	 	 
244	5	3	68.7	69.6	 	 
244	6	-2	68.6	67.4	 	 
245	-3	6	82.3	66.6	 	 
245	-2	5	82.3	66.6	 	 
245	-1	4	82.3	66.6	 	 
245	0	0	80.3	74.5	 	 
245	1	-1	77.9	84.2	 	 
245	2	-3	77.9	84.4	 	 
245	3	1	77.9	84.4	 	 
245	4	2	77.9	84.4	 	 
245	5	3	80.2	68.1	 	 
245	6	-2	82.3	66.6	 	 
246	-3	6	88.3	87.7	 	 
246	-2	5	88.3	87.7	 	 
246	-1	4	88.3	87.7	 	 
246	0	0	88.2	87.7	 	 
246	1	-1	77	81.7	 	 
246	2	-3	77	78.3	 	 
246	3	1	77	79.1	 	 
246	4	2	78.7	77.4	 	 
246	5	3	88.3	87.7	 	 
246	6	-2	88.3	87.7	 	 
247	-3	6	64.2	62.9	 	 
247	-2	5	64.2	62.9	 	 
247	-1	4	64.2	62.9	 	 
247	0	0	64.2	62.9	 	 
247	1	-1	64.2	62.9	 	 
247	2	-3	64.2	62.9	 	 
247	3	1	64.2	62.9	 	 
247	4	2	64.2	62.9	 	 
247	5	3	64.2	62.9	 	 
247	6	-2	64.2	62.9	 	 
311	-3	6	52.5	51.6	 	 
311	-2	5	52.5	51.6	 	 
311	-1	4	52.5	51.6	 	 
311	0	0	53	51.9	 	 
311	1	-1	66.1	66.7	 	 
311	2	-3	65.2	68.1	 	 
311	3	1	68.3	68.1	 	 
311	4	2	62.7	68.1	 	 
311	5	3	52.9	52.5	 	 
311	6	-2	52.5	51.6	 	 
312	-3	6	63.9	51.6	 	 
312	-2	5	63.9	51.6	 	 
312	-1	4	63.9	51.6	 	 
312	0	0	64.1	52.2	 	 
312	1	-1	66.7	68.1	 	 
312	2	-3	66.2	68.1	 	 
312	3	1	67.5	68.1	 	 
312	4	2	62.7	68.1	 	 
312	5	3	64.4	51.6	 	 
312	6	-2	63.9	51.6	 	 
313	-3	6	68.2	65.2	 	 
313	-2	5	68.2	65.2	 	 
313	-1	4	68.2	65.2	 	 
313	0	0	67.2	65.7	 	 
313	1	-1	66.3	68.1	 	 
313	2	-3	65.6	68.1	 	 
313	3	1	67.5	68.1	 	 
313	4	2	62.7	68.1	 	 
313	5	3	68.2	65.2	 	 
313	6	-2	68.2	65.2	 	 
314	-3	6	50.8	51.6	 	 
314	-2	5	50.8	51.6	 	 
314	-1	4	50.8	51.6	 	 
314	0	0	51.4	51.6	 	 
314	1	-1	66.9	62	 	 
314	2	-3	66.5	68	 	 
314	3	1	67.5	68.1	 	 
314	4	2	62.7	67.9	 	 
314	5	3	50.8	50	 	 
314	6	-2	50.8	51.6	 	 
315	-3	6	42.1	32.4	 	 
315	-2	5	42.1	32.4	 	 
315	-1	4	42.1	32.4	 	 
315	0	0	42.4	32.6	 	 
315	1	-1	67.8	68.1	 	 
315	2	-3	67.4	68.1	 	 
315	3	1	68.3	68.1	 	 
315	4	2	62.7	67.9	 	 
315	5	3	42.1	32.4	 	 
315	6	-2	42.1	32.4	 	 
321	-3	6	65	62.3	 	 
321	-2	5	65	62.3	 	 
321	-1	4	65	62.3	 	 
321	0	0	64.6	62.4	 	 
321	1	-1	60.2	73.4	 	 
321	2	-3	61	78.9	 	 
321	3	1	58	78.9	 	 
321	4	2	64.6	77	 	 
321	5	3	65	62.3	 	 
321	6	-2	65	62.3	 	 
322	-3	6	47.1	63.6	 	 
322	-2	5	47.1	63.6	 	 
322	-1	4	47.1	63.6	 	 
322	0	0	53.7	67.1	 	 
322	1	-1	61.5	78.4	 	 
322	2	-3	62.6	78.3	 	 
322	3	1	58	78.9	 	 
322	4	2	64.6	77	 	 
322	5	3	53.2	66.7	 	 
322	6	-2	47.1	63.6	 	 
323	-3	6	48.5	50.7	 	 
323	-2	5	48.5	50.7	 	 
323	-1	4	48.5	50.7	 	 
323	0	0	48.8	50.7	 	 
323	1	-1	60.7	50.7	 	 
323	2	-3	61.8	50.7	 	 
323	3	1	58	50.7	 	 
323	4	2	64.6	50.7	 	 
323	5	3	48.5	50.7	 	 
323	6	-2	48.5	50.7	 	 
324	-3	6	50.9	54.2	 	 
324	-2	5	50.9	54.2	 	 
324	-1	4	50.9	54.2	 	 
324	0	0	54.8	62.3	 	 
324	1	-1	57.6	70.7	 	 
324	2	-3	61.3	78	 	 
324	3	1	58	78.9	 	 
324	4	2	64.6	77	 	 
324	5	3	53.4	55.2	 	 
324	6	-2	51.5	54.5	 	 
331	-3	6	57.4	53.2	 	 
331	-2	5	57.4	53.2	 	 
331	-1	4	57.4	53.2	 	 
331	0	0	57.8	57.3	 	 
331	1	-1	55.9	60.5	 	 
331	2	-3	58.6	65.3	 	 
331	3	1	51.7	62.7	 	 
331	4	2	65.5	67.9	 	 
331	5	3	57.5	53.4	 	 
331	6	-2	57.4	53.3	 	 
332	-3	6	52.9	51.3	 	 
332	-2	5	52.9	51.3	 	 
332	-1	4	52.9	51.3	 	 
332	0	0	53	51.4	 	 
332	1	-1	65.5	62.7	 	 
332	2	-3	65.5	62.7	 	 
332	3	1	51.7	62.7	 	 
332	4	2	65.5	67.9	 	 
332	5	3	52.9	51.5	 	 
332	6	-2	52.9	51.3	 	 
333	-3	6	57.4	53.2	 	 
333	-2	5	57.4	53.2	 	 
333	-1	4	57.4	53.2	 	 
333	0	0	57.8	57.3	 	 
333	1	-1	55.9	60.5	 	 
333	2	-3	58.6	65.3	 	 
333	3	1	51.7	62.7	 	 
333	4	2	65.5	67.9	 	 
333	5	3	57.5	53.4	 	 
333	6	-2	57.4	53.3	 	 
334	-3	6	58.7	68.5	 	 
334	-2	5	58.7	68.5	 	 
334	-1	4	58.7	68.5	 	 
334	0	0	59	68.5	 	 
334	1	-1	57.6	68.5	 	 
334	2	-3	60	68.5	 	 
334	3	1	51.7	68.5	 	 
334	4	2	65.5	67.9	 	 
334	5	3	58.7	68.5	 	 
334	6	-2	58.7	68.5	 	 
341	-3	6	52.1	52.4	 	 
341	-2	5	52.1	52.4	 	 
341	-1	4	52.1	52.4	 	 
341	0	0	54.2	52.8	 	 
341	1	-1	58.9	55.2	 	 
341	2	-3	59.8	55.8	 	 
341	3	1	57.7	55.5	 	 
341	4	2	63.7	56.8	 	 
341	5	3	53.9	52.7	 	 
341	6	-2	52.1	52.4	 	 
342	-3	6	59.9	64.8	 	 
342	-2	5	59.9	64.8	 	 
342	-1	4	59.9	64.8	 	 
342	0	0	59.9	62.8	 	 
342	1	-1	58.2	58	 	 
342	2	-3	59.8	58	 	 
342	3	1	55.7	58	 	 
342	4	2	66.7	58	 	 
342	5	3	60.1	62.9	 	 
342	6	-2	59.9	64.8	 	 
343	-3	6	56.9	52.4	 	 
343	-2	5	56.9	52.4	 	 
343	-1	4	56.9	52.4	 	 
343	0	0	57.7	52.7	 	 
343	1	-1	59.7	68.5	 	 
343	2	-3	63.1	67.8	 	 
343	3	1	53.4	69.7	 	 
343	4	2	74.9	63.7	 	 
343	5	3	57.3	68.1	 	 
343	6	-2	56.9	52.5	 	 
344	-3	6	50.9	52.4	 	 
344	-2	5	50.9	52.4	 	 
344	-1	4	50.9	52.4	 	 
344	0	0	51	52.4	 	 
344	1	-1	58.4	63.7	 	 
344	2	-3	61.5	63.7	 	 
344	3	1	53.4	63.7	 	 
344	4	2	74.9	63.7	 	 
344	5	3	50.9	52.4	 	 
344	6	-2	50.9	52.4	 	 
345	-3	6	57.2	63.9	 	 
345	-2	5	57.2	63.9	 	 
345	-1	4	57.2	63.9	 	 
345	0	0	57.2	63.9	 	 
345	1	-1	57.2	63.2	 	 
345	2	-3	57.2	61.9	 	 
345	3	1	57.2	63.7	 	 
345	4	2	69.3	60	 	 
345	5	3	57.2	63.9	 	 
345	6	-2	57.2	63.9	 	 
346	-3	6	58.2	39.5	 	 
346	-2	5	58.2	39.5	 	 
346	-1	4	58.2	39.5	 	 
346	0	0	58.3	40	 	 
346	1	-1	61.9	62.7	 	 
346	2	-3	63.8	62.7	 	 
346	3	1	58.2	62.7	 	 
346	4	2	69.3	62.7	 	 
346	5	3	58.2	62.7	 	 
346	6	-2	58.2	39.6	 	 
347	-3	6	61.2	60.1	 	 
347	-2	5	61.2	60.1	 	 
347	-1	4	61.2	60.1	 	 
347	0	0	67.1	66.4	 	 
347	1	-1	71.5	76.1	 	 
347	2	-3	73.1	76.4	 	 
347	3	1	69.1	76.4	 	 
347	4	2	82.1	76.4	 	 
347	5	3	67.2	66.2	 	 
347	6	-2	61.2	60.3	 	 
348	-3	6	32.5	38.9	 	 
348	-2	5	32.5	38.9	 	 
348	-1	4	32.5	38.9	 	 
348	0	0	33.7	38.9	 	 
348	1	-1	69.3	54.8	 	 
348	2	-3	69.3	61.9	 	 
348	3	1	58	63.7	 	 
348	4	2	69.3	60	 	 
348	5	3	32.5	38.9	 	 
348	6	-2	32.5	38.9	 	 
411	-3	6	52.3	62.8	 	 
411	-2	5	52.3	62.8	 	 
411	-1	4	52.3	62.8	 	 
411	0	0	52.7	63	 	 
411	1	-1	56.6	70	 	 
411	2	-3	59.4	70.2	 	 
411	3	1	53.7	77.1	 	 
411	4	2	61.3	54.1	 	 
411	5	3	52.3	68.1	 	 
411	6	-2	52.3	62.9	 	 
412	-3	6	55.8	62.8	 	 
412	-2	5	55.8	62.8	 	 
412	-1	4	55.8	62.8	 	 
412	0	0	55.8	62.9	 	 
412	1	-1	55.3	72.9	 	 
412	2	-3	56.4	74.2	 	 
412	3	1	53.7	77.1	 	 
412	4	2	61.3	54.1	 	 
412	5	3	55.8	62.8	 	 
412	6	-2	55.8	62.8	 	 
413	-3	6	41.8	53.1	 	 
413	-2	5	41.8	53.1	 	 
413	-1	4	41.8	53.1	 	 
413	0	0	42.1	53.3	 	 
413	1	-1	58.5	62.7	 	 
413	2	-3	60.4	60.5	 	 
413	3	1	53.7	73.3	 	 
413	4	2	61.3	54.1	 	 
413	5	3	41.8	53.1	 	 
413	6	-2	41.8	53.1	 	 
414	-3	6	43.1	41.2	 	 
414	-2	5	43.1	41.2	 	 
414	-1	4	43.1	41.2	 	 
414	0	0	43.3	41.3	 	 
414	1	-1	55.2	77.1	 	 
414	2	-3	56.2	77.1	 	 
414	3	1	53.7	77.1	 	 
414	4	2	61.3	54.1	 	 
414	5	3	43.1	41.2	 	 
414	6	-2	43.1	41.2	 	 
419	-3	6	54.2	55.7	 	 
419	-2	5	54.2	55.7	 	 
419	-1	4	54.2	55.7	 	 
419	0	0	54.4	56.3	 	 
419	1	-1	57.4	67.6	 	 
419	2	-3	58.9	63	 	 
419	3	1	53.7	73.3	 	 
419	4	2	61.3	54.1	 	 
419	5	3	54.4	68.1	 	 
419	6	-2	54.2	56.3	 	 
421	-3	6	50.2	47.1	 	 
421	-2	5	50.2	47.1	 	 
421	-1	4	50.2	47.1	 	 
421	0	0	50.2	47.2	 	 
421	1	-1	53.8	71	 	 
421	2	-3	57.5	75.4	 	 
421	3	1	53.7	75.4	 	 
421	4	2	61.3	54.1	 	 
421	5	3	50.2	68.1	 	 
421	6	-2	50.2	47.2	 	 
422	-3	6	54.2	57	 	 
422	-2	5	54.2	57	 	 
422	-1	4	54.2	57	 	 
422	0	0	54.2	57.2	 	 
422	1	-1	53.7	71.6	 	 
422	2	-3	53.7	73.3	 	 
422	3	1	53.7	73.3	 	 
422	4	2	61.3	54.1	 	 
422	5	3	54.2	68.1	 	 
422	6	-2	54.2	57.1	 	 
511	-3	6	45.5	65.8	 	 
511	-2	5	45.5	65.8	 	 
511	-1	4	45.5	65.8	 	 
511	0	0	45.5	65.8	 	 
511	1	-1	45.5	65.8	 	 
511	2	-3	54.5	65.8	 	 
511	3	1	54.2	65.8	 	 
511	4	2	54.8	55.6	 	 
511	5	3	45.5	57.1	 	 
511	6	-2	45.5	65.8	 	 
512	-3	6	43.3	35.2	 	 
512	-2	5	43.3	35.2	 	 
512	-1	4	43.3	35.2	 	 
512	0	0	44.2	35.9	 	 
512	1	-1	49.6	52	 	 
512	2	-3	51.8	58.5	 	 
512	3	1	43.3	58.5	 	 
512	4	2	54.8	58.5	 	 
512	5	3	43.3	41	 	 
512	6	-2	43.3	35.3	 	 
513	-3	6	48	51.2	 	 
513	-2	5	48	51.2	 	 
513	-1	4	48	51.2	 	 
513	0	0	48.3	51.2	 	 
513	1	-1	52.6	51	 	 
513	2	-3	53.7	46.8	 	 
513	3	1	48	46.4	 	 
513	4	2	54.8	55.6	 	 
513	5	3	48	57.1	 	 
513	6	-2	48	51.3	 	 
514	-3	6	47.7	45.6	 	 
514	-2	5	47.7	45.6	 	 
514	-1	4	47.7	45.6	 	 
514	0	0	51.6	49.2	 	 
514	1	-1	52.5	58.6	 	 
514	2	-3	53.5	57.8	 	 
514	3	1	47.7	60.1	 	 
514	4	2	54.8	54.8	 	 
514	5	3	47.7	57.1	 	 
514	6	-2	47.7	45.7	 	 
515	-3	6	47	45	 	 
515	-2	5	47	45	 	 
515	-1	4	47	45	 	 
515	0	0	49.6	51	 	 
515	1	-1	52	57.6	 	 
515	2	-3	54.5	57.1	 	 
515	3	1	54.2	58.5	 	 
515	4	2	54.8	55.6	 	 
515	5	3	47.3	57.1	 	 
515	6	-2	47.1	48	 	 
516	-3	6	47.7	51.7	 	 
516	-2	5	47.7	51.7	 	 
516	-1	4	47.7	51.7	 	 
516	0	0	47.7	51.7	 	 
516	1	-1	47.7	57.6	 	 
516	2	-3	47.7	57.1	 	 
516	3	1	47.7	58.5	 	 
516	4	2	54.8	55.6	 	 
516	5	3	47.7	57.1	 	 
516	6	-2	47.7	51.7	 	 
521	-3	6	44.9	42.2	 	 
521	-2	5	44.9	42.2	 	 
521	-1	4	44.9	42.2	 	 
521	0	0	48.2	47.3	 	 
521	1	-1	51.3	52.4	 	 
521	2	-3	54.5	50.1	 	 
521	3	1	54.2	50.1	 	 
521	4	2	54.8	50.1	 	 
521	5	3	45.3	57.1	 	 
521	6	-2	45	45.9	 	 
522	-3	6	44.9	42.2	 	 
522	-2	5	44.9	42.2	 	 
522	-1	4	44.9	42.2	 	 
522	0	0	45.7	42.6	 	 
522	1	-1	53.8	52.1	 	 
522	2	-3	54.4	50.1	 	 
522	3	1	54.2	50.1	 	 
522	4	2	54.8	50.1	 	 
522	5	3	45.3	57.1	 	 
522	6	-2	44.9	42.4	 	 
523	-3	6	44.9	42.2	 	 
523	-2	5	44.9	42.2	 	 
523	-1	4	44.9	42.2	 	 
523	0	0	48.2	47.3	 	 
523	1	-1	51.3	52.4	 	 
523	2	-3	54.5	50.1	 	 
523	3	1	54.2	50.1	 	 
523	4	2	54.8	50.1	 	 
523	5	3	45.3	57.1	 	 
523	6	-2	45	45.9	 	 
610	-3	6	38.8	37.8	 	 
610	-2	5	38.8	37.8	 	 
610	-1	4	38.8	37.8	 	 
610	0	0	48.1	17.8	 	 
610	1	-1	47.5	15.2	 	 
610	2	-3	49.1	22.7	 	 
610	3	1	45.4	22.7	 	 
610	4	2	57.9	22.7	 	 
610	5	3	45.4	4.3	 	 
610	6	-2	41	15	 	 
611	-3	6	37.3	37.8	 	 
611	-2	5	37.3	37.8	 	 
611	-1	4	37.3	37.8	 	 
611	0	0	41.8	37.9	 	 
611	1	-1	48.3	42.7	 	 
611	2	-3	50.7	52.7	 	 
611	3	1	42.5	57.9	 	 
611	4	2	56	48.7	 	 
611	5	3	42.5	4.3	 	 
611	6	-2	37.4	35.4	 	 
612	-3	6	38.3	37.8	 	 
612	-2	5	38.3	37.8	 	 
612	-1	4	38.3	37.8	 	 
612	0	0	39.8	39.4	 	 
612	1	-1	42.7	51	 	 
612	2	-3	45.7	56.3	 	 
612	3	1	38.3	57.9	 	 
612	4	2	57.2	48.7	 	 
612	5	3	38.3	4.3	 	 
612	6	-2	38.3	36.4	 	 
613	-3	6	37.8	36	 	 
613	-2	5	37.8	36	 	 
613	-1	4	37.8	36	 	 
613	0	0	42.9	32.6	 	 
613	1	-1	46	27	 	 
613	2	-3	51.1	41.8	 	 
613	3	1	45	34.8	 	 
613	4	2	57.2	48.7	 	 
613	5	3	41.8	4.3	 	 
613	6	-2	38.8	28.1	 	 
614	-3	6	38.3	18	 	 
614	-2	5	38.3	18	 	 
614	-1	4	38.3	18	 	 
614	0	0	38.9	18.6	 	 
614	1	-1	43	30.7	 	 
614	2	-3	45.7	41.8	 	 
614	3	1	38.3	34.8	 	 
614	4	2	56	48.7	 	 
614	5	3	38.3	4.3	 	 
614	6	-2	38.3	17.7	 	 
615	-3	6	38.3	36	 	 
615	-2	5	38.3	36	 	 
615	-1	4	38.3	36	 	 
615	0	0	43.1	20.2	 	 
615	1	-1	44.1	4.3	 	 
615	2	-3	47.2	41.8	 	 
615	3	1	38.3	34.8	 	 
615	4	2	56	48.7	 	 
615	5	3	41.8	4.3	 	 
615	6	-2	38.6	20.2	 	 
621	-3	6	37.8	36	 	 
621	-2	5	37.8	36	 	 
621	-1	4	37.8	36	 	 
621	0	0	42.9	32.6	 	 
621	1	-1	46	27	 	 
621	2	-3	51.1	41.8	 	 
621	3	1	45	34.8	 	 
621	4	2	57.2	48.7	 	 
621	5	3	41.8	4.3	 	 
621	6	-2	38.8	28.1	 	 
711	-3	6	32.8	10.1	 	 
711	-2	5	32.8	10.1	 	 
711	-1	4	32.8	10.1	 	 
711	0	0	34.3	15.9	 	 
711	1	-1	57.8	61.8	 	 
711	2	-3	59.4	59.1	 	 
711	3	1	51.7	67.1	 	 
711	4	2	60.3	51	 	 
711	5	3	32.8	29.6	 	 
711	6	-2	32.8	10.1	 	 
712	-3	6	33.6	10.1	 	 
712	-2	5	33.6	10.1	 	 
712	-1	4	33.6	10.1	 	 
712	0	0	35.4	12.6	 	 
712	1	-1	53.2	48.9	 	 
712	2	-3	55.5	49.4	 	 
712	3	1	46.9	47.8	 	 
712	4	2	60.3	51	 	 
712	5	3	35.2	10.1	 	 
712	6	-2	33.6	10.1	 	 
713	-3	6	39.6	33.3	 	 
713	-2	5	39.6	33.3	 	 
713	-1	4	39.6	33.3	 	 
713	0	0	41.1	33.8	 	 
713	1	-1	53	47.6	 	 
713	2	-3	53.5	49.6	 	 
713	3	1	51.3	47.8	 	 
713	4	2	54.3	51	 	 
713	5	3	40.5	33.3	 	 
713	6	-2	39.6	33.3	 	 
714	-3	6	33.9	28.8	 	 
714	-2	5	33.9	28.8	 	 
714	-1	4	33.9	28.8	 	 
714	0	0	39.4	30	 	 
714	1	-1	59.9	63.9	 	 
714	2	-3	59.6	61.7	 	 
714	3	1	61.5	67.1	 	 
714	4	2	59.1	51	 	 
714	5	3	55.1	28.8	 	 
714	6	-2	33.9	28.8	 	 
721	-3	6	36.6	28.8	 	 
721	-2	5	36.6	28.8	 	 
721	-1	4	36.6	28.8	 	 
721	0	0	37.4	29.7	 	 
721	1	-1	54.9	67.1	 	 
721	2	-3	55.4	67.1	 	 
721	3	1	53.3	67.1	 	 
721	4	2	56.3	51	 	 
721	5	3	37.3	28.8	 	 
721	6	-2	36.6	28.8	 	 
722	-3	6	38.7	28.8	 	 
722	-2	5	38.7	28.8	 	 
722	-1	4	38.7	28.8	 	 
722	0	0	39.8	29.5	 	 
722	1	-1	70.1	67.1	 	 
722	2	-3	70.1	67.1	 	 
722	3	1	70.1	67.1	 	 
722	4	2	70.1	51	 	 
722	5	3	39.2	28.8	 	 
722	6	-2	38.7	28.8	 	 
723	-3	6	39.8	28.8	 	 
723	-2	5	39.8	28.8	 	 
723	-1	4	39.8	28.8	 	 
723	0	0	40.9	29.2	 	 
723	1	-1	54.9	51	 	 
723	2	-3	55.4	51	 	 
723	3	1	53.4	47.8	 	 
723	4	2	56.2	51	 	 
723	5	3	55.1	28.8	 	 
723	6	-2	39.8	28.8	 	 
724	-3	6	46.3	40.1	 	 
724	-2	5	46.3	40.1	 	 
724	-1	4	46.3	40.1	 	 
724	0	0	47.1	40.3	 	 
724	1	-1	53.5	51	 	 
724	2	-3	53.9	51	 	 
724	3	1	52.3	47.8	 	 
724	4	2	54.5	51	 	 
724	5	3	46.9	40.1	 	 
724	6	-2	46.3	40.1	 	 
731	-3	6	49.9	49.7	 	 
731	-2	5	49.9	49.7	 	 
731	-1	4	49.9	49.7	 	 
731	0	0	52.7	49.7	 	 
731	1	-1	60.2	49.9	 	 
731	2	-3	60.2	50.1	 	 
731	3	1	60.2	49.7	 	 
731	4	2	60.2	51	 	 
731	5	3	51.5	49.7	 	 
731	6	-2	49.9	49.7	 	 
732	-3	6	31.9	27.9	 	 
732	-2	5	31.9	27.9	 	 
732	-1	4	31.9	27.9	 	 
732	0	0	35.3	33	 	 
732	1	-1	57.9	63.7	 	 
732	2	-3	59.4	64.2	 	 
732	3	1	59.4	67.1	 	 
732	4	2	59.4	51	 	 
732	5	3	31.9	27.9	 	 
732	6	-2	31.9	27.9	 	 
733	-3	6	31.9	29.9	 	 
733	-2	5	31.9	29.9	 	 
733	-1	4	31.9	29.9	 	 
733	0	0	42.2	32.6	 	 
733	1	-1	59.4	42.2	 	 
733	2	-3	59.4	38.3	 	 
733	3	1	59.4	38.3	 	 
733	4	2	59.4	51	 	 
733	5	3	46.8	46	 	 
733	6	-2	31.9	32.2	 	 
734	-3	6	43.7	43.2	 	 
734	-2	5	43.7	43.2	 	 
734	-1	4	43.7	43.2	 	 
734	0	0	45.2	44.7	 	 
734	1	-1	59.4	64.8	 	 
734	2	-3	59.4	64.4	 	 
734	3	1	59.4	67.1	 	 
734	4	2	59.4	51	 	 
734	5	3	45.7	47.1	 	 
734	6	-2	43.7	43.2	 	 
741	-3	6	33.1	31.8	 	 
741	-2	5	33.1	31.8	 	 
741	-1	4	33.1	31.8	 	 
741	0	0	38.8	34.7	 	 
741	1	-1	50	55.7	 	 
741	2	-3	52.1	56	 	 
741	3	1	34.7	67.1	 	 
741	4	2	54.4	51	 	 
741	5	3	35.5	35.1	 	 
741	6	-2	33.1	31.9	 	 
742	-3	6	37.4	31.8	 	 
742	-2	5	37.4	31.8	 	 
742	-1	4	37.4	31.8	 	 
742	0	0	40.9	33	 	 
742	1	-1	58.1	51.8	 	 
742	2	-3	57.9	61.7	 	 
742	3	1	58.9	67.1	 	 
742	4	2	57.4	51	 	 
742	5	3	55.1	31.8	 	 
742	6	-2	37.4	31.8	 	 
743	-3	6	33.6	29.9	 	 
743	-2	5	33.6	29.9	 	 
743	-1	4	33.6	29.9	 	 
743	0	0	38.1	30.8	 	 
743	1	-1	49.5	39	 	 
743	2	-3	49.4	39.8	 	 
743	3	1	49.4	38.3	 	 
743	4	2	49.4	51	 	 
743	5	3	55.1	30.6	 	 
743	6	-2	33.7	29.9	 	 
744	-3	6	34.5	29.9	 	 
744	-2	5	34.5	29.9	 	 
744	-1	4	34.5	29.9	 	 
744	0	0	35.1	31.1	 	 
744	1	-1	35.8	38.1	 	 
744	2	-3	35.8	44.7	 	 
744	3	1	35.8	38.3	 	 
744	4	2	35.8	51	 	 
744	5	3	35	31.3	 	 
744	6	-2	34.5	30	 	 
811	-3	6	26.9	16.3	 	 
811	-2	5	26.9	16.3	 	 
811	-1	4	26.9	16.3	 	 
811	0	0	26.9	16.3	 	 
811	1	-1	43.8	29	 	 
811	2	-3	52.5	38.1	 	 
811	3	1	46.4	24.5	 	 
811	4	2	58.6	51.7	 	 
811	5	3	32.4	24.5	 	 
811	6	-2	26.9	16.3	 	 
812	-3	6	32.7	16.3	 	 
812	-2	5	32.7	16.3	 	 
812	-1	4	32.7	16.3	 	 
812	0	0	32.8	18.1	 	 
812	1	-1	41.4	51.7	 	 
812	2	-3	45.7	51.7	 	 
812	3	1	32.7	51.7	 	 
812	4	2	58.6	51.7	 	 
812	5	3	32.7	24.5	 	 
812	6	-2	32.7	16.3	 	 
813	-3	6	26.9	16.3	 	 
813	-2	5	26.9	16.3	 	 
813	-1	4	26.9	16.3	 	 
813	0	0	28.2	16.3	 	 
813	1	-1	58.6	29	 	 
813	2	-3	58.6	38.1	 	 
813	3	1	46.4	24.5	 	 
813	4	2	58.6	51.7	 	 
813	5	3	32.4	24.5	 	 
813	6	-2	26.9	16.3	 	 
814	-3	6	24.5	16.3	 	 
814	-2	5	24.5	16.3	 	 
814	-1	4	24.5	16.3	 	 
814	0	0	26.2	19.4	 	 
814	1	-1	39.1	51.7	 	 
814	2	-3	45	51.7	 	 
814	3	1	24.5	16.3	 	 
814	4	2	58.6	51.7	 	 
814	5	3	24.5	16.3	 	 
814	6	-2	24.5	16.3	 	 
815	-3	6	32.7	30.3	 	 
815	-2	5	32.7	30.3	 	 
815	-1	4	32.7	30.3	 	 
815	0	0	32.7	30.3	 	 
815	1	-1	43.9	33.9	 	 
815	2	-3	52.5	41	 	 
815	3	1	46.4	30.3	 	 
815	4	2	58.6	51.7	 	 
815	5	3	32.7	30.3	 	 
815	6	-2	32.7	30.3	 	 
816	-3	6	34.8	21.3	 	 
816	-2	5	34.8	21.3	 	 
816	-1	4	34.8	21.3	 	 
816	0	0	34.8	21.3	 	 
816	1	-1	34.8	29	 	 
816	2	-3	34.8	38.1	 	 
816	3	1	34.8	24.5	 	 
816	4	2	58.6	51.7	 	 
816	5	3	34.8	24.5	 	 
816	6	-2	34.8	21.3	 	 
817	-3	6	32.4	24.5	 	 
817	-2	5	32.4	24.5	 	 
817	-1	4	32.4	24.5	 	 
817	0	0	39.1	29	 	 
817	1	-1	43.8	29	 	 
817	2	-3	52.5	38.1	 	 
817	3	1	46.4	24.5	 	 
817	4	2	58.6	51.7	 	 
817	5	3	32.4	24.5	 	 
817	6	-2	32.4	24.5	 	 
821	-3	6	27.4	21.3	 	 
821	-2	5	27.4	21.3	 	 
821	-1	4	27.4	21.3	 	 
821	0	0	27.8	21.3	 	 
821	1	-1	50.5	26.4	 	 
821	2	-3	52.5	36.5	 	 
821	3	1	46.4	21.3	 	 
821	4	2	58.6	51.7	 	 
821	5	3	27.4	21.3	 	 
821	6	-2	27.4	21.3	 	 
822	-3	6	30.2	43.7	 	 
822	-2	5	30.2	43.7	 	 
822	-1	4	30.2	43.7	 	 
822	0	0	30.4	43.7	 	 
822	1	-1	34.3	43.7	 	 
822	2	-3	37.3	43.7	 	 
822	3	1	30.2	43.7	 	 
822	4	2	58.6	43.7	 	 
822	5	3	30.2	43.7	 	 
822	6	-2	30.2	43.7	 	 
823	-3	6	30.2	25.4	 	 
823	-2	5	30.2	25.4	 	 
823	-1	4	30.2	25.4	 	 
823	0	0	30.9	25.4	 	 
823	1	-1	44.1	25.4	 	 
823	2	-3	48	25.4	 	 
823	3	1	30.2	25.4	 	 
823	4	2	58.6	51.7	 	 
823	5	3	55.1	25.4	 	 
823	6	-2	30.3	25.4	 	 
824	-3	6	28.6	23.2	 	 
824	-2	5	28.6	23.2	 	 
824	-1	4	28.6	23.2	 	 
824	0	0	36.6	28.2	 	 
824	1	-1	42.5	28.6	 	 
824	2	-3	52.5	37.9	 	 
824	3	1	46.4	24	 	 
824	4	2	58.6	51.7	 	 
824	5	3	28.6	24	 	 
824	6	-2	28.6	23.4	 	 
825	-3	6	35.7	9	 	 
825	-2	5	35.7	9	 	 
825	-1	4	35.7	9	 	 
825	0	0	35.7	10.5	 	 
825	1	-1	44.9	51.7	 	 
825	2	-3	52.5	51.7	 	 
825	3	1	46.4	51.7	 	 
825	4	2	58.6	51.7	 	 
825	5	3	35.7	9	 	 
825	6	-2	35.7	9	 	 
826	-3	6	21.8	16.7	 	 
826	-2	5	21.8	16.7	 	 
826	-1	4	21.8	16.7	 	 
826	0	0	27	19.4	 	 
826	1	-1	54.4	50	 	 
826	2	-3	56	51.7	 	 
826	3	1	46.4	51.7	 	 
826	4	2	58.6	51.7	 	 
826	5	3	55.1	21.3	 	 
826	6	-2	22.2	16.7	 	 
827	-3	6	20	30	 	 
827	-2	5	20	30	 	 
827	-1	4	20	30	 	 
827	0	0	21.6	30.9	 	 
827	1	-1	42.5	51.7	 	 
827	2	-3	47.3	51.7	 	 
827	3	1	30.4	51.7	 	 
827	4	2	58.6	51.7	 	 
827	5	3	20	30	 	 
827	6	-2	20	30	 	 
828	-3	6	27.5	26.1	 	 
828	-2	5	27.5	26.1	 	 
828	-1	4	27.5	26.1	 	 
828	0	0	27.7	26.2	 	 
828	1	-1	34.5	51.7	 	 
828	2	-3	37.5	51.7	 	 
828	3	1	30.4	51.7	 	 
828	4	2	58.6	51.7	 	 
828	5	3	27.5	26.1	 	 
828	6	-2	27.5	26.1	 	 
829	-3	6	30.4	16.7	 	 
829	-2	5	30.4	16.7	 	 
829	-1	4	30.4	16.7	 	 
829	0	0	30.4	16.7	 	 
829	1	-1	46.4	22.5	 	 
829	2	-3	46.4	34.2	 	 
829	3	1	46.4	16.7	 	 
829	4	2	58.6	51.7	 	 
829	5	3	30.4	16.7	 	 
829	6	-2	30.4	16.7	 	 
831	-3	6	39	16.7	 	 
831	-2	5	39	16.7	 	 
831	-1	4	39	16.7	 	 
831	0	0	39	17.5	 	 
831	1	-1	46.4	51.7	 	 
831	2	-3	46.4	51.7	 	 
831	3	1	46.4	50.4	 	 
831	4	2	58.6	51.7	 	 
831	5	3	39	50.4	 	 
831	6	-2	39	16.7	 	 
832	-3	6	33.5	50.4	 	 
832	-2	5	33.5	50.4	 	 
832	-1	4	33.5	50.4	 	 
832	0	0	34.4	50.4	 	 
832	1	-1	49.2	50.4	 	 
832	2	-3	50.8	50.4	 	 
832	3	1	46.4	50.4	 	 
832	4	2	58.6	50.4	 	 
832	5	3	55.1	50.4	 	 
832	6	-2	33.5	50.4	 	 
833	-3	6	28.8	26.1	 	 
833	-2	5	28.8	26.1	 	 
833	-1	4	28.8	26.1	 	 
833	0	0	29.1	27.7	 	 
833	1	-1	50.8	51.7	 	 
833	2	-3	52.9	51.7	 	 
833	3	1	46.4	50.4	 	 
833	4	2	58.6	51.7	 	 
833	5	3	28.8	50.4	 	 
833	6	-2	28.8	26.1	 	 
834	-3	6	39	63.9	 	 
834	-2	5	39	63.9	 	 
834	-1	4	39	63.9	 	 
834	0	0	40.6	63.9	 	 
834	1	-1	58.6	50.6	 	 
834	2	-3	58.6	51.1	 	 
834	3	1	46.4	50.4	 	 
834	4	2	58.6	51.7	 	 
834	5	3	33.5	50.4	 	 
834	6	-2	39	63.9	 	 
911	-3	6	37.4	20.4	 	 
911	-2	5	37.4	20.4	 	 
911	-1	4	37.4	20.4	 	 
911	0	0	44	22.9	 	 
911	1	-1	52.3	28.6	 	 
911	2	-3	56.8	30.3	 	 
911	3	1	61.7	40.1	 	 
911	4	2	51.8	20.5	 	 
911	5	3	38.3	15.4	 	 
911	6	-2	37.6	19.2	 	 
912	-3	6	37.4	20.4	 	 
912	-2	5	37.4	20.4	 	 
912	-1	4	37.4	20.4	 	 
912	0	0	44	22.9	 	 
912	1	-1	52.3	28.6	 	 
912	2	-3	56.8	30.3	 	 
912	3	1	61.7	40.1	 	 
912	4	2	51.8	20.5	 	 
912	5	3	38.3	15.4	 	 
912	6	-2	37.6	19.2	 	 
913	-3	6	33.2	18.8	 	 
913	-2	5	33.2	18.8	 	 
913	-1	4	33.2	18.8	 	 
913	0	0	33.7	19	 	 
913	1	-1	49.5	40.1	 	 
913	2	-3	44.6	40.1	 	 
913	3	1	61.7	40.1	 	 
913	4	2	33.2	40.1	 	 
913	5	3	33.2	40.1	 	 
913	6	-2	33.2	18.9	 	 
914	-3	6	39.8	36	 	 
914	-2	5	39.8	36	 	 
914	-1	4	39.8	36	 	 
914	0	0	40.4	36.7	 	 
914	1	-1	58.2	48.2	 	 
914	2	-3	58.2	48.2	 	 
914	3	1	61.7	48.2	 	 
914	4	2	51.8	48.2	 	 
914	5	3	41.2	15.4	 	 
914	6	-2	39.8	36	 	 
915	-3	6	34	34.3	 	 
915	-2	5	34	34.3	 	 
915	-1	4	34	34.3	 	 
915	0	0	34.5	34.5	 	 
915	1	-1	60.3	46.6	 	 
915	2	-3	59.2	45.4	 	 
915	3	1	61.7	48.2	 	 
915	4	2	51.8	34.3	 	 
915	5	3	34	15.4	 	 
915	6	-2	34	34.3	 	 
916	-3	6	33.1	34.3	 	 
916	-2	5	33.1	34.3	 	 
916	-1	4	33.1	34.3	 	 
916	0	0	33.1	34.3	 	 
916	1	-1	33.1	28.6	 	 
916	2	-3	33.1	30.3	 	 
916	3	1	61.7	40.1	 	 
916	4	2	33.1	20.5	 	 
916	5	3	33.1	15.4	 	 
916	6	-2	33.1	34.3	 	 
921	-3	6	27	11.1	 	 
921	-2	5	27	11.1	 	 
921	-1	4	27	11.1	 	 
921	0	0	41.1	14.6	 	 
921	1	-1	55.7	15.9	 	 
921	2	-3	55.9	48.2	 	 
921	3	1	61.7	48.2	 	 
921	4	2	27	48.2	 	 
921	5	3	55.1	15.4	 	 
921	6	-2	40.3	14.3	 	 
931	-3	6	23	11.3	 	 
931	-2	5	23	11.3	 	 
931	-1	4	23	11.3	 	 
931	0	0	23.4	11.4	 	 
931	1	-1	55.9	15.4	 	 
931	2	-3	52	29.8	 	 
931	3	1	61.7	48.2	 	 
931	4	2	23	11.3	 	 
931	5	3	55.1	15.4	 	 
931	6	-2	23.1	11.4	 	 
932	-3	6	29.5	27	 	 
932	-2	5	29.5	27	 	 
932	-1	4	29.5	27	 	 
932	0	0	29.6	27.2	 	 
932	1	-1	52.6	48.2	 	 
932	2	-3	45.6	48.2	 	 
932	3	1	61.7	48.2	 	 
932	4	2	29.5	27.3	 	 
932	5	3	55.1	48.2	 	 
932	6	-2	29.6	27.1	 	 
933	-3	6	29.7	27	 	 
933	-2	5	29.7	27	 	 
933	-1	4	29.7	27	 	 
933	0	0	30.1	27.2	 	 
933	1	-1	54.8	48.2	 	 
933	2	-3	50.3	48.2	 	 
933	3	1	61.7	48.2	 	 
933	4	2	29.7	48.2	 	 
933	5	3	29.7	15.4	 	 
933	6	-2	29.7	27	 	 
1000	-3	6	59.475	63.4166666666667	55	51
1000	-2	5	59.475	63.4166666666667	55	51
1000	-1	4	59.475	63.4166666666667	55	51
1000	0	0	59.525	62.2416666666667	55	51
1000	1	-1	60.4	56.7	55	51
1000	2	-3	60.7583333333333	56.6083333333333	55	51
1000	3	1	59.025	56.15	55	51
1000	4	2	61.8916666666667	56.8666666666667	55	51
1000	5	3	59.15	64.725	55	51
1000	6	-2	59.4916666666667	63.6333333333333	55	51
1100	-3	6	56.975	67.875	70	67
1100	-2	5	56.975	67.875	70	67
1100	-1	4	56.975	67.875	70	67
1100	0	0	57.025	65.825	70	67
1100	1	-1	57.8	68	70	67
1100	2	-3	57.775	55.7	70	67
1100	3	1	54.2	55	70	67
1100	4	2	60.1	56.4	70	67
1100	5	3	56.975	68	70	67
1100	6	-2	56.975	67.875	70	67
1110	-3	6	56	68	77	64
1110	-2	5	56	68	77	64
1110	-1	4	56	68	77	64
1110	0	0	56	68	77	64
1110	1	-1	55.9	68	77	64
1110	2	-3	57.4	55.7	77	64
1110	3	1	54.2	55	77	64
1110	4	2	60.5	56.4	77	64
1110	5	3	56	68	77	64
1110	6	-2	56	68	77	64
1120	-3	6	57.1	68	77	71
1120	-2	5	57.1	68	77	71
1120	-1	4	57.1	68	77	71
1120	0	0	57.2	63.9	77	71
1120	1	-1	56.2	59.6	77	71
1120	2	-3	57.4	55.7	77	71
1120	3	1	54.2	55	77	71
1120	4	2	60.5	56.4	77	71
1120	5	3	57.1	68	77	71
1120	6	-2	57.1	68	77	71
1130	-3	6	57.1	68	66	63
1130	-2	5	57.1	68	66	63
1130	-1	4	57.1	68	66	63
1130	0	0	57.2	63.9	66	63
1130	1	-1	56.2	59.6	66	63
1130	2	-3	57.4	55.7	66	63
1130	3	1	54.2	55	66	63
1130	4	2	60.5	56.4	66	63
1130	5	3	57.1	68	66	63
1130	6	-2	57.1	68	66	63
1140	-3	6	57.7	67.5	58	63
1140	-2	5	57.7	67.5	58	63
1140	-1	4	57.7	67.5	58	63
1140	0	0	57.7	67.5	58	63
1140	1	-1	58.9	59.6	58	63
1140	2	-3	58.9	55.7	58	63
1140	3	1	54.2	55	58	63
1140	4	2	58.9	56.4	58	63
1140	5	3	57.7	68	58	63
1140	6	-2	57.7	67.5	58	63
1200	-3	6	60.8	63.2666666666667	68	60
1200	-2	5	60.8	63.2666666666667	68	60
1200	-1	4	60.8	63.2666666666667	68	60
1200	0	0	61.0666666666667	61.5166666666667	68	60
1200	1	-1	63.2	57.2	68	60
1200	2	-3	63.2833333333333	57.2	68	60
1200	3	1	62.7333333333333	56.7166666666667	68	60
1200	4	2	63.7666666666667	57.2	68	60
1200	5	3	60.7333333333333	62.6	68	60
1200	6	-2	60.8333333333333	63.2333333333333	68	60
1210	-3	6	66.8	67.5	70	70
1210	-2	5	66.8	67.5	70	70
1210	-1	4	66.8	67.5	70	70
1210	0	0	63.9	63.4	70	70
1210	1	-1	58.9	56.4	70	70
1210	2	-3	58.9	56.3	70	70
1210	3	1	58.9	56.3	70	70
1210	4	2	58.9	56.3	70	70
1210	5	3	64	64.5	70	70
1210	6	-2	66.8	67.5	70	70
1220	-3	6	51.4	67	67	63
1220	-2	5	51.4	67	67	63
1220	-1	4	51.4	67	67	63
1220	0	0	53.6	65.8	67	63
1220	1	-1	67.3	59.1	67	63
1220	2	-3	68.5	58.6	67	63
1220	3	1	63.5	59.5	67	63
1220	4	2	70.4	58.1	67	63
1220	5	3	53.2	67	67	63
1220	6	-2	51.4	67	67	63
1230	-3	6	64.2	59.3	61	60
1230	-2	5	64.2	59.3	61	60
1230	-1	4	64.2	59.3	61	60
1230	0	0	64.3	59.3	61	60
1230	1	-1	66.6	59	61	60
1230	2	-3	67.8	58.8	61	60
1230	3	1	63.5	59.5	61	60
1230	4	2	70.4	58.1	61	60
1230	5	3	64.2	59.3	61	60
1230	6	-2	64.2	59.3	61	60
1240	-3	6	59.6	63.1	58	55
1240	-2	5	59.6	63.1	58	55
1240	-1	4	59.6	63.1	58	55
1240	0	0	60.7	60.5	58	55
1240	1	-1	62.1	57.8	58	55
1240	2	-3	62.8	55.7	58	55
1240	3	1	63.5	55	58	55
1240	4	2	62	56.3	58	55
1240	5	3	59.9	62.6	58	55
1240	6	-2	59.7	63	58	55
1250	-3	6	59.6	63.1	64	65
1250	-2	5	59.6	63.1	64	65
1250	-1	4	59.6	63.1	64	65
1250	0	0	60.7	60.5	64	65
1250	1	-1	62.1	57.8	64	65
1250	2	-3	62.8	55.7	64	65
1250	3	1	63.5	55	64	65
1250	4	2	62	56.3	64	65
1250	5	3	59.9	62.6	64	65
1250	6	-2	59.7	63	64	65
1300	-3	6	60.5	54.95	51	50
1300	-2	5	60.5	54.95	51	50
1300	-1	4	60.5	54.95	51	50
1300	0	0	59.9	57.25	51	50
1300	1	-1	58.8	56.9	51	50
1300	2	-3	59.15	56.65	51	50
1300	3	1	57.55	56.75	51	50
1300	4	2	59.85	56.8	51	50
1300	5	3	58.75	64.55	51	50
1300	6	-2	60.5	56.35	51	50
1310	-3	6	53.8	44.5	51	50
1310	-2	5	53.8	44.5	51	50
1310	-1	4	53.8	44.5	51	50
1310	0	0	53.8	53.2	51	50
1310	1	-1	53.1	54.9	51	50
1310	2	-3	53.8	54.8	51	50
1310	3	1	51.1	54	51	50
1310	4	2	55.1	55.5	51	50
1310	5	3	51.4	68.1	51	50
1310	6	-2	53.8	47.4	51	50
2000	-3	6	79.621052631579	73.3631578947368	70	62
2000	-2	5	79.621052631579	73.3631578947368	70	62
2000	-1	4	79.621052631579	73.3631578947368	70	62
2000	0	0	79.9052631578947	74.0105263157895	70	62
2000	1	-1	76.7	77	70	62
2000	2	-3	76.8	77.0315789473684	70	62
2000	3	1	76.2631578947368	77.0315789473684	70	62
2000	4	2	78.4210526315789	76.5842105263158	70	62
2000	5	3	79.8157894736842	72.8052631578947	70	62
2000	6	-2	79.6368421052632	73.3315789473684	70	62
2100	-3	6	74.1	69.95	69	63
2100	-2	5	74.1	69.95	69	63
2100	-1	4	74.1	69.95	69	63
2100	0	0	74.95	70.35	69	63
2100	1	-1	78	69.8	69	63
2100	2	-3	78.275	70.4	69	63
2100	3	1	77.5	68.975	69	63
2100	4	2	78.85	73.875	69	63
2100	5	3	74.6	69.9	69	63
2100	6	-2	74.15	69.95	69	63
2110	-3	6	88.8	74.7	74	69
2110	-2	5	88.8	74.7	74	69
2110	-1	4	88.8	74.7	74	69
2110	0	0	88.8	74.4	74	69
2110	1	-1	88.8	65.4	74	69
2110	2	-3	88.8	65.4	74	69
2110	3	1	88.8	65.4	74	69
2110	4	2	88.8	76.7	74	69
2110	5	3	88.8	74.7	74	69
2110	6	-2	88.8	74.7	74	69
2120	-3	6	69	67.6	71	56
2120	-2	5	69	67.6	71	56
2120	-1	4	69	67.6	71	56
2120	0	0	70.8	68.7	71	56
2120	1	-1	72.3	68	71	56
2120	2	-3	74.1	71.1	71	56
2120	3	1	73.1	65.4	71	56
2120	4	2	75.1	76.7	71	56
2120	5	3	69.6	67.4	71	56
2120	6	-2	69.2	67.6	71	56
2130	-3	6	71.4	72.1	71	51
2130	-2	5	71.4	72.1	71	51
2130	-1	4	71.4	72.1	71	51
2130	0	0	72	72.9	71	51
2130	1	-1	76.4	79.7	71	51
2130	2	-3	76.4	79.7	71	51
2130	3	1	76.4	79.7	71	51
2130	4	2	76.4	76.7	71	51
2130	5	3	72.1	72.1	71	51
2130	6	-2	71.4	72.1	71	51
2140	-3	6	67.2	65.4	73	63
2140	-2	5	67.2	65.4	73	63
2140	-1	4	67.2	65.4	73	63
2140	0	0	68.2	65.4	73	63
2140	1	-1	73.2	65.4	73	63
2140	2	-3	73.8	65.4	73	63
2140	3	1	71.7	65.4	73	63
2140	4	2	75.1	65.4	73	63
2140	5	3	67.9	65.4	73	63
2140	6	-2	67.2	65.4	73	63
2200	-3	6	85.9	79.7	80	70
2200	-2	5	85.9	79.7	80	70
2200	-1	4	85.9	79.7	80	70
2200	0	0	86	79.3333333333333	80	70
2200	1	-1	89.5	78.4	80	70
2200	2	-3	89.2333333333333	78.3333333333333	80	70
2200	3	1	93.2	79.7	80	70
2200	4	2	86.9	76.6	80	70
2200	5	3	85.6	74.4	80	70
2200	6	-2	85.9333333333333	79.5	80	70
2210	-3	6	80.4	83.5	78	62
2210	-2	5	80.4	83.5	78	62
2210	-1	4	80.4	83.5	78	62
2210	0	0	81.3	82.6	78	62
2210	1	-1	91.3	78.6	78	62
2210	2	-3	90.3	79.7	78	62
2210	3	1	93.2	79.7	78	62
2210	4	2	86.9	76.6	78	62
2210	5	3	80.4	68.1	78	62
2210	6	-2	80.4	83	78	62
2220	-3	6	90.3	77.5	85	73
2220	-2	5	90.3	77.5	85	73
2220	-1	4	90.3	77.5	85	73
2220	0	0	88.6	77.3	85	73
2220	1	-1	87.7	77.4	85	73
2220	2	-3	87.3	77.1	85	73
2220	3	1	93.2	79.7	85	73
2220	4	2	86.9	76.6	85	73
2220	5	3	89	77.4	85	73
2220	6	-2	90.3	77.5	85	73
2230	-3	6	87	78.1	43	54
2230	-2	5	87	78.1	43	54
2230	-1	4	87	78.1	43	54
2230	0	0	88.1	78.1	43	54
2230	1	-1	90.2	78.5	43	54
2230	2	-3	90.1	78.2	43	54
2230	3	1	93.2	79.7	43	54
2230	4	2	86.9	76.6	43	54
2230	5	3	87.4	77.7	43	54
2230	6	-2	87.1	78	43	54
2300	-3	6	87.94	76.5	69	61
2300	-2	5	87.94	76.5	69	61
2300	-1	4	87.94	76.5	69	61
2300	0	0	87.56	76.64	69	61
2300	1	-1	68.9	82.1	69	61
2300	2	-3	70.4	82.14	69	61
2300	3	1	67.24	82.14	69	61
2300	4	2	76.66	79.06	69	61
2300	5	3	87.82	76.62	69	61
2300	6	-2	87.94	76.5	69	61
2310	-3	6	98.7	77.7	77	78
2310	-2	5	98.7	77.7	77	78
2310	-1	4	98.7	77.7	77	78
2310	0	0	97	77.7	77	78
2310	1	-1	64.7	77.7	77	78
2310	2	-3	64.7	77.7	77	78
2310	3	1	64.7	77.7	77	78
2310	4	2	80.4	77.7	77	78
2310	5	3	98.7	77.7	77	78
2310	6	-2	98.7	77.7	77	78
2320	-3	6	77.6	74.8	69	60
2320	-2	5	77.6	74.8	69	60
2320	-1	4	77.6	74.8	69	60
2320	0	0	77.4	75.1	69	60
2320	1	-1	64.7	84.4	69	60
2320	2	-3	64.7	84.4	69	60
2320	3	1	64.7	84.4	69	60
2320	4	2	64.7	84.4	69	60
2320	5	3	77	75.1	69	60
2320	6	-2	77.6	74.8	69	60
2330	-3	6	87	72.8	66	57
2330	-2	5	87	72.8	66	57
2330	-1	4	87	72.8	66	57
2330	0	0	87	72.8	66	57
2330	1	-1	74.8	84.4	66	57
2330	2	-3	72.6	84.4	66	57
2330	3	1	64.7	84.4	66	57
2330	4	2	80.4	76.7	66	57
2330	5	3	87	72.8	66	57
2330	6	-2	87	72.8	66	57
2340	-3	6	99	78.6	66	62
2340	-2	5	99	78.6	66	62
2340	-1	4	99	78.6	66	62
2340	0	0	99	78.7	66	62
2340	1	-1	78.8	84.4	66	62
2340	2	-3	72.6	84.4	66	62
2340	3	1	64.7	84.4	66	62
2340	4	2	80.4	76.7	66	62
2340	5	3	99	78.6	66	62
2340	6	-2	99	78.6	66	62
2350	-3	6	77.4	78.6	66	62
2350	-2	5	77.4	78.6	66	62
2350	-1	4	77.4	78.6	66	62
2350	0	0	77.4	78.9	66	62
2350	1	-1	77.4	79.8	66	62
2350	2	-3	77.4	79.8	66	62
2350	3	1	77.4	79.8	66	62
2350	4	2	77.4	79.8	66	62
2350	5	3	77.4	78.9	66	62
2350	6	-2	77.4	78.6	66	62
2400	-3	6	74.1428571428572	70.3571428571428	68	60
2400	-2	5	74.1428571428572	70.3571428571428	68	60
2400	-1	4	74.1428571428572	70.3571428571428	68	60
2400	0	0	74.6571428571429	71.9428571428571	68	60
2400	1	-1	75.1	76.6	68	60
2400	2	-3	75.2	76.6142857142857	68	60
2400	3	1	74.7428571428571	76.8428571428571	68	60
2400	4	2	75.8	76.3571428571429	68	60
2400	5	3	74.6	71.0571428571429	68	60
2400	6	-2	74.1428571428572	70.3571428571428	68	60
2410	-3	6	64.9	68.4	69	57
2410	-2	5	64.9	68.4	69	57
2410	-1	4	64.9	68.4	69	57
2410	0	0	69.1	68.4	69	57
2410	1	-1	75.3	68.4	69	57
2410	2	-3	76	68.4	69	57
2410	3	1	73.9	68.4	69	57
2410	4	2	77.7	68.4	69	57
2410	5	3	68.7	68.4	69	57
2410	6	-2	64.9	68.4	69	57
2420	-3	6	80.7	72.3	85	73
2420	-2	5	80.7	72.3	85	73
2420	-1	4	80.7	72.3	85	73
2420	0	0	82.1	73.5	85	73
2420	1	-1	84.1	77.3	85	73
2420	2	-3	84.1	77.4	85	73
2420	3	1	83.9	77.4	85	73
2420	4	2	84.1	77.4	85	73
2420	5	3	82.1	73.5	85	73
2420	6	-2	80.7	72.3	85	73
2430	-3	6	70	67.2	65	54
2430	-2	5	70	67.2	65	54
2430	-1	4	70	67.2	65	54
2430	0	0	70	67.2	65	54
2430	1	-1	75	74.9	65	54
2430	2	-3	77.9	78.3	65	54
2430	3	1	77	79.1	65	54
2430	4	2	78.7	77.4	65	54
2430	5	3	70	67.2	65	54
2430	6	-2	70	67.2	65	54
2440	-3	6	68.6	67.4	65	58
2440	-2	5	68.6	67.4	65	58
2440	-1	4	68.6	67.4	65	58
2440	0	0	68.7	69.4	65	58
2440	1	-1	69.3	86.4	65	58
2440	2	-3	69.3	86.6	65	58
2440	3	1	69.3	86.6	65	58
2440	4	2	69.3	86.6	65	58
2440	5	3	68.7	69.6	65	58
2440	6	-2	68.6	67.4	65	58
2450	-3	6	82.3	66.6	61	57
2450	-2	5	82.3	66.6	61	57
2450	-1	4	82.3	66.6	61	57
2450	0	0	80.3	74.5	61	57
2450	1	-1	77.9	84.2	61	57
2450	2	-3	77.9	84.4	61	57
2450	3	1	77.9	84.4	61	57
2450	4	2	77.9	84.4	61	57
2450	5	3	80.2	68.1	61	57
2450	6	-2	82.3	66.6	61	57
2460	-3	6	88.3	87.7	53	60
2460	-2	5	88.3	87.7	53	60
2460	-1	4	88.3	87.7	53	60
2460	0	0	88.2	87.7	53	60
2460	1	-1	77	81.7	53	60
2460	2	-3	77	78.3	53	60
2460	3	1	77	79.1	53	60
2460	4	2	78.7	77.4	53	60
2460	5	3	88.3	87.7	53	60
2460	6	-2	88.3	87.7	53	60
2470	-3	6	64.2	62.9	 	 
2470	-2	5	64.2	62.9	 	 
2470	-1	4	64.2	62.9	 	 
2470	0	0	64.2	62.9	 	 
2470	1	-1	64.2	62.9	 	 
2470	2	-3	64.2	62.9	 	 
2470	3	1	64.2	62.9	 	 
2470	4	2	64.2	62.9	 	 
2470	5	3	64.2	62.9	 	 
2470	6	-2	64.2	62.9	 	 
3000	-3	6	54.4904761904762	53.9904761904762	54	48
3000	-2	5	54.4904761904762	53.9904761904762	54	48
3000	-1	4	54.4904761904762	53.9904761904762	54	48
3000	0	0	55.5571428571429	55.2809523809524	54	48
3000	1	-1	61.6	65.7	54	48
3000	2	-3	63.2333333333333	66.4904761904762	54	48
3000	3	1	59.0761904761905	66.5666666666667	54	48
3000	4	2	66.8619047619048	66.4142857142857	54	48
3000	5	3	55.352380952381	56.247619047619	54	48
3000	6	-2	54.5190476190476	54.0333333333333	54	48
3100	-3	6	55.5	50.48	50	48
3100	-2	5	55.5	50.48	50	48
3100	-1	4	55.5	50.48	50	48
3100	0	0	55.62	50.8	50	48
3100	1	-1	66.7	67.5	50	48
3100	2	-3	66.18	68.08	50	48
3100	3	1	67.82	68.1	50	48
3100	4	2	62.7	68.02	50	48
3100	5	3	55.68	50.34	50	48
3100	6	-2	55.5	50.48	50	48
3110	-3	6	52.5	51.6	49	47
3110	-2	5	52.5	51.6	49	47
3110	-1	4	52.5	51.6	49	47
3110	0	0	53	51.9	49	47
3110	1	-1	66.1	66.7	49	47
3110	2	-3	65.2	68.1	49	47
3110	3	1	68.3	68.1	49	47
3110	4	2	62.7	68.1	49	47
3110	5	3	52.9	52.5	49	47
3110	6	-2	52.5	51.6	49	47
3120	-3	6	63.9	51.6	52	53
3120	-2	5	63.9	51.6	52	53
3120	-1	4	63.9	51.6	52	53
3120	0	0	64.1	52.2	52	53
3120	1	-1	66.7	68.1	52	53
3120	2	-3	66.2	68.1	52	53
3120	3	1	67.5	68.1	52	53
3120	4	2	62.7	68.1	52	53
3120	5	3	64.4	51.6	52	53
3120	6	-2	63.9	51.6	52	53
3130	-3	6	68.2	65.2	52	46
3130	-2	5	68.2	65.2	52	46
3130	-1	4	68.2	65.2	52	46
3130	0	0	67.2	65.7	52	46
3130	1	-1	66.3	68.1	52	46
3130	2	-3	65.6	68.1	52	46
3130	3	1	67.5	68.1	52	46
3130	4	2	62.7	68.1	52	46
3130	5	3	68.2	65.2	52	46
3130	6	-2	68.2	65.2	52	46
3140	-3	6	50.8	51.6	57	57
3140	-2	5	50.8	51.6	57	57
3140	-1	4	50.8	51.6	57	57
3140	0	0	51.4	51.6	57	57
3140	1	-1	66.9	62	57	57
3140	2	-3	66.5	68	57	57
3140	3	1	67.5	68.1	57	57
3140	4	2	62.7	67.9	57	57
3140	5	3	50.8	50	57	57
3140	6	-2	50.8	51.6	57	57
3150	-3	6	42.1	32.4	50	54
3150	-2	5	42.1	32.4	50	54
3150	-1	4	42.1	32.4	50	54
3150	0	0	42.4	32.6	50	54
3150	1	-1	67.8	68.1	50	54
3150	2	-3	67.4	68.1	50	54
3150	3	1	68.3	68.1	50	54
3150	4	2	62.7	67.9	50	54
3150	5	3	42.1	32.4	50	54
3150	6	-2	42.1	32.4	50	54
3200	-3	6	52.875	57.7	48	51
3200	-2	5	52.875	57.7	48	51
3200	-1	4	52.875	57.7	48	51
3200	0	0	55.475	60.625	48	51
3200	1	-1	60.7	71.3	48	51
3200	2	-3	61.675	71.475	48	51
3200	3	1	58	71.85	48	51
3200	4	2	64.6	70.425	48	51
3200	5	3	55.025	58.725	48	51
3200	6	-2	53.025	57.775	48	51
3210	-3	6	65	62.3	50	52
3210	-2	5	65	62.3	50	52
3210	-1	4	65	62.3	50	52
3210	0	0	64.6	62.4	50	52
3210	1	-1	60.2	73.4	50	52
3210	2	-3	61	78.9	50	52
3210	3	1	58	78.9	50	52
3210	4	2	64.6	77	50	52
3210	5	3	65	62.3	50	52
3210	6	-2	65	62.3	50	52
3220	-3	6	47.1	63.6	55	51
3220	-2	5	47.1	63.6	55	51
3220	-1	4	47.1	63.6	55	51
3220	0	0	53.7	67.1	55	51
3220	1	-1	61.5	78.4	55	51
3220	2	-3	62.6	78.3	55	51
3220	3	1	58	78.9	55	51
3220	4	2	64.6	77	55	51
3220	5	3	53.2	66.7	55	51
3220	6	-2	47.1	63.6	55	51
3230	-3	6	48.5	50.7	38	44
3230	-2	5	48.5	50.7	38	44
3230	-1	4	48.5	50.7	38	44
3230	0	0	48.8	50.7	38	44
3230	1	-1	60.7	50.7	38	44
3230	2	-3	61.8	50.7	38	44
3230	3	1	58	50.7	38	44
3230	4	2	64.6	50.7	38	44
3230	5	3	48.5	50.7	38	44
3230	6	-2	48.5	50.7	38	44
3240	-3	6	50.9	54.2	49	29
3240	-2	5	50.9	54.2	49	29
3240	-1	4	50.9	54.2	49	29
3240	0	0	54.8	62.3	49	29
3240	1	-1	57.6	70.7	49	29
3240	2	-3	61.3	78	49	29
3240	3	1	58	78.9	49	29
3240	4	2	64.6	77	49	29
3240	5	3	53.4	55.2	49	29
3240	6	-2	51.5	54.5	49	29
3300	-3	6	56.6	56.55	38	50
3300	-2	5	56.6	56.55	38	50
3300	-1	4	56.6	56.55	38	50
3300	0	0	56.9	58.625	38	50
3300	1	-1	58.1	64.7	38	50
3300	2	-3	60.675	65.45	38	50
3300	3	1	51.7	64.15	38	50
3300	4	2	65.5	67.9	38	50
3300	5	3	56.65	56.7	38	50
3300	6	-2	56.6	56.6	38	50
3310	-3	6	57.4	53.2	38	50
3310	-2	5	57.4	53.2	38	50
3310	-1	4	57.4	53.2	38	50
3310	0	0	57.8	57.3	38	50
3310	1	-1	55.9	60.5	38	50
3310	2	-3	58.6	65.3	38	50
3310	3	1	51.7	62.7	38	50
3310	4	2	65.5	67.9	38	50
3310	5	3	57.5	53.4	38	50
3310	6	-2	57.4	53.3	38	50
3320	-3	6	52.9	51.3	38	50
3320	-2	5	52.9	51.3	38	50
3320	-1	4	52.9	51.3	38	50
3320	0	0	53	51.4	38	50
3320	1	-1	65.5	62.7	38	50
3320	2	-3	65.5	62.7	38	50
3320	3	1	51.7	62.7	38	50
3320	4	2	65.5	67.9	38	50
3320	5	3	52.9	51.5	38	50
3320	6	-2	52.9	51.3	38	50
3330	-3	6	57.4	53.2	38	50
3330	-2	5	57.4	53.2	38	50
3330	-1	4	57.4	53.2	38	50
3330	0	0	57.8	57.3	38	50
3330	1	-1	55.9	60.5	38	50
3330	2	-3	58.6	65.3	38	50
3330	3	1	51.7	62.7	38	50
3330	4	2	65.5	67.9	38	50
3330	5	3	57.5	53.4	38	50
3330	6	-2	57.4	53.3	38	50
3340	-3	6	58.7	68.5	38	50
3340	-2	5	58.7	68.5	38	50
3340	-1	4	58.7	68.5	38	50
3340	0	0	59	68.5	38	50
3340	1	-1	57.6	68.5	38	50
3340	2	-3	60	68.5	38	50
3340	3	1	51.7	68.5	38	50
3340	4	2	65.5	67.9	38	50
3340	5	3	58.7	68.5	38	50
3340	6	-2	58.7	68.5	38	50
3400	-3	6	53.6125	53.05	55	48
3400	-2	5	53.6125	53.05	55	48
3400	-1	4	53.6125	53.05	55	48
3400	0	0	54.8875	53.7375	55	48
3400	1	-1	61.2	63.2	55	48
3400	2	-3	63.45	63.525	55	48
3400	3	1	57.8375	64.175	55	48
3400	4	2	71.275	62.6625	55	48
3400	5	3	54.6625	58.475	55	48
3400	6	-2	53.6125	53.1	55	48
3410	-3	6	52.1	52.4	55	47
3410	-2	5	52.1	52.4	55	47
3410	-1	4	52.1	52.4	55	47
3410	0	0	54.2	52.8	55	47
3410	1	-1	58.9	55.2	55	47
3410	2	-3	59.8	55.8	55	47
3410	3	1	57.7	55.5	55	47
3410	4	2	63.7	56.8	55	47
3410	5	3	53.9	52.7	55	47
3410	6	-2	52.1	52.4	55	47
3420	-3	6	59.9	64.8	55	42
3420	-2	5	59.9	64.8	55	42
3420	-1	4	59.9	64.8	55	42
3420	0	0	59.9	62.8	55	42
3420	1	-1	58.2	58	55	42
3420	2	-3	59.8	58	55	42
3420	3	1	55.7	58	55	42
3420	4	2	66.7	58	55	42
3420	5	3	60.1	62.9	55	42
3420	6	-2	59.9	64.8	55	42
3430	-3	6	56.9	52.4	54	49
3430	-2	5	56.9	52.4	54	49
3430	-1	4	56.9	52.4	54	49
3430	0	0	57.7	52.7	54	49
3430	1	-1	59.7	68.5	54	49
3430	2	-3	63.1	67.8	54	49
3430	3	1	53.4	69.7	54	49
3430	4	2	74.9	63.7	54	49
3430	5	3	57.3	68.1	54	49
3430	6	-2	56.9	52.5	54	49
3440	-3	6	50.9	52.4	56	52
3440	-2	5	50.9	52.4	56	52
3440	-1	4	50.9	52.4	56	52
3440	0	0	51	52.4	56	52
3440	1	-1	58.4	63.7	56	52
3440	2	-3	61.5	63.7	56	52
3440	3	1	53.4	63.7	56	52
3440	4	2	74.9	63.7	56	52
3440	5	3	50.9	52.4	56	52
3440	6	-2	50.9	52.4	56	52
3450	-3	6	57.2	63.9	56	45
3450	-2	5	57.2	63.9	56	45
3450	-1	4	57.2	63.9	56	45
3450	0	0	57.2	63.9	56	45
3450	1	-1	57.2	63.2	56	45
3450	2	-3	57.2	61.9	56	45
3450	3	1	57.2	63.7	56	45
3450	4	2	69.3	60	56	45
3450	5	3	57.2	63.9	56	45
3450	6	-2	57.2	63.9	56	45
3460	-3	6	58.2	39.5	43	49
3460	-2	5	58.2	39.5	43	49
3460	-1	4	58.2	39.5	43	49
3460	0	0	58.3	40	43	49
3460	1	-1	61.9	62.7	43	49
3460	2	-3	63.8	62.7	43	49
3460	3	1	58.2	62.7	43	49
3460	4	2	69.3	62.7	43	49
3460	5	3	58.2	62.7	43	49
3460	6	-2	58.2	39.6	43	49
3470	-3	6	61.2	60.1	52	45
3470	-2	5	61.2	60.1	52	45
3470	-1	4	61.2	60.1	52	45
3470	0	0	67.1	66.4	52	45
3470	1	-1	71.5	76.1	52	45
3470	2	-3	73.1	76.4	52	45
3470	3	1	69.1	76.4	52	45
3470	4	2	82.1	76.4	52	45
3470	5	3	67.2	66.2	52	45
3470	6	-2	61.2	60.3	52	45
3480	-3	6	32.5	38.9	38	50
3480	-2	5	32.5	38.9	38	50
3480	-1	4	32.5	38.9	38	50
3480	0	0	33.7	38.9	38	50
3480	1	-1	69.3	54.8	38	50
3480	2	-3	69.3	61.9	38	50
3480	3	1	58	63.7	38	50
3480	4	2	69.3	60	38	50
3480	5	3	32.5	38.9	38	50
3480	6	-2	32.5	38.9	38	50
4000	-3	6	50.2285714285714	54.2428571428571	45	37
4000	-2	5	50.2285714285714	54.2428571428571	45	37
4000	-1	4	50.2285714285714	54.2428571428571	45	37
4000	0	0	50.3857142857143	54.4571428571429	45	37
4000	1	-1	56.1	65.3	45	37
4000	2	-3	57.5	70.5285714285714	45	37
4000	3	1	53.7	75.2285714285714	45	37
4000	4	2	61.3	54.1	45	37
4000	5	3	50.2571428571429	61.3571428571429	45	37
4000	6	-2	50.2285714285714	54.3714285714286	45	37
4100	-3	6	49.44	55.12	45	37
4100	-2	5	49.44	55.12	45	37
4100	-1	4	49.44	55.12	45	37
4100	0	0	49.66	55.36	45	37
4100	1	-1	56.6	63.1	45	37
4100	2	-3	58.26	69	45	37
4100	3	1	53.7	75.58	45	37
4100	4	2	61.3	54.1	45	37
4100	5	3	49.48	58.66	45	37
4100	6	-2	49.44	55.26	45	37
4110	-3	6	52.3	62.8	51	45
4110	-2	5	52.3	62.8	51	45
4110	-1	4	52.3	62.8	51	45
4110	0	0	52.7	63	51	45
4110	1	-1	56.6	70	51	45
4110	2	-3	59.4	70.2	51	45
4110	3	1	53.7	77.1	51	45
4110	4	2	61.3	54.1	51	45
4110	5	3	52.3	68.1	51	45
4110	6	-2	52.3	62.9	51	45
4120	-3	6	55.8	62.8	51	44
4120	-2	5	55.8	62.8	51	44
4120	-1	4	55.8	62.8	51	44
4120	0	0	55.8	62.9	51	44
4120	1	-1	55.3	72.9	51	44
4120	2	-3	56.4	74.2	51	44
4120	3	1	53.7	77.1	51	44
4120	4	2	61.3	54.1	51	44
4120	5	3	55.8	62.8	51	44
4120	6	-2	55.8	62.8	51	44
4130	-3	6	41.8	53.1	36	32
4130	-2	5	41.8	53.1	36	32
4130	-1	4	41.8	53.1	36	32
4130	0	0	42.1	53.3	36	32
4130	1	-1	58.5	62.7	36	32
4130	2	-3	60.4	60.5	36	32
4130	3	1	53.7	73.3	36	32
4130	4	2	61.3	54.1	36	32
4130	5	3	41.8	53.1	36	32
4130	6	-2	41.8	53.1	36	32
4140	-3	6	43.1	41.2	39	37
4140	-2	5	43.1	41.2	39	37
4140	-1	4	43.1	41.2	39	37
4140	0	0	43.3	41.3	39	37
4140	1	-1	55.2	77.1	39	37
4140	2	-3	56.2	77.1	39	37
4140	3	1	53.7	77.1	39	37
4140	4	2	61.3	54.1	39	37
4140	5	3	43.1	41.2	39	37
4140	6	-2	43.1	41.2	39	37
4190	-3	6	54.2	55.7	39	37
4190	-2	5	54.2	55.7	39	37
4190	-1	4	54.2	55.7	39	37
4190	0	0	54.4	56.3	39	37
4190	1	-1	57.4	67.6	39	37
4190	2	-3	58.9	63	39	37
4190	3	1	53.7	73.3	39	37
4190	4	2	61.3	54.1	39	37
4190	5	3	54.4	68.1	39	37
4190	6	-2	54.2	56.3	39	37
4200	-3	6	52.2	52.05	49	39
4200	-2	5	52.2	52.05	49	39
4200	-1	4	52.2	52.05	49	39
4200	0	0	52.2	52.2	49	39
4200	1	-1	54.7	71.8	49	39
4200	2	-3	55.6	74.35	49	39
4200	3	1	53.7	74.35	49	39
4200	4	2	61.3	54.1	49	39
4200	5	3	52.2	68.1	49	39
4200	6	-2	52.2	52.15	49	39
4210	-3	6	50.2	47.1	48	37
4210	-2	5	50.2	47.1	48	37
4210	-1	4	50.2	47.1	48	37
4210	0	0	50.2	47.2	48	37
4210	1	-1	53.8	71	48	37
4210	2	-3	57.5	75.4	48	37
4210	3	1	53.7	75.4	48	37
4210	4	2	61.3	54.1	48	37
4210	5	3	50.2	68.1	48	37
4210	6	-2	50.2	47.2	48	37
4220	-3	6	54.2	57	52	38
4220	-2	5	54.2	57	52	38
4220	-1	4	54.2	57	52	38
4220	0	0	54.2	57.2	52	38
4220	1	-1	53.7	71.6	52	38
4220	2	-3	53.7	73.3	52	38
4220	3	1	53.7	73.3	52	38
4220	4	2	61.3	54.1	52	38
4220	5	3	54.2	68.1	52	38
4220	6	-2	54.2	57.1	52	38
5000	-3	6	45.9888888888889	46.7888888888889	40	32
5000	-2	5	45.9888888888889	46.7888888888889	40	32
5000	-1	4	45.9888888888889	46.7888888888889	40	32
5000	0	0	47.6666666666667	49.1111111111111	40	32
5000	1	-1	52.3	55.1	40	32
5000	2	-3	53.2333333333333	54.8222222222222	40	32
5000	3	1	50.8555555555555	55.3444444444444	40	32
5000	4	2	54.8	54	40	32
5000	5	3	46.1555555555556	55.3111111111111	40	32
5000	6	-2	46.0222222222222	48	40	32
5100	-3	6	46.5333333333333	49.0833333333333	38	32
5100	-2	5	46.5333333333333	49.0833333333333	38	32
5100	-1	4	46.5333333333333	49.0833333333333	38	32
5100	0	0	47.8166666666667	50.8	38	32
5100	1	-1	51.8	57.1	38	32
5100	2	-3	52.6166666666667	57.1833333333333	38	32
5100	3	1	49.1833333333333	57.9666666666667	38	32
5100	4	2	54.8	55.95	38	32
5100	5	3	46.5833333333333	54.4166666666667	38	32
5100	6	-2	46.55	49.6333333333333	38	32
5110	-3	6	45.5	65.8	34	32
5110	-2	5	45.5	65.8	34	32
5110	-1	4	45.5	65.8	34	32
5110	0	0	45.5	65.8	34	32
5110	1	-1	45.5	65.8	34	32
5110	2	-3	54.5	65.8	34	32
5110	3	1	54.2	65.8	34	32
5110	4	2	54.8	55.6	34	32
5110	5	3	45.5	57.1	34	32
5110	6	-2	45.5	65.8	34	32
5120	-3	6	43.3	35.2	32	26
5120	-2	5	43.3	35.2	32	26
5120	-1	4	43.3	35.2	32	26
5120	0	0	44.2	35.9	32	26
5120	1	-1	49.6	52	32	26
5120	2	-3	51.8	58.5	32	26
5120	3	1	43.3	58.5	32	26
5120	4	2	54.8	58.5	32	26
5120	5	3	43.3	41	32	26
5120	6	-2	43.3	35.3	32	26
5130	-3	6	48	51.2	25	27
5130	-2	5	48	51.2	25	27
5130	-1	4	48	51.2	25	27
5130	0	0	48.3	51.2	25	27
5130	1	-1	52.6	51	25	27
5130	2	-3	53.7	46.8	25	27
5130	3	1	48	46.4	25	27
5130	4	2	54.8	55.6	25	27
5130	5	3	48	57.1	25	27
5130	6	-2	48	51.3	25	27
5140	-3	6	47.7	45.6	30	29
5140	-2	5	47.7	45.6	30	29
5140	-1	4	47.7	45.6	30	29
5140	0	0	51.6	49.2	30	29
5140	1	-1	52.5	58.6	30	29
5140	2	-3	53.5	57.8	30	29
5140	3	1	47.7	60.1	30	29
5140	4	2	54.8	54.8	30	29
5140	5	3	47.7	57.1	30	29
5140	6	-2	47.7	45.7	30	29
5150	-3	6	47	45	43	37
5150	-2	5	47	45	43	37
5150	-1	4	47	45	43	37
5150	0	0	49.6	51	43	37
5150	1	-1	52	57.6	43	37
5150	2	-3	54.5	57.1	43	37
5150	3	1	54.2	58.5	43	37
5150	4	2	54.8	55.6	43	37
5150	5	3	47.3	57.1	43	37
5150	6	-2	47.1	48	43	37
5160	-3	6	47.7	51.7	47	37
5160	-2	5	47.7	51.7	47	37
5160	-1	4	47.7	51.7	47	37
5160	0	0	47.7	51.7	47	37
5160	1	-1	47.7	57.6	47	37
5160	2	-3	47.7	57.1	47	37
5160	3	1	47.7	58.5	47	37
5160	4	2	54.8	55.6	47	37
5160	5	3	47.7	57.1	47	37
5160	6	-2	47.7	51.7	47	37
5200	-3	6	44.9	42.2	43	31
5200	-2	5	44.9	42.2	43	31
5200	-1	4	44.9	42.2	43	31
5200	0	0	47.3666666666667	45.7333333333333	43	31
5200	1	-1	53.8	52.1	43	31
5200	2	-3	54.4666666666667	50.1	43	31
5200	3	1	54.2	50.1	43	31
5200	4	2	54.8	50.1	43	31
5200	5	3	45.3	57.1	43	31
5200	6	-2	44.9666666666667	44.7333333333333	43	31
5210	-3	6	44.9	42.2	43	28
5210	-2	5	44.9	42.2	43	28
5210	-1	4	44.9	42.2	43	28
5210	0	0	48.2	47.3	43	28
5210	1	-1	51.3	52.4	43	28
5210	2	-3	54.5	50.1	43	28
5210	3	1	54.2	50.1	43	28
5210	4	2	54.8	50.1	43	28
5210	5	3	45.3	57.1	43	28
5210	6	-2	45	45.9	43	28
5220	-3	6	44.9	42.2	43	32
5220	-2	5	44.9	42.2	43	32
5220	-1	4	44.9	42.2	43	32
5220	0	0	45.7	42.6	43	32
5220	1	-1	53.8	52.1	43	32
5220	2	-3	54.4	50.1	43	32
5220	3	1	54.2	50.1	43	32
5220	4	2	54.8	50.1	43	32
5220	5	3	45.3	57.1	43	32
5220	6	-2	44.9	42.4	43	32
5230	-3	6	44.9	42.2	37	24
5230	-2	5	44.9	42.2	37	24
5230	-1	4	44.9	42.2	37	24
5230	0	0	48.2	47.3	37	24
5230	1	-1	51.3	52.4	37	24
5230	2	-3	54.5	50.1	37	24
5230	3	1	54.2	50.1	37	24
5230	4	2	54.8	50.1	37	24
5230	5	3	45.3	57.1	37	24
5230	6	-2	45	45.9	37	24
6000	-3	6	38.0857142857143	34.2	23	37
6000	-2	5	38.0857142857143	34.2	23	37
6000	-1	4	38.0857142857143	34.2	23	37
6000	0	0	42.5	28.4428571428571	23	37
6000	1	-1	45.8	28.3	23	37
6000	2	-3	48.6571428571429	42.7	23	37
6000	3	1	41.8285714285714	39.6714285714286	23	37
6000	4	2	56.7857142857143	44.9857142857143	23	37
6000	5	3	41.4142857142857	4.3	23	37
6000	6	-2	38.7428571428571	25.8428571428571	23	37
6100	-3	6	38.1333333333333	33.9	23	38
6100	-2	5	38.1333333333333	33.9	23	38
6100	-1	4	38.1333333333333	33.9	23	38
6100	0	0	42.4333333333333	27.75	23	38
6100	1	-1	45.4	28.6	23	38
6100	2	-3	48.25	42.85	23	38
6100	3	1	41.3	40.4833333333333	23	38
6100	4	2	56.7166666666667	44.3666666666667	23	38
6100	5	3	41.35	4.3	23	38
6100	6	-2	38.7333333333333	25.4666666666667	23	38
6110	-3	6	37.3	37.8	23	40
6110	-2	5	37.3	37.8	23	40
6110	-1	4	37.3	37.8	23	40
6110	0	0	41.8	37.9	23	40
6110	1	-1	48.3	42.7	23	40
6110	2	-3	50.7	52.7	23	40
6110	3	1	42.5	57.9	23	40
6110	4	2	56	48.7	23	40
6110	5	3	42.5	4.3	23	40
6110	6	-2	37.4	35.4	23	40
6120	-3	6	38.3	37.8	23	40
6120	-2	5	38.3	37.8	23	40
6120	-1	4	38.3	37.8	23	40
6120	0	0	39.8	39.4	23	40
6120	1	-1	42.7	51	23	40
6120	2	-3	45.7	56.3	23	40
6120	3	1	38.3	57.9	23	40
6120	4	2	57.2	48.7	23	40
6120	5	3	38.3	4.3	23	40
6120	6	-2	38.3	36.4	23	40
6130	-3	6	37.8	36	23	38
6130	-2	5	37.8	36	23	38
6130	-1	4	37.8	36	23	38
6130	0	0	42.9	32.6	23	38
6130	1	-1	46	27	23	38
6130	2	-3	51.1	41.8	23	38
6130	3	1	45	34.8	23	38
6130	4	2	57.2	48.7	23	38
6130	5	3	41.8	4.3	23	38
6130	6	-2	38.8	28.1	23	38
6140	-3	6	38.3	18	22	24
6140	-2	5	38.3	18	22	24
6140	-1	4	38.3	18	22	24
6140	0	0	38.9	18.6	22	24
6140	1	-1	43	30.7	22	24
6140	2	-3	45.7	41.8	22	24
6140	3	1	38.3	34.8	22	24
6140	4	2	56	48.7	22	24
6140	5	3	38.3	4.3	22	24
6140	6	-2	38.3	17.7	22	24
6150	-3	6	38.3	36	28	28
6150	-2	5	38.3	36	28	28
6150	-1	4	38.3	36	28	28
6150	0	0	43.1	20.2	28	28
6150	1	-1	44.1	4.3	28	28
6150	2	-3	47.2	41.8	28	28
6150	3	1	38.3	34.8	28	28
6150	4	2	56	48.7	28	28
6150	5	3	41.8	4.3	28	28
6150	6	-2	38.6	20.2	28	28
6200	-3	6	37.8	36	16	38
6200	-2	5	37.8	36	16	38
6200	-1	4	37.8	36	16	38
6200	0	0	42.9	32.6	16	38
6200	1	-1	46	27	16	38
6200	2	-3	51.1	41.8	16	38
6200	3	1	45	34.8	16	38
6200	4	2	57.2	48.7	16	38
6200	5	3	41.8	4.3	16	38
6200	6	-2	38.8	28.1	16	38
6210	-3	6	37.8	36	16	38
6210	-2	5	37.8	36	16	38
6210	-1	4	37.8	36	16	38
6210	0	0	42.9	32.6	16	38
6210	1	-1	46	27	16	38
6210	2	-3	51.1	41.8	16	38
6210	3	1	45	34.8	16	38
6210	4	2	57.2	48.7	16	38
6210	5	3	41.8	4.3	16	38
6210	6	-2	38.8	28.1	16	38
7000	-3	6	37.33125	30.18125	34	38
7000	-2	5	37.33125	30.18125	34	38
7000	-1	4	37.33125	30.18125	34	38
7000	0	0	40.23125	31.9125	34	38
7000	1	-1	55.4	53.8	34	38
7000	2	-3	56.025	54.7	34	38
7000	3	1	53.60625	55.7875	34	38
7000	4	2	56.65625	51	34	38
7000	5	3	43.66875	32.9875	34	38
7000	6	-2	37.3375	30.3375	34	38
7100	-3	6	34.975	20.575	31	34
7100	-2	5	34.975	20.575	31	34
7100	-1	4	34.975	20.575	31	34
7100	0	0	37.55	23.075	31	34
7100	1	-1	56	54.7	31	34
7100	2	-3	57	54.95	31	34
7100	3	1	52.85	57.45	31	34
7100	4	2	58.5	51	31	34
7100	5	3	40.9	25.45	31	34
7100	6	-2	34.975	20.575	31	34
7110	-3	6	32.8	10.1	30	34
7110	-2	5	32.8	10.1	30	34
7110	-1	4	32.8	10.1	30	34
7110	0	0	34.3	15.9	30	34
7110	1	-1	57.8	61.8	30	34
7110	2	-3	59.4	59.1	30	34
7110	3	1	51.7	67.1	30	34
7110	4	2	60.3	51	30	34
7110	5	3	32.8	29.6	30	34
7110	6	-2	32.8	10.1	30	34
7120	-3	6	33.6	10.1	30	34
7120	-2	5	33.6	10.1	30	34
7120	-1	4	33.6	10.1	30	34
7120	0	0	35.4	12.6	30	34
7120	1	-1	53.2	48.9	30	34
7120	2	-3	55.5	49.4	30	34
7120	3	1	46.9	47.8	30	34
7120	4	2	60.3	51	30	34
7120	5	3	35.2	10.1	30	34
7120	6	-2	33.6	10.1	30	34
7130	-3	6	39.6	33.3	34	37
7130	-2	5	39.6	33.3	34	37
7130	-1	4	39.6	33.3	34	37
7130	0	0	41.1	33.8	34	37
7130	1	-1	53	47.6	34	37
7130	2	-3	53.5	49.6	34	37
7130	3	1	51.3	47.8	34	37
7130	4	2	54.3	51	34	37
7130	5	3	40.5	33.3	34	37
7130	6	-2	39.6	33.3	34	37
7140	-3	6	33.9	28.8	29	31
7140	-2	5	33.9	28.8	29	31
7140	-1	4	33.9	28.8	29	31
7140	0	0	39.4	30	29	31
7140	1	-1	59.9	63.9	29	31
7140	2	-3	59.6	61.7	29	31
7140	3	1	61.5	67.1	29	31
7140	4	2	59.1	51	29	31
7140	5	3	55.1	28.8	29	31
7140	6	-2	33.9	28.8	29	31
7200	-3	6	40.35	31.625	34	40
7200	-2	5	40.35	31.625	34	40
7200	-1	4	40.35	31.625	34	40
7200	0	0	41.3	32.175	34	40
7200	1	-1	58.3	58.5	34	40
7200	2	-3	58.7	59.05	34	40
7200	3	1	57.275	57.45	34	40
7200	4	2	59.275	51	34	40
7200	5	3	44.625	31.625	34	40
7200	6	-2	40.35	31.625	34	40
7210	-3	6	36.6	28.8	31	38
7210	-2	5	36.6	28.8	31	38
7210	-1	4	36.6	28.8	31	38
7210	0	0	37.4	29.7	31	38
7210	1	-1	54.9	67.1	31	38
7210	2	-3	55.4	67.1	31	38
7210	3	1	53.3	67.1	31	38
7210	4	2	56.3	51	31	38
7210	5	3	37.3	28.8	31	38
7210	6	-2	36.6	28.8	31	38
7220	-3	6	38.7	28.8	35	37
7220	-2	5	38.7	28.8	35	37
7220	-1	4	38.7	28.8	35	37
7220	0	0	39.8	29.5	35	37
7220	1	-1	70.1	67.1	35	37
7220	2	-3	70.1	67.1	35	37
7220	3	1	70.1	67.1	35	37
7220	4	2	70.1	51	35	37
7220	5	3	39.2	28.8	35	37
7220	6	-2	38.7	28.8	35	37
7230	-3	6	39.8	28.8	34	43
7230	-2	5	39.8	28.8	34	43
7230	-1	4	39.8	28.8	34	43
7230	0	0	40.9	29.2	34	43
7230	1	-1	54.9	51	34	43
7230	2	-3	55.4	51	34	43
7230	3	1	53.4	47.8	34	43
7230	4	2	56.2	51	34	43
7230	5	3	55.1	28.8	34	43
7230	6	-2	39.8	28.8	34	43
7240	-3	6	46.3	40.1	40	38
7240	-2	5	46.3	40.1	40	38
7240	-1	4	46.3	40.1	40	38
7240	0	0	47.1	40.3	40	38
7240	1	-1	53.5	51	40	38
7240	2	-3	53.9	51	40	38
7240	3	1	52.3	47.8	40	38
7240	4	2	54.5	51	40	38
7240	5	3	46.9	40.1	40	38
7240	6	-2	46.3	40.1	40	38
7300	-3	6	39.35	37.675	34	39
7300	-2	5	39.35	37.675	34	39
7300	-1	4	39.35	37.675	34	39
7300	0	0	43.85	40	34	39
7300	1	-1	59.5	53.8	34	39
7300	2	-3	59.6	54.25	34	39
7300	3	1	59.6	55.55	34	39
7300	4	2	59.6	51	34	39
7300	5	3	43.975	42.675	34	39
7300	6	-2	39.35	38.25	34	39
7310	-3	6	49.9	49.7	38	45
7310	-2	5	49.9	49.7	38	45
7310	-1	4	49.9	49.7	38	45
7310	0	0	52.7	49.7	38	45
7310	1	-1	60.2	49.9	38	45
7310	2	-3	60.2	50.1	38	45
7310	3	1	60.2	49.7	38	45
7310	4	2	60.2	51	38	45
7310	5	3	51.5	49.7	38	45
7310	6	-2	49.9	49.7	38	45
7320	-3	6	31.9	27.9	28	28
7320	-2	5	31.9	27.9	28	28
7320	-1	4	31.9	27.9	28	28
7320	0	0	35.3	33	28	28
7320	1	-1	57.9	63.7	28	28
7320	2	-3	59.4	64.2	28	28
7320	3	1	59.4	67.1	28	28
7320	4	2	59.4	51	28	28
7320	5	3	31.9	27.9	28	28
7320	6	-2	31.9	27.9	28	28
7330	-3	6	31.9	29.9	29	31
7330	-2	5	31.9	29.9	29	31
7330	-1	4	31.9	29.9	29	31
7330	0	0	42.2	32.6	29	31
7330	1	-1	59.4	42.2	29	31
7330	2	-3	59.4	38.3	29	31
7330	3	1	59.4	38.3	29	31
7330	4	2	59.4	51	29	31
7330	5	3	46.8	46	29	31
7330	6	-2	31.9	32.2	29	31
7340	-3	6	43.7	43.2	40	42
7340	-2	5	43.7	43.2	40	42
7340	-1	4	43.7	43.2	40	42
7340	0	0	45.2	44.7	40	42
7340	1	-1	59.4	64.8	40	42
7340	2	-3	59.4	64.4	40	42
7340	3	1	59.4	67.1	40	42
7340	4	2	59.4	51	40	42
7340	5	3	45.7	47.1	40	42
7340	6	-2	43.7	43.2	40	42
7400	-3	6	34.65	30.85	33	33
7400	-2	5	34.65	30.85	33	33
7400	-1	4	34.65	30.85	33	33
7400	0	0	38.225	32.4	33	33
7400	1	-1	47.9	50.3	33	33
7400	2	-3	48.8	50.55	33	33
7400	3	1	44.7	52.7	33	33
7400	4	2	49.25	51	33	33
7400	5	3	45.175	32.2	33	33
7400	6	-2	34.675	30.9	33	33
7410	-3	6	33.1	31.8	30	28
7410	-2	5	33.1	31.8	30	28
7410	-1	4	33.1	31.8	30	28
7410	0	0	38.8	34.7	30	28
7410	1	-1	50	55.7	30	28
7410	2	-3	52.1	56	30	28
7410	3	1	34.7	67.1	30	28
7410	4	2	54.4	51	30	28
7410	5	3	35.5	35.1	30	28
7410	6	-2	33.1	31.9	30	28
7420	-3	6	37.4	31.8	33	29
7420	-2	5	37.4	31.8	33	29
7420	-1	4	37.4	31.8	33	29
7420	0	0	40.9	33	33	29
7420	1	-1	58.1	51.8	33	29
7420	2	-3	57.9	61.7	33	29
7420	3	1	58.9	67.1	33	29
7420	4	2	57.4	51	33	29
7420	5	3	55.1	31.8	33	29
7420	6	-2	37.4	31.8	33	29
7430	-3	6	33.6	29.9	36	34
7430	-2	5	33.6	29.9	36	34
7430	-1	4	33.6	29.9	36	34
7430	0	0	38.1	30.8	36	34
7430	1	-1	49.5	39	36	34
7430	2	-3	49.4	39.8	36	34
7430	3	1	49.4	38.3	36	34
7430	4	2	49.4	51	36	34
7430	5	3	55.1	30.6	36	34
7430	6	-2	33.7	29.9	36	34
7440	-3	6	34.5	29.9	31	27
7440	-2	5	34.5	29.9	31	27
7440	-1	4	34.5	29.9	31	27
7440	0	0	35.1	31.1	31	27
7440	1	-1	35.8	38.1	31	27
7440	2	-3	35.8	44.7	31	27
7440	3	1	35.8	38.3	31	27
7440	4	2	35.8	51	31	27
7440	5	3	35	31.3	31	27
7440	6	-2	34.5	30	31	27
8000	-3	6	30.15	25.525	31	34
8000	-2	5	30.15	25.525	31	34
8000	-1	4	30.15	25.525	31	34
8000	0	0	31.595	26.625	31	34
8000	1	-1	45.8	40.1	31	34
8000	2	-3	49.015	44.31	31	34
8000	3	1	40.82	36.79	31	34
8000	4	2	58.6	51.235	31	34
8000	5	3	34.415	29.41	31	34
8000	6	-2	30.175	25.535	31	34
8100	-3	6	30.1285714285714	20.1857142857143	30	36
8100	-2	5	30.1285714285714	20.1857142857143	30	36
8100	-1	4	30.1285714285714	20.1857142857143	30	36
8100	0	0	31.5285714285714	21.5285714285714	30	36
8100	1	-1	46.1	38.8	30	36
8100	2	-3	48.8	42.4	30	36
8100	3	1	39.6571428571429	28.0428571428571	30	36
8100	4	2	58.6	51.7	30	36
8100	5	3	31.7	24.1571428571429	30	36
8100	6	-2	30.1285714285714	20.1857142857143	30	36
8110	-3	6	26.9	16.3	35	31
8110	-2	5	26.9	16.3	35	31
8110	-1	4	26.9	16.3	35	31
8110	0	0	26.9	16.3	35	31
8110	1	-1	43.8	29	35	31
8110	2	-3	52.5	38.1	35	31
8110	3	1	46.4	24.5	35	31
8110	4	2	58.6	51.7	35	31
8110	5	3	32.4	24.5	35	31
8110	6	-2	26.9	16.3	35	31
8120	-3	6	32.7	16.3	30	40
8120	-2	5	32.7	16.3	30	40
8120	-1	4	32.7	16.3	30	40
8120	0	0	32.8	18.1	30	40
8120	1	-1	41.4	51.7	30	40
8120	2	-3	45.7	51.7	30	40
8120	3	1	32.7	51.7	30	40
8120	4	2	58.6	51.7	30	40
8120	5	3	32.7	24.5	30	40
8120	6	-2	32.7	16.3	30	40
8130	-3	6	26.9	16.3	22	31
8130	-2	5	26.9	16.3	22	31
8130	-1	4	26.9	16.3	22	31
8130	0	0	28.2	16.3	22	31
8130	1	-1	58.6	29	22	31
8130	2	-3	58.6	38.1	22	31
8130	3	1	46.4	24.5	22	31
8130	4	2	58.6	51.7	22	31
8130	5	3	32.4	24.5	22	31
8130	6	-2	26.9	16.3	22	31
8140	-3	6	24.5	16.3	27	28
8140	-2	5	24.5	16.3	27	28
8140	-1	4	24.5	16.3	27	28
8140	0	0	26.2	19.4	27	28
8140	1	-1	39.1	51.7	27	28
8140	2	-3	45	51.7	27	28
8140	3	1	24.5	16.3	27	28
8140	4	2	58.6	51.7	27	28
8140	5	3	24.5	16.3	27	28
8140	6	-2	24.5	16.3	27	28
8150	-3	6	32.7	30.3	35	42
8150	-2	5	32.7	30.3	35	42
8150	-1	4	32.7	30.3	35	42
8150	0	0	32.7	30.3	35	42
8150	1	-1	43.9	33.9	35	42
8150	2	-3	52.5	41	35	42
8150	3	1	46.4	30.3	35	42
8150	4	2	58.6	51.7	35	42
8150	5	3	32.7	30.3	35	42
8150	6	-2	32.7	30.3	35	42
8160	-3	6	34.8	21.3	32	38
8160	-2	5	34.8	21.3	32	38
8160	-1	4	34.8	21.3	32	38
8160	0	0	34.8	21.3	32	38
8160	1	-1	34.8	29	32	38
8160	2	-3	34.8	38.1	32	38
8160	3	1	34.8	24.5	32	38
8160	4	2	58.6	51.7	32	38
8160	5	3	34.8	24.5	32	38
8160	6	-2	34.8	21.3	32	38
8170	-3	6	32.4	24.5	26	30
8170	-2	5	32.4	24.5	26	30
8170	-1	4	32.4	24.5	26	30
8170	0	0	39.1	29	26	30
8170	1	-1	43.8	29	26	30
8170	2	-3	52.5	38.1	26	30
8170	3	1	46.4	24.5	26	30
8170	4	2	58.6	51.7	26	30
8170	5	3	32.4	24.5	26	30
8170	6	-2	32.4	24.5	26	30
8200	-3	6	27.9777777777778	23.5666666666667	32	34
8200	-2	5	27.9777777777778	23.5666666666667	32	34
8200	-1	4	27.9777777777778	23.5666666666667	32	34
8200	0	0	29.7888888888889	24.7	32	34
8200	1	-1	44.9	40.3	32	34
8200	2	-3	47.7777777777778	42.7222222222222	32	34
8200	3	1	39.2444444444444	37.5444444444444	32	34
8200	4	2	58.6	50.8111111111111	32	34
8200	5	3	34.4444444444444	24.1666666666667	32	34
8200	6	-2	28.0333333333333	23.5888888888889	32	34
8210	-3	6	27.4	21.3	36	37
8210	-2	5	27.4	21.3	36	37
8210	-1	4	27.4	21.3	36	37
8210	0	0	27.8	21.3	36	37
8210	1	-1	50.5	26.4	36	37
8210	2	-3	52.5	36.5	36	37
8210	3	1	46.4	21.3	36	37
8210	4	2	58.6	51.7	36	37
8210	5	3	27.4	21.3	36	37
8210	6	-2	27.4	21.3	36	37
8220	-3	6	30.2	43.7	30	43
8220	-2	5	30.2	43.7	30	43
8220	-1	4	30.2	43.7	30	43
8220	0	0	30.4	43.7	30	43
8220	1	-1	34.3	43.7	30	43
8220	2	-3	37.3	43.7	30	43
8220	3	1	30.2	43.7	30	43
8220	4	2	58.6	43.7	30	43
8220	5	3	30.2	43.7	30	43
8220	6	-2	30.2	43.7	30	43
8230	-3	6	30.2	25.4	30	30
8230	-2	5	30.2	25.4	30	30
8230	-1	4	30.2	25.4	30	30
8230	0	0	30.9	25.4	30	30
8230	1	-1	44.1	25.4	30	30
8230	2	-3	48	25.4	30	30
8230	3	1	30.2	25.4	30	30
8230	4	2	58.6	51.7	30	30
8230	5	3	55.1	25.4	30	30
8230	6	-2	30.3	25.4	30	30
8240	-3	6	28.6	23.2	29	31
8240	-2	5	28.6	23.2	29	31
8240	-1	4	28.6	23.2	29	31
8240	0	0	36.6	28.2	29	31
8240	1	-1	42.5	28.6	29	31
8240	2	-3	52.5	37.9	29	31
8240	3	1	46.4	24	29	31
8240	4	2	58.6	51.7	29	31
8240	5	3	28.6	24	29	31
8240	6	-2	28.6	23.4	29	31
8250	-3	6	35.7	9	38	41
8250	-2	5	35.7	9	38	41
8250	-1	4	35.7	9	38	41
8250	0	0	35.7	10.5	38	41
8250	1	-1	44.9	51.7	38	41
8250	2	-3	52.5	51.7	38	41
8250	3	1	46.4	51.7	38	41
8250	4	2	58.6	51.7	38	41
8250	5	3	35.7	9	38	41
8250	6	-2	35.7	9	38	41
8260	-3	6	21.8	16.7	30	28
8260	-2	5	21.8	16.7	30	28
8260	-1	4	21.8	16.7	30	28
8260	0	0	27	19.4	30	28
8260	1	-1	54.4	50	30	28
8260	2	-3	56	51.7	30	28
8260	3	1	46.4	51.7	30	28
8260	4	2	58.6	51.7	30	28
8260	5	3	55.1	21.3	30	28
8260	6	-2	22.2	16.7	30	28
8270	-3	6	20	30	29	33
8270	-2	5	20	30	29	33
8270	-1	4	20	30	29	33
8270	0	0	21.6	30.9	29	33
8270	1	-1	42.5	51.7	29	33
8270	2	-3	47.3	51.7	29	33
8270	3	1	30.4	51.7	29	33
8270	4	2	58.6	51.7	29	33
8270	5	3	20	30	29	33
8270	6	-2	20	30	29	33
8280	-3	6	27.5	26.1	31	33
8280	-2	5	27.5	26.1	31	33
8280	-1	4	27.5	26.1	31	33
8280	0	0	27.7	26.2	31	33
8280	1	-1	34.5	51.7	31	33
8280	2	-3	37.5	51.7	31	33
8280	3	1	30.4	51.7	31	33
8280	4	2	58.6	51.7	31	33
8280	5	3	27.5	26.1	31	33
8280	6	-2	27.5	26.1	31	33
8290	-3	6	30.4	16.7	26	33
8290	-2	5	30.4	16.7	26	33
8290	-1	4	30.4	16.7	26	33
8290	0	0	30.4	16.7	26	33
8290	1	-1	46.4	22.5	26	33
8290	2	-3	46.4	34.2	26	33
8290	3	1	46.4	16.7	26	33
8290	4	2	58.6	51.7	26	33
8290	5	3	30.4	16.7	26	33
8290	6	-2	30.4	16.7	26	33
8300	-3	6	35.075	39.275	32	33
8300	-2	5	35.075	39.275	32	33
8300	-1	4	35.075	39.275	32	33
8300	0	0	35.775	39.875	32	33
8300	1	-1	49.8	50.8	32	33
8300	2	-3	52.175	51.225	32	33
8300	3	1	46.4	50.4	32	33
8300	4	2	58.6	51.375	32	33
8300	5	3	39.1	50.4	32	33
8300	6	-2	35.075	39.275	32	33
8310	-3	6	39	16.7	36	36
8310	-2	5	39	16.7	36	36
8310	-1	4	39	16.7	36	36
8310	0	0	39	17.5	36	36
8310	1	-1	46.4	51.7	36	36
8310	2	-3	46.4	51.7	36	36
8310	3	1	46.4	50.4	36	36
8310	4	2	58.6	51.7	36	36
8310	5	3	39	50.4	36	36
8310	6	-2	39	16.7	36	36
8320	-3	6	33.5	50.4	34	32
8320	-2	5	33.5	50.4	34	32
8320	-1	4	33.5	50.4	34	32
8320	0	0	34.4	50.4	34	32
8320	1	-1	49.2	50.4	34	32
8320	2	-3	50.8	50.4	34	32
8320	3	1	46.4	50.4	34	32
8320	4	2	58.6	50.4	34	32
8320	5	3	55.1	50.4	34	32
8320	6	-2	33.5	50.4	34	32
8330	-3	6	28.8	26.1	26	32
8330	-2	5	28.8	26.1	26	32
8330	-1	4	28.8	26.1	26	32
8330	0	0	29.1	27.7	26	32
8330	1	-1	50.8	51.7	26	32
8330	2	-3	52.9	51.7	26	32
8330	3	1	46.4	50.4	26	32
8330	4	2	58.6	51.7	26	32
8330	5	3	28.8	50.4	26	32
8330	6	-2	28.8	26.1	26	32
8340	-3	6	39	63.9	32	29
8340	-2	5	39	63.9	32	29
8340	-1	4	39	63.9	32	29
8340	0	0	40.6	63.9	32	29
8340	1	-1	58.6	50.6	32	29
8340	2	-3	58.6	51.1	32	29
8340	3	1	46.4	50.4	32	29
8340	4	2	58.6	51.7	32	29
8340	5	3	33.5	50.4	32	29
8340	6	-2	39	63.9	32	29
9000	-3	6	32.41	24.06	20	21
9000	-2	5	32.41	24.06	20	21
9000	-1	4	32.41	24.06	20	21
9000	0	0	35.39	25.07	20	21
9000	1	-1	48.9	23.3	20	21
9000	2	-3	51.25	39.9	20	21
9000	3	1	61.7	44.96	20	21
9000	4	2	38.27	31.91	20	21
9000	5	3	41.31	21.15	20	21
9000	6	-2	33.8	24.17	20	21
9100	-3	6	35.8166666666667	27.3666666666667	25	23
9100	-2	5	35.8166666666667	27.3666666666667	25	23
9100	-1	4	35.8166666666667	27.3666666666667	25	23
9100	0	0	38.2833333333333	28.3833333333333	25	23
9100	1	-1	54.4	36.2	25	23
9100	2	-3	51.45	37.4333333333333	25	23
9100	3	1	61.7	42.8	25	23
9100	4	2	45.5833333333333	30.6833333333333	25	23
9100	5	3	36.35	19.5166666666667	25	23
9100	6	-2	35.8833333333333	26.9833333333333	25	23
9110	-3	6	37.4	20.4	29	25
9110	-2	5	37.4	20.4	29	25
9110	-1	4	37.4	20.4	29	25
9110	0	0	44	22.9	29	25
9110	1	-1	52.3	28.6	29	25
9110	2	-3	56.8	30.3	29	25
9110	3	1	61.7	40.1	29	25
9110	4	2	51.8	20.5	29	25
9110	5	3	38.3	15.4	29	25
9110	6	-2	37.6	19.2	29	25
9120	-3	6	37.4	20.4	28	12
9120	-2	5	37.4	20.4	28	12
9120	-1	4	37.4	20.4	28	12
9120	0	0	44	22.9	28	12
9120	1	-1	52.3	28.6	28	12
9120	2	-3	56.8	30.3	28	12
9120	3	1	61.7	40.1	28	12
9120	4	2	51.8	20.5	28	12
9120	5	3	38.3	15.4	28	12
9120	6	-2	37.6	19.2	28	12
9130	-3	6	33.2	18.8	16	21
9130	-2	5	33.2	18.8	16	21
9130	-1	4	33.2	18.8	16	21
9130	0	0	33.7	19	16	21
9130	1	-1	49.5	40.1	16	21
9130	2	-3	44.6	40.1	16	21
9130	3	1	61.7	40.1	16	21
9130	4	2	33.2	40.1	16	21
9130	5	3	33.2	40.1	16	21
9130	6	-2	33.2	18.9	16	21
9140	-3	6	39.8	36	23	23
9140	-2	5	39.8	36	23	23
9140	-1	4	39.8	36	23	23
9140	0	0	40.4	36.7	23	23
9140	1	-1	58.2	48.2	23	23
9140	2	-3	58.2	48.2	23	23
9140	3	1	61.7	48.2	23	23
9140	4	2	51.8	48.2	23	23
9140	5	3	41.2	15.4	23	23
9140	6	-2	39.8	36	23	23
9150	-3	6	34	34.3	27	20
9150	-2	5	34	34.3	27	20
9150	-1	4	34	34.3	27	20
9150	0	0	34.5	34.5	27	20
9150	1	-1	60.3	46.6	27	20
9150	2	-3	59.2	45.4	27	20
9150	3	1	61.7	48.2	27	20
9150	4	2	51.8	34.3	27	20
9150	5	3	34	15.4	27	20
9150	6	-2	34	34.3	27	20
9160	-3	6	33.1	34.3	23	13
9160	-2	5	33.1	34.3	23	13
9160	-1	4	33.1	34.3	23	13
9160	0	0	33.1	34.3	23	13
9160	1	-1	33.1	28.6	23	13
9160	2	-3	33.1	30.3	23	13
9160	3	1	61.7	40.1	23	13
9160	4	2	33.1	20.5	23	13
9160	5	3	33.1	15.4	23	13
9160	6	-2	33.1	34.3	23	13
9200	-3	6	27	11.1	16	23
9200	-2	5	27	11.1	16	23
9200	-1	4	27	11.1	16	23
9200	0	0	41.1	14.6	16	23
9200	1	-1	55.7	15.9	16	23
9200	2	-3	55.9	48.2	16	23
9200	3	1	61.7	48.2	16	23
9200	4	2	27	48.2	16	23
9200	5	3	55.1	15.4	16	23
9200	6	-2	40.3	14.3	16	23
9210	-3	6	27	11.1	16	23
9210	-2	5	27	11.1	16	23
9210	-1	4	27	11.1	16	23
9210	0	0	41.1	14.6	16	23
9210	1	-1	55.7	15.9	16	23
9210	2	-3	55.9	48.2	16	23
9210	3	1	61.7	48.2	16	23
9210	4	2	27	48.2	16	23
9210	5	3	55.1	15.4	16	23
9210	6	-2	40.3	14.3	16	23
9300	-3	6	27.4	21.7666666666667	23	18
9300	-2	5	27.4	21.7666666666667	23	18
9300	-1	4	27.4	21.7666666666667	23	18
9300	0	0	27.7	21.9333333333333	23	18
9300	1	-1	53.4	36	23	18
9300	2	-3	49.3	42.0666666666667	23	18
9300	3	1	61.7	48.2	23	18
9300	4	2	27.4	28.9333333333333	23	18
9300	5	3	46.6333333333333	26.3333333333333	23	18
9300	6	-2	27.4666666666667	21.8333333333333	23	18
9310	-3	6	23	11.3	21	16
9310	-2	5	23	11.3	21	16
9310	-1	4	23	11.3	21	16
9310	0	0	23.4	11.4	21	16
9310	1	-1	55.9	15.4	21	16
9310	2	-3	52	29.8	21	16
9310	3	1	61.7	48.2	21	16
9310	4	2	23	11.3	21	16
9310	5	3	55.1	15.4	21	16
9310	6	-2	23.1	11.4	21	16
9320	-3	6	29.5	27	20	19
9320	-2	5	29.5	27	20	19
9320	-1	4	29.5	27	20	19
9320	0	0	29.6	27.2	20	19
9320	1	-1	52.6	48.2	20	19
9320	2	-3	45.6	48.2	20	19
9320	3	1	61.7	48.2	20	19
9320	4	2	29.5	27.3	20	19
9320	5	3	55.1	48.2	20	19
9320	6	-2	29.6	27.1	20	19
9330	-3	6	29.7	27	29	20
9330	-2	5	29.7	27	29	20
9330	-1	4	29.7	27	29	20
9330	0	0	30.1	27.2	29	20
9330	1	-1	54.8	48.2	29	20
9330	2	-3	50.3	48.2	29	20
9330	3	1	61.7	48.2	29	20
9330	4	2	29.7	48.2	29	20
9330	5	3	29.7	15.4	29	20
9330	6	-2	29.7	27	29	20
