secocc	ves_m	ves_f
11	51.67	42.58
12	51.67	42.58
13	51.67	42.58
14	51.67	42.58
19	51.67	42.58
20	51.67	42.58
21	51.67	42.58
22	51.67	42.58
23	51.67	42.58
24	51.67	42.58
25	51.67	42.58
26	51.67	42.58
27	51.67	42.58
28	51.67	42.58
29	51.67	42.58
30	55.83	55.29
31	51.67	55.29
32	51.67	55.29
33	51.67	55.29
34	51.67	55.29
35	51.67	55.29
36	51.67	55.29
37	51.67	55.29
38	51.67	55.29
39	59.52	55.29
41	51.67	42.58
42	51.67	42.58
43	51.67	42.58
51	51.67	42.58
52	51.67	42.58
54	51.67	42.58
59	51.67	42.58
61	54.63	45.97
62	54.63	42.58
63	54.63	45.97
64	54.63	42.58
65	54.63	45.97
66	54.63	43.2
67	54.63	45.97
68	54.63	42.58
69	54.63	42.58
70	54.63	45.97
71	54.63	43.84
72	54.63	42.58
73	54.63	43.84
75	54.63	45.97
76	54.63	42.58
77	54.63	45.97
79	54.63	45.97
82	55.43	57.47
83	55.43	57.47
85	55.43	57.47
89	55.43	57.47
90	51.67	42.58
92	51.67	42.58
110	50.06	49.93
121	55.89	54.71
122	55.89	54.71
129	55.89	54.71
131	49.5	43.78
132	58.98	56.43
133	53.19	49.93
134	53.19	49.93
135	58.98	49.93
138	49.5	43.78
139	58.98	51.69
141	50.06	49.93
149	50.06	49.93
151	50.06	49.93
158	50.06	49.93
159	50.06	49.93
161	48.26	49.93
162	48.26	49.93
163	48.26	49.93
171	54.13	49.93
172	54.13	49.93
173	54.13	49.93
174	54.13	49.93
175	54.13	49.93
179	54.13	49.93
180	52.77	49.93
190	50.06	55.25
191	50.06	49.66
192	50.06	55.25
193	50.06	49.94
194	50.06	52.31
195	51.16	55.25
196	50.06	52.31
197	50.06	55.25
198	46.35	55.25
199	54.65	55.25
201	46.35	64.64
202	46.35	64.64
203	46.35	64.64
204	46.35	64.64
208	63.63	64.64
209	63.63	64.64
210	56.63	62.43
211	56.63	62.43
212	56.63	62.43
213	56.63	62.43
214	56.63	62.43
215	56.63	62.43
216	56.63	62.43
217	56.63	62.43
218	56.63	62.43
219	56.63	62.43
220	55.14	64.64
230	62.08	64.64
240	63.63	64.64
250	63.63	62.64
260	52.58	55.59
290	63.63	64.64
299	48.14	64.64
300	54.5	60.03
309	45.48	49.11
310	57.73	50.33
319	50.36	50.33
321	45.02	50.33
322	45.02	50.33
331	49.66	47.79
339	50.56	53.01
341	48.49	55.25
342	48.49	55.25
351	51.61	50.33
352	51.61	50.33
359	51.61	50.33
360	51.61	50.33
370	40.77	42.54
380	51.61	53.16
391	42.35	46.96
392	51.61	52.11
393	51.61	52.11
394	51.61	47.25
395	47.08	49.24
399	50.36	46.97
401	63.41	60.72
402	57.23	60.72
409	57.23	60.72
410	49.54	45.35
421	53.69	60.65
422	53.69	60.65
431	59.08	43.96
432	59.08	43.96
439	59.08	43.96
441	63.37	63.98
442	63.37	63.98
443	63.37	63.98
451	46.16	43.96
452	34.64	40.96
490	47.63	43.96
510	44.16	43.96
520	33.7	26.31
531	37.59	26.63
532	37.09	33.17
540	37.04	26.31
551	33.13	33.54
552	36.69	32.57
560	36.54	31.68
570	42.74	44.88
581	48.71	45.35
582	40.74	45.35
583	33.7	45.35
589	33.7	40.6
591	46.67	40.54
592	46.67	40.54
593	46.67	40.54
594	46.67	40.54
595	46.67	40.54
596	46.67	40.54
597	46.67	40.54
598	46.67	40.54
599	30.52	35.66
601	36.68	32.93
602	36.68	32.93
611	36.68	32.93
612	36.68	32.93
613	36.68	32.93
614	36.68	32.93
621	23.18	25.54
622	22.47	25.54
623	24.63	25.54
624	16.82	25.54
625	13.5	25.54
626	23.18	25.54
627	21.62	25.54
628	17.97	25.54
629	18.03	25.54
631	40.53	32.93
632	40.53	32.93
641	33.15	32.93
642	33.15	32.93
649	33.15	32.93
700	49.67	46.16
711	30.35	38.06
712	30.35	38.06
713	30.35	38.06
714	30.35	38.06
716	30.35	38.06
721	40.78	38.06
722	40.78	38.06
723	40.78	38.06
724	40.78	38.06
725	40.78	38.06
726	40.78	38.06
728	40.78	38.06
729	40.78	38.06
731	49.67	38.06
732	49.67	38.06
733	49.67	38.06
734	49.67	38.06
741	48	37.83
742	48	37.83
743	48	37.83
745	48	37.83
749	48	37.83
751	37.9	37.84
752	37.9	37.84
753	37.9	37.84
754	37.9	37.84
755	37.9	37.84
756	37.9	37.84
759	37.9	37.84
761	37.9	38.06
762	37.9	38.06
771	33.86	37.94
772	33.86	37.94
773	36.11	37.94
774	33.86	37.94
775	33.86	37.94
776	33.86	37.94
777	33.86	37.94
778	33.86	37.94
779	36.27	31.65
781	36.27	38.06
782	36.27	38.06
783	36.27	38.06
789	36.27	38.06
791	37.14	40.37
792	37.57	38.06
793	37.57	38.06
794	38.69	38.06
795	38.69	38.06
796	35.76	38.06
799	38.69	38.06
801	32.84	33.86
802	38.82	36.93
803	38.82	36.93
811	40.06	36.93
812	40.06	36.93
819	40.06	36.93
820	41.87	36.93
831	35.93	36.93
832	35.93	36.93
833	45.31	36.93
834	35.93	36.93
835	35.93	36.93
839	35.93	36.93
841	41.87	41.96
842	41.87	41.96
843	41.87	41.96
844	41.87	41.96
849	42.27	41.96
851	40.28	43.54
852	43.32	43.54
853	43.32	43.54
854	43.32	43.54
855	43.32	43.54
856	43.32	43.54
857	44.77	43.54
859	43.32	43.54
861	41.87	36.93
862	41.87	36.93
871	32.86	36.93
872	36.63	36.93
873	33.94	36.93
874	36.63	36.93
880	41.87	36.93
891	36.5	40.13
892	36.5	40.13
893	36.5	40.13
895	36.5	40.13
899	36.5	40.13
901	41.16	35.26
902	38.75	35.26
910	40.53	36.32
921	43.31	41.51
922	43.31	41.51
923	43.31	41.51
924	43.31	41.51
925	43.31	41.51
926	43.31	41.51
927	43.31	41.51
929	43.31	41.51
931	23.93	36.32
939	34.99	36.32
941	41.47	36.32
942	41.47	36.32
943	41.47	36.32
949	41.47	36.32
951	26.74	39.1
952	26.4	39.1
953	26.74	39.1
954	33.07	39.1
955	31.13	39.1
956	26.74	39.1
957	26.74	39.1
959	35.49	39.1
961	44.45	36.32
969	44.45	36.32
971	38.01	35.56
972	38.01	35.56
973	35.16	35.56
974	37.63	35.56
979	38.01	35.56
981	45.1	41.72
982	40.53	41.72
983	40.53	41.72
984	40.53	41.72
985	40.53	41.72
986	40.53	41.72
989	40.53	41.72
991	45.87	45.3
992	45.87	45.3
10011	73.53	76.53
10012	73.53	76.53
10013	73.53	76.53
10014	73.53	76.53
10019	73.53	76.53
10020	75.24	84.38
10021	78.13	84.38
10022	78.74	78.29
10023	75.81	84.38
10024	83.19	84.38
10025	78.74	84.38
10026	78.74	84.38
10027	78.74	84.38
10028	78.74	84.38
10029	81.25	82.41
10030	66.81	72.09
10031	64.51	72.09
10032	64.52	72.09
10033	65.23	72.09
10034	64.51	72.09
10035	63.33	72.09
10036	53.09	72.09
10037	64.51	72.09
10038	64.51	72.09
10039	66.88	72.09
10041	75.86	78.29
10042	75.86	78.29
10043	75.86	78.29
10051	63.52	77.83
10052	63.52	77.83
10053	63.52	77.83
10054	63.52	77.83
10059	63.52	77.83
10061	75.21	76.53
10062	75.21	52.54
10063	75.21	76.53
10064	75.21	52.54
10065	75.21	76.53
10066	75.21	74.8
10067	75.21	76.53
10068	75.21	52.54
10069	75.21	76.53
10070	75.21	76.53
10071	75.21	57.31
10072	75.21	52.54
10074	75.21	59.75
10075	75.21	76.53
10076	75.21	76.53
10077	75.21	76.53
10079	75.21	76.53
10081	66.97	70.86
10082	66.97	72.81
10083	73.85	76.42
10085	66.97	70.86
10089	66.97	70.86
10090	79.31	78.56
10091	76.31	75.34
10092	75	75.34
10093	75	75.34
10110	69.27	73.2
10121	73.17	79.1
10122	73.17	79.1
10129	65.54	63.3
10131	64.52	62.18
10132	66.76	67.31
10133	61.3	58.51
10134	61.3	58.51
10135	66.76	71.42
10139	64.84	62.53
10141	66.76	58.51
10149	66.76	58.51
10151	66.76	75.22
10158	66.76	75.22
10159	66.76	75.22
10161	65.03	76.41
10162	65.03	76.41
10163	65.03	76.41
10171	66.54	77.48
10172	66.54	77.48
10173	66.54	77.48
10174	66.54	77.48
10175	66.54	77.48
10179	66.54	77.48
10180	64.18	58.51
10190	70.37	67.06
10191	70.37	66.78
10192	70.37	79.39
10193	70.37	67.06
10194	70.37	67.06
10195	70.37	67.06
10196	70.37	67.06
10197	70.37	67.06
10198	76.24	71.96
10199	70.34	77.47
10201	76.24	71.96
10202	76.24	71.96
10203	76.24	71.96
10204	76.24	71.96
10205	76.24	71.96
10208	76.37	77.68
10209	77.32	77.68
10210	75.39	78.23
10211	76.8	78.23
10212	75.39	78.23
10213	73.23	78.23
10214	75.39	78.23
10215	75.39	78.23
10216	75.5	78.23
10217	78.02	78.23
10218	82.58	78.23
10219	75.39	78.23
10220	76.31	79.2
10230	75.06	76.33
10240	67.98	77.68
10250	77.32	77.68
10260	75.85	70.72
10290	77.32	77.68
10300	69.35	73.43
10309	69.35	73.43
10310	68.53	73.93
10319	68.53	73.93
10321	63.06	61.28
10322	63.06	61.28
10331	65.78	61.09
10339	66.34	70.84
10341	66.57	61.81
10342	66.57	61.81
10351	63.95	61.28
10352	63.95	61.28
10359	63.95	61.28
10360	63.44	61.28
10370	57.05	61.28
10380	63.44	61.28
10391	58.05	64.1
10392	63.44	64.1
10393	63.44	64.1
10394	63.44	61.94
10395	63.44	61.96
10399	62.58	65.81
10401	71.76	80.31
10402	69.86	73.73
10409	69.86	73.73
10410	63.81	65.79
10421	70.7	72.91
10422	70.7	72.91
10431	66.34	79.23
10432	66.34	79.23
10439	66.34	79.23
10441	68.52	77.29
10442	68.52	77.29
10443	68.52	77.29
10451	63.17	61.18
10452	57.15	54.61
10490	63.81	61.18
10510	53.6	57.72
10531	48.21	45.05
10532	48.21	45.05
10540	53.6	44.7
10551	50.74	42.63
10552	56.64	45.2
10560	53.6	57.72
10570	53.6	60.14
10581	53.6	57.72
10582	55.36	57.72
10583	53.6	57.72
10589	53.6	57.72
10591	58.84	57.72
10592	58.84	57.72
10593	58.84	57.72
10594	58.84	57.72
10595	58.84	57.72
10596	58.84	57.72
10597	58.84	57.72
10598	58.84	57.72
10599	58.84	57.72
10601	69.1	58.51
10602	69.1	58.51
10611	69.1	58.51
10612	69.1	58.51
10613	69.1	58.51
10614	69.1	58.51
10621	60.76	58.51
10622	60.76	58.51
10623	60.76	58.51
10624	60.76	58.51
10625	60.76	58.51
10626	60.76	58.51
10627	60.76	58.51
10628	60.76	58.51
10629	60.76	58.51
10631	63.81	58.51
10632	63.81	58.51
10641	63.81	58.51
10700	67.43	68.49
10711	67.43	68.49
10713	67.43	68.49
10714	67.43	68.49
10716	67.43	68.49
10722	67.43	68.49
10724	67.43	68.49
10725	67.43	68.49
10726	67.43	68.49
10727	67.43	68.49
10728	67.43	68.49
10729	67.43	68.49
10732	67.43	68.49
10733	67.43	68.49
10734	67.43	68.49
10741	61.32	68.49
10742	61.32	68.49
10743	61.32	68.49
10745	61.32	68.49
10749	61.32	68.49
10751	67.43	68.49
10752	67.43	68.49
10754	67.43	68.49
10756	67.43	68.49
10759	67.43	68.49
10762	62.7	68.49
10771	50.73	68.49
10772	50.73	68.49
10773	50.73	68.49
10774	50.73	68.49
10775	50.73	68.49
10776	50.73	68.49
10777	50.73	68.49
10778	50.73	68.49
10779	50.73	68.49
10783	67.43	68.49
10789	67.43	68.49
10791	40.62	58.45
10792	40.62	58.45
10793	40.62	58.45
10794	40.62	58.45
10795	40.62	58.45
10796	40.62	58.45
10799	40.62	58.45
10801	56.61	56.34
10802	56.61	56.34
10811	56.61	56.34
10812	56.61	56.34
10819	56.61	56.34
10820	56.61	56.34
10831	53.47	56.34
10832	53.47	56.34
10833	53.47	56.34
10839	53.47	56.34
10841	57.18	56.34
10842	57.18	56.34
10843	57.18	56.34
10844	57.18	56.34
10849	57.02	56.34
10851	58.64	56.34
10852	56.61	56.34
10853	56.61	56.34
10854	56.61	56.34
10855	56.61	56.34
10856	56.61	56.34
10857	56.61	56.34
10859	56.61	56.34
10861	56.61	56.34
10862	56.61	56.34
10871	51.66	56.34
10872	51.66	56.34
10873	51.66	56.34
10874	51.66	56.34
10880	56.61	56.34
10891	56.61	56.34
10892	56.61	56.34
10893	56.61	56.34
10895	56.61	56.34
10899	56.61	56.34
10901	55.15	58.59
10902	55.15	58.59
10910	55.15	58.59
10921	55.52	58.59
10922	55.52	58.59
10924	55.52	58.59
10925	55.52	58.59
10926	55.52	58.59
10927	55.52	58.59
10929	55.52	58.59
10931	55.15	58.59
10939	55.15	58.59
10943	59.27	58.59
10949	59.27	58.59
10951	55.03	58.59
10952	58.26	58.59
10953	58.26	58.59
10954	59.68	58.59
10955	57.32	58.59
10956	58.26	58.59
10957	58.26	58.59
10959	58.26	58.59
10961	55.15	58.59
10969	55.15	58.59
10971	55.15	58.59
10973	55.15	58.59
10974	55.15	58.59
10981	55.15	58.59
10982	55.15	58.59
10983	55.15	58.59
10985	55.15	58.59
10989	55.15	58.59
