ISCO88	STDEMPST	MCAMSIS	FCAMSIS	ISEI	TREI
0	0	-999	-999	-999	-999
0	1	-999	-999	-999	-999
0	6	-999	-999	-999	-999
1	0	70.99	60.23	-999	-999
1	1	69.5	58.5	-999	-999
1	6	71.89	61.22	-999	-999
2	0	81.61	80.67	-999	-999
2	1	81.61	82.64	-999	-999
2	6	81.61	80.45	-999	-999
3	0	61.31	60.24	-999	-999
3	1	68.77	72.71	-999	-999
3	6	60.07	59.58	-999	-999
4	0	53.04	52.42	-999	-999
4	1	54.44	73.88	-999	-999
4	6	52.98	51.74	-999	-999
5	0	49.89	43.33	-999	-999
5	1	57.38	54.36	-999	-999
5	6	47.55	41.5	-999	-999
6	0	38.35	32.57	-999	-999
6	1	46.54	45.39	-999	-999
6	6	33.65	31.13	-999	-999
7	0	41.9	38.39	-999	-999
7	1	50.79	54.17	-999	-999
7	6	40.46	36.88	-999	-999
8	0	40.68	36.94	-999	-999
8	1	51.43	56.63	-999	-999
8	6	39.91	36.71	-999	-999
9	0	36.39	35.97	-999	-999
9	1	49.63	55.29	-999	-999
9	6	35.75	35.75	-999	-999
10	0	83.2	57.73	-999	-999
10	1	83.2	57.73	-999	-999
10	6	83.2	57.73	-999	-999
11	0	62.37	57.73	-999	-999
11	1	62.37	57.73	-999	-999
11	6	62.37	57.73	-999	-999
12	0	74.91	61.98	-999	-999
12	1	69.17	58.5	-999	-999
12	6	76.09	62.4	-999	-999
13	0	70.26	59.39	-999	-999
13	1	69.56	58.5	-999	-999
13	6	71.34	60.43	-999	-999
20	0	84.8	88.6	-999	-999
20	1	84.8	88.6	-999	-999
20	6	84.8	88.6	-999	-999
21	0	80.65	84.56	-999	-999
21	1	80.93	81.36	-999	-999
21	6	80.55	85.05	-999	-999
22	0	83.52	92.91	-999	-999
22	1	89.46	87.78	-999	-999
22	6	81.22	94.56	-999	-999
23	0	84.65	79.99	-999	-999
23	1	86.32	87.06	-999	-999
23	6	84.52	79.89	-999	-999
24	0	79.87	76.06	-999	-999
24	1	78.88	79.75	-999	-999
24	6	80.37	75.32	-999	-999
30	0	58.21	54.37	-999	-999
30	1	58.21	54.37	-999	-999
30	6	58.21	54.37	-999	-999
31	0	60.57	57.43	-999	-999
31	1	70.96	65.31	-999	-999
31	6	59.59	57.33	-999	-999
32	0	57.53	58.6	-999	-999
32	1	74.96	74.51	-999	-999
32	6	55.84	58.29	-999	-999
33	0	57.79	65.21	-999	-999
33	1	57.79	71.13	-999	-999
33	6	57.79	65.16	-999	-999
34	0	64.14	61.32	-999	-999
34	1	67.69	72.79	-999	-999
34	6	62.87	60.21	-999	-999
40	0	52.32	52.42	-999	-999
40	1	52.32	73.88	-999	-999
40	6	52.32	51.74	-999	-999
41	0	52.52	52.07	-999	-999
41	1	52.32	73.88	-999	-999
41	6	52.52	51.36	-999	-999
42	0	58.25	53.84	-999	-999
42	1	58.25	73.88	-999	-999
42	6	58.25	53.28	-999	-999
50	0	39.01	56.65	-999	-999
50	1	39.01	56.65	-999	-999
50	6	39.01	56.65	-999	-999
51	0	47.51	42.86	-999	-999
51	1	61.83	56.23	-999	-999
51	6	45.82	41.18	-999	-999
52	0	55.54	43.65	-999	-999
52	1	55.38	53.48	-999	-999
52	6	55.73	41.73	-999	-999
60	0	38.35	32.57	-999	-999
60	1	46.54	45.39	-999	-999
60	6	33.65	31.13	-999	-999
61	0	37.8	32.17	-999	-999
61	1	46.6	45.39	-999	-999
61	6	33.65	31.13	-999	-999
62	0	46.27	44.57	-999	-999
62	1	46.27	45.39	-999	-999
62	6	46.27	30.64	-999	-999
70	0	33.12	38.39	-999	-999
70	1	33.12	54.17	-999	-999
70	6	33.12	36.88	-999	-999
71	0	37.93	43.03	-999	-999
71	1	44.88	56.63	-999	-999
71	6	36.3	41.28	-999	-999
72	0	44.29	39.23	-999	-999
72	1	55	56.63	-999	-999
72	6	43.18	39.02	-999	-999
73	0	45.94	41.8	-999	-999
73	1	56.11	56.63	-999	-999
73	6	41.91	39.2	-999	-999
74	0	41.3	37.19	-999	-999
74	1	60.18	53.04	-999	-999
74	6	37.15	35.57	-999	-999
75	0	41.9	38.39	-999	-999
75	1	50.79	54.17	-999	-999
75	6	40.46	36.88	-999	-999
80	0	43.37	36.94	-999	-999
80	1	43.37	56.63	-999	-999
80	6	43.37	36.71	-999	-999
81	0	38.99	35.62	-999	-999
81	1	55.38	35.62	-999	-999
81	6	38.78	35.62	-999	-999
82	0	41.6	37.33	-999	-999
82	1	55.38	56.63	-999	-999
82	6	40.91	37.04	-999	-999
83	0	40.88	35.82	-999	-999
83	1	50.69	35.82	-999	-999
83	6	39.95	35.82	-999	-999
84	0	40.68	36.94	-999	-999
84	1	51.43	56.63	-999	-999
84	6	39.91	36.71	-999	-999
90	0	36.39	42.9	-999	-999
90	1	49.63	42.9	-999	-999
90	6	35.75	42.9	-999	-999
91	0	38.86	37.49	-999	-999
91	1	61.08	55.29	-999	-999
91	6	37.61	37.21	-999	-999
92	0	37.76	30.98	-999	-999
92	1	62.18	55.29	-999	-999
92	6	37.06	30.56	-999	-999
93	0	34.58	34.86	-999	-999
93	1	39.47	55.29	-999	-999
93	6	34.35	34.78	-999	-999
100	0	83.2	57.73	-999	-999
100	1	83.2	57.73	-999	-999
100	6	83.2	57.73	-999	-999
111	0	83.2	57.73	-999	-999
111	1	83.2	57.73	-999	-999
111	6	83.2	57.73	-999	-999
112	0	83.2	57.73	-999	-999
112	1	83.2	58.5	-999	-999
112	6	83.2	57.73	-999	-999
113	0	62.37	57.73	-999	-999
113	1	69.5	58.5	-999	-999
113	6	62.37	57.73	-999	-999
114	0	83.2	57.73	-999	-999
114	1	83.2	57.73	-999	-999
114	6	83.2	57.73	-999	-999
115	0	51.72	57.73	-999	-999
115	1	51.72	57.73	-999	-999
115	6	51.72	57.73	-999	-999
116	0	57.82	57.73	-999	-999
116	1	57.82	57.73	-999	-999
116	6	57.82	57.73	-999	-999
120	0	75.96	61.98	-999	-999
120	1	75.96	58.5	-999	-999
120	6	75.96	62.4	-999	-999
121	0	86.14	63.09	-999	-999
121	1	69.17	63.09	-999	-999
121	6	86.99	63.09	-999	-999
122	0	73.49	62.32	-999	-999
122	1	69.17	58.5	-999	-999
122	6	74.89	63.09	-999	-999
123	0	75.42	61.31	-999	-999
123	1	69.17	61.31	-999	-999
123	6	75.96	61.31	-999	-999
124	0	74.91	61.98	-999	-999
124	1	69.17	58.5	-999	-999
124	6	76.09	62.4	-999	-999
125	0	74.91	61.98	-999	-999
125	1	69.17	58.5	-999	-999
125	6	76.09	62.4	-999	-999
130	0	70.26	59.39	-999	-999
130	1	69.56	58.5	-999	-999
130	6	71.34	60.43	-999	-999
131	0	70.26	59.39	-999	-999
131	1	69.56	58.5	-999	-999
131	6	71.34	60.43	-999	-999
200	0	84.8	88.6	-999	-999
200	1	84.8	88.6	-999	-999
200	6	84.8	88.6	-999	-999
210	0	80.65	84.56	-999	-999
210	1	80.93	81.36	-999	-999
210	6	80.55	85.05	-999	-999
211	0	85.64	88.6	-999	-999
211	1	89.79	88.6	-999	-999
211	6	84.8	88.6	-999	-999
212	0	85.25	88.6	-999	-999
212	1	89.79	88.6	-999	-999
212	6	84.8	88.6	-999	-999
213	0	79.33	96.59	-999	-999
213	1	89.79	96.59	-999	-999
213	6	76.34	96.59	-999	-999
214	0	79.91	75.92	-999	-999
214	1	77.19	75.92	-999	-999
214	6	80.89	75.92	-999	-999
220	0	83.52	92.91	-999	-999
220	1	89.46	87.78	-999	-999
220	6	81.22	94.56	-999	-999
221	0	67.06	80.45	-999	-999
221	1	89.46	80.45	-999	-999
221	6	64.57	80.45	-999	-999
222	0	88	95.76	-999	-999
222	1	89.46	87.78	-999	-999
222	6	87.29	99	-999	-999
223	0	83.52	92.91	-999	-999
223	1	89.46	87.78	-999	-999
223	6	81.22	94.56	-999	-999
230	0	84.65	79.99	-999	-999
230	1	86.32	87.06	-999	-999
230	6	84.52	79.89	-999	-999
231	0	99	98.57	-999	-999
231	1	99	98.57	-999	-999
231	6	99	98.57	-999	-999
232	0	89.14	92.33	-999	-999
232	1	89.14	92.33	-999	-999
232	6	89.14	92.33	-999	-999
233	0	68.49	74.84	-999	-999
233	1	68.49	74.84	-999	-999
233	6	68.49	74.84	-999	-999
234	0	76.27	87.01	-999	-999
234	1	76.27	87.01	-999	-999
234	6	76.27	87.01	-999	-999
235	0	86.64	84.27	-999	-999
235	1	86.64	84.27	-999	-999
235	6	86.64	84.27	-999	-999
240	0	79.87	64.15	-999	-999
240	1	78.88	64.15	-999	-999
240	6	80.37	64.15	-999	-999
241	0	72.55	66.04	-999	-999
241	1	69.45	74.34	-999	-999
241	6	74.1	64.15	-999	-999
242	0	76.61	96.22	-999	-999
242	1	72.76	74.34	-999	-999
242	6	79.71	99	-999	-999
243	0	85.97	78.45	-999	-999
243	1	87.78	78.45	-999	-999
243	6	85.67	78.45	-999	-999
244	0	86.36	76.56	-999	-999
244	1	87.78	76.56	-999	-999
244	6	85.67	76.56	-999	-999
245	0	91.28	94.73	-999	-999
245	1	90.34	94.73	-999	-999
245	6	91.88	94.73	-999	-999
246	0	86.72	76.56	-999	-999
246	1	87.78	76.56	-999	-999
246	6	85.67	76.56	-999	-999
247	0	70	73.97	-999	-999
247	1	70	73.97	-999	-999
247	6	70	73.97	-999	-999
300	0	58.21	54.37	-999	-999
300	1	58.21	54.37	-999	-999
300	6	58.21	54.37	-999	-999
310	0	60.57	57.43	-999	-999
310	1	70.96	65.31	-999	-999
310	6	59.59	57.33	-999	-999
311	0	59.34	59.69	-999	-999
311	1	66.52	59.69	-999	-999
311	6	58.71	59.69	-999	-999
312	0	75.93	56.06	-999	-999
312	1	87.1	56.06	-999	-999
312	6	73.95	56.06	-999	-999
313	0	76.6	70.93	-999	-999
313	1	87.1	70.93	-999	-999
313	6	73.25	70.93	-999	-999
314	0	68.25	57.43	-999	-999
314	1	68.25	65.31	-999	-999
314	6	68.25	57.33	-999	-999
315	0	50.7	42.46	-999	-999
315	1	66.52	42.46	-999	-999
315	6	49.01	42.46	-999	-999
316	0	58.21	54.37	-999	-999
316	1	58.21	54.37	-999	-999
316	6	58.21	54.37	-999	-999
320	0	55.84	58.6	-999	-999
320	1	55.84	74.51	-999	-999
320	6	55.84	58.29	-999	-999
321	0	57.66	55.01	-999	-999
321	1	74.96	74.51	-999	-999
321	6	55.84	54.35	-999	-999
322	0	55.84	68.18	-999	-999
322	1	55.84	74.51	-999	-999
322	6	55.84	67.79	-999	-999
323	0	55.84	57.48	-999	-999
323	1	55.84	74.51	-999	-999
323	6	55.84	57.38	-999	-999
324	0	74.96	58.6	-999	-999
324	1	74.96	74.51	-999	-999
324	6	74.96	58.29	-999	-999
330	0	57.79	71.13	-999	-999
330	1	57.79	71.13	-999	-999
330	6	57.79	71.13	-999	-999
331	0	57.79	54.7	-999	-999
331	1	57.79	54.7	-999	-999
331	6	57.79	54.7	-999	-999
332	0	57.79	69.77	-999	-999
332	1	57.79	69.77	-999	-999
332	6	57.79	69.77	-999	-999
333	0	57.79	63.73	-999	-999
333	1	57.79	63.73	-999	-999
333	6	57.79	63.73	-999	-999
334	0	57.79	71.13	-999	-999
334	1	57.79	71.13	-999	-999
334	6	57.79	71.13	-999	-999
340	0	65.71	63.82	-999	-999
340	1	65.71	63.82	-999	-999
340	6	65.71	63.82	-999	-999
341	0	67.63	66.36	-999	-999
341	1	69.91	77.37	-999	-999
341	6	65.71	63.82	-999	-999
342	0	63.16	64.44	-999	-999
342	1	63.36	77.37	-999	-999
342	6	62.94	62.83	-999	-999
343	0	66.97	60	-999	-999
343	1	63.36	72.05	-999	-999
343	6	67.17	59.12	-999	-999
344	0	59.61	60.72	-999	-999
344	1	59.61	60.72	-999	-999
344	6	59.61	60.72	-999	-999
345	0	53.54	60.72	-999	-999
345	1	53.54	60.72	-999	-999
345	6	53.54	60.72	-999	-999
346	0	64.14	71.44	-999	-999
346	1	67.69	71.44	-999	-999
346	6	62.87	71.44	-999	-999
347	0	65.03	63	-999	-999
347	1	65.03	63	-999	-999
347	6	65.03	63	-999	-999
348	0	75.7	71.44	-999	-999
348	1	75.7	71.44	-999	-999
348	6	75.7	71.44	-999	-999
349	0	64.14	71.44	-999	-999
349	1	67.69	71.44	-999	-999
349	6	62.87	71.44	-999	-999
400	0	52.32	52.42	-999	-999
400	1	52.32	73.88	-999	-999
400	6	52.32	51.74	-999	-999
410	0	52.32	55.85	-999	-999
410	1	52.32	73.88	-999	-999
410	6	52.32	53.6	-999	-999
411	0	52.32	58.03	-999	-999
411	1	52.32	73.88	-999	-999
411	6	52.32	57.91	-999	-999
412	0	57.1	54.55	-999	-999
412	1	52.32	73.88	-999	-999
412	6	57.68	53.05	-999	-999
413	0	51.86	44.22	-999	-999
413	1	52.32	73.88	-999	-999
413	6	51.85	44.07	-999	-999
414	0	52.32	46.18	-999	-999
414	1	52.32	46.18	-999	-999
414	6	52.32	46.18	-999	-999
419	0	52.32	54.68	-999	-999
419	1	52.32	73.88	-999	-999
419	6	52.32	53.6	-999	-999
420	0	58.25	53.43	-999	-999
420	1	58.25	53.43	-999	-999
420	6	58.25	53.43	-999	-999
421	0	58.25	53.77	-999	-999
421	1	58.25	73.88	-999	-999
421	6	58.25	53.43	-999	-999
422	0	58.25	54.03	-999	-999
422	1	58.25	73.88	-999	-999
422	6	58.25	52.88	-999	-999
500	0	39.01	56.65	-999	-999
500	1	39.01	56.65	-999	-999
500	6	39.01	56.65	-999	-999
510	0	47.51	47.78	-999	-999
510	1	61.83	47.78	-999	-999
510	6	45.82	47.78	-999	-999
511	0	54	49.53	-999	-999
511	1	63.58	56.65	-999	-999
511	6	52.67	48.61	-999	-999
512	0	49.46	39.98	-999	-999
512	1	61.15	55.25	-999	-999
512	6	46.66	39.23	-999	-999
513	0	39.01	48.77	-999	-999
513	1	39.01	48.77	-999	-999
513	6	39.01	48.77	-999	-999
514	0	50.42	52.19	-999	-999
514	1	63.58	56.65	-999	-999
514	6	39.01	47.78	-999	-999
515	0	47.51	42.86	-999	-999
515	1	61.83	56.23	-999	-999
515	6	45.82	41.18	-999	-999
516	0	45.04	46.53	-999	-999
516	1	63.58	46.53	-999	-999
516	6	44.93	46.53	-999	-999
520	0	50.28	55.23	-999	-999
520	1	44.82	55.23	-999	-999
520	6	55.73	55.23	-999	-999
521	0	56.85	43.68	-999	-999
521	1	57.88	53.25	-999	-999
521	6	55.73	41.98	-999	-999
522	0	47.87	42.51	-999	-999
522	1	44.82	55.23	-999	-999
522	6	55.73	33.06	-999	-999
523	0	55.54	43.65	-999	-999
523	1	55.38	53.48	-999	-999
523	6	55.73	41.73	-999	-999
600	0	38.35	32.57	-999	-999
600	1	46.54	45.39	-999	-999
600	6	33.65	31.13	-999	-999
610	0	41.33	32.17	-999	-999
610	1	48.92	45.39	-999	-999
610	6	33.75	31.13	-999	-999
611	0	43.15	33.93	-999	-999
611	1	53.67	45.39	-999	-999
611	6	34.32	32.91	-999	-999
612	0	37.11	31.5	-999	-999
612	1	48.92	45.39	-999	-999
612	6	33.75	30.69	-999	-999
613	0	39.48	40.04	-999	-999
613	1	41.77	45.39	-999	-999
613	6	33.75	30.69	-999	-999
614	0	34.94	31.42	-999	-999
614	1	39.63	45.39	-999	-999
614	6	33.05	30.64	-999	-999
615	0	33.05	30.64	-999	-999
615	1	33.05	30.64	-999	-999
615	6	33.05	30.64	-999	-999
620	0	46.27	44.57	-999	-999
620	1	46.27	45.39	-999	-999
620	6	33.65	30.64	-999	-999
621	0	46.27	44.57	-999	-999
621	1	46.27	45.39	-999	-999
621	6	46.27	30.64	-999	-999
625	0	46.27	44.57	-999	-999
625	1	46.27	45.39	-999	-999
625	6	33.65	30.64	-999	-999
700	0	33.12	38.39	-999	-999
700	1	33.12	54.17	-999	-999
700	6	33.12	36.88	-999	-999
710	0	37.93	43.03	-999	-999
710	1	44.88	56.63	-999	-999
710	6	36.3	41.28	-999	-999
711	0	37.35	41.28	-999	-999
711	1	37.35	41.28	-999	-999
711	6	37.35	41.28	-999	-999
712	0	34.23	41.28	-999	-999
712	1	41.53	41.28	-999	-999
712	6	33.12	41.28	-999	-999
713	0	43.95	47.04	-999	-999
713	1	49.71	56.63	-999	-999
713	6	42.04	41.28	-999	-999
714	0	38.2	42.67	-999	-999
714	1	40.22	56.63	-999	-999
714	6	36.82	41.28	-999	-999
720	0	42.67	32.42	-999	-999
720	1	42.67	32.42	-999	-999
720	6	42.67	32.42	-999	-999
721	0	40.66	32.42	-999	-999
721	1	57.2	32.42	-999	-999
721	6	38.84	32.42	-999	-999
722	0	43.79	32.92	-999	-999
722	1	55.47	56.63	-999	-999
722	6	42.67	32.42	-999	-999
723	0	43.06	51.82	-999	-999
723	1	53.08	56.63	-999	-999
723	6	42.34	51.62	-999	-999
724	0	48.42	43.12	-999	-999
724	1	55.21	43.12	-999	-999
724	6	47.3	43.12	-999	-999
730	0	45.94	41.8	-999	-999
730	1	56.11	56.63	-999	-999
730	6	41.91	39.2	-999	-999
731	0	54.09	39.19	-999	-999
731	1	56.11	56.63	-999	-999
731	6	52.97	35.92	-999	-999
732	0	37.76	39.32	-999	-999
732	1	56.11	56.63	-999	-999
732	6	32.79	36.91	-999	-999
733	0	50.55	42.39	-999	-999
733	1	56.11	56.63	-999	-999
733	6	32.79	37.45	-999	-999
734	0	47.53	51.57	-999	-999
734	1	56.11	56.63	-999	-999
734	6	47.06	50.92	-999	-999
740	0	32.39	37.19	-999	-999
740	1	32.39	53.04	-999	-999
740	6	32.39	35.57	-999	-999
741	0	36.27	33.37	-999	-999
741	1	60.18	56.63	-999	-999
741	6	33.73	32.93	-999	-999
742	0	46.25	36.76	-999	-999
742	1	60.18	56.63	-999	-999
742	6	41.84	35.06	-999	-999
743	0	36.72	38.46	-999	-999
743	1	60.18	52.77	-999	-999
743	6	32.39	36.47	-999	-999
744	0	37.95	34.47	-999	-999
744	1	60.18	34.47	-999	-999
744	6	32.39	34.47	-999	-999
750	0	41.9	38.39	-999	-999
750	1	50.79	54.17	-999	-999
750	6	40.46	36.88	-999	-999
751	0	41.9	38.39	-999	-999
751	1	50.79	54.17	-999	-999
751	6	40.46	36.88	-999	-999
752	0	41.9	38.39	-999	-999
752	1	50.79	54.17	-999	-999
752	6	40.46	36.88	-999	-999
753	0	41.9	38.39	-999	-999
753	1	50.79	54.17	-999	-999
753	6	40.46	36.88	-999	-999
800	0	43.37	36.94	-999	-999
800	1	43.37	56.63	-999	-999
800	6	43.37	36.71	-999	-999
810	0	43.37	35.62	-999	-999
810	1	43.37	56.63	-999	-999
810	6	43.37	35.62	-999	-999
811	0	45.39	30.27	-999	-999
811	1	45.39	30.27	-999	-999
811	6	45.39	30.27	-999	-999
812	0	43.37	30.27	-999	-999
812	1	43.37	30.27	-999	-999
812	6	43.37	30.27	-999	-999
813	0	24.39	29.72	-999	-999
813	1	24.39	29.72	-999	-999
813	6	24.39	29.72	-999	-999
814	0	33.74	28.45	-999	-999
814	1	55.38	28.45	-999	-999
814	6	32.02	28.45	-999	-999
815	0	40.33	28.45	-999	-999
815	1	40.33	28.45	-999	-999
815	6	40.33	28.45	-999	-999
816	0	37.76	42.22	-999	-999
816	1	55.38	42.22	-999	-999
816	6	37.63	42.22	-999	-999
817	0	42.36	49.08	-999	-999
817	1	42.36	49.08	-999	-999
817	6	42.36	49.08	-999	-999
818	0	37.63	42.22	-999	-999
818	1	37.63	42.22	-999	-999
818	6	37.63	42.22	-999	-999
820	0	41.6	37.33	-999	-999
820	1	55.38	56.63	-999	-999
820	6	40.91	37.04	-999	-999
821	0	44.18	41.28	-999	-999
821	1	55.38	41.28	-999	-999
821	6	43.72	41.28	-999	-999
822	0	40.39	47.03	-999	-999
822	1	40.39	47.03	-999	-999
822	6	40.39	47.03	-999	-999
823	0	34.25	31.41	-999	-999
823	1	55.38	31.41	-999	-999
823	6	33.07	31.41	-999	-999
824	0	42.16	32.67	-999	-999
824	1	55.38	32.67	-999	-999
824	6	40.39	32.67	-999	-999
825	0	50.5	43.64	-999	-999
825	1	50.5	56.63	-999	-999
825	6	50.5	42.9	-999	-999
826	0	42.38	35.7	-999	-999
826	1	55.38	56.63	-999	-999
826	6	40.28	35.3	-999	-999
827	0	36.93	35.89	-999	-999
827	1	55.38	35.89	-999	-999
827	6	36.51	35.89	-999	-999
828	0	42.35	41.1	-999	-999
828	1	55.38	56.63	-999	-999
828	6	41.42	41.01	-999	-999
829	0	40.81	34.24	-999	-999
829	1	55.38	56.63	-999	-999
829	6	40.39	32.67	-999	-999
830	0	48.66	35.82	-999	-999
830	1	48.66	56.63	-999	-999
830	6	48.66	35.82	-999	-999
831	0	48.66	39.56	-999	-999
831	1	48.66	39.56	-999	-999
831	6	48.66	39.56	-999	-999
832	0	41.8	39.56	-999	-999
832	1	49.64	39.56	-999	-999
832	6	40.76	39.56	-999	-999
833	0	33.78	32.36	-999	-999
833	1	62.18	32.36	-999	-999
833	6	32.77	32.36	-999	-999
834	0	48.66	35.82	-999	-999
834	1	48.66	56.63	-999	-999
834	6	48.66	35.82	-999	-999
840	0	40.68	36.94	-999	-999
840	1	51.43	56.63	-999	-999
840	6	39.91	36.71	-999	-999
900	0	36.39	42.9	-999	-999
900	1	49.63	42.9	-999	-999
900	6	35.75	42.9	-999	-999
910	0	38.86	42.9	-999	-999
910	1	61.08	42.9	-999	-999
910	6	37.61	42.9	-999	-999
911	0	61.08	47.03	-999	-999
911	1	61.08	55.29	-999	-999
911	6	61.08	42.9	-999	-999
912	0	48.46	37.49	-999	-999
912	1	48.46	55.29	-999	-999
912	6	48.46	37.21	-999	-999
913	0	50.53	36.86	-999	-999
913	1	61.08	55.29	-999	-999
913	6	48.46	36.69	-999	-999
914	0	43.67	40.13	-999	-999
914	1	61.08	55.29	-999	-999
914	6	42.69	39.67	-999	-999
915	0	32.59	38.08	-999	-999
915	1	61.08	55.29	-999	-999
915	6	32.39	37.94	-999	-999
916	0	28.58	44.14	-999	-999
916	1	28.58	55.29	-999	-999
916	6	28.58	42.9	-999	-999
920	0	37.06	30.56	-999	-999
920	1	37.06	30.56	-999	-999
920	6	37.06	30.56	-999	-999
921	0	37.77	30.99	-999	-999
921	1	62.18	55.29	-999	-999
921	6	37.06	30.56	-999	-999
930	0	34.58	33.26	-999	-999
930	1	39.47	33.26	-999	-999
930	6	34.35	33.26	-999	-999
931	0	32.5	27.5	-999	-999
931	1	39.47	27.5	-999	-999
931	6	31.8	27.5	-999	-999
932	0	34.39	33.42	-999	-999
932	1	39.47	55.29	-999	-999
932	6	34.37	33.26	-999	-999
933	0	36.95	37.83	-999	-999
933	1	39.47	37.83	-999	-999
933	6	36.86	37.83	-999	-999
1000	0	83.2	57.73	55	51
1000	1	83.2	57.73	55	51
1000	6	83.2	57.73	55	51
1100	0	83.2	57.73	70	67
1100	1	83.2	58.5	70	67
1100	6	83.2	57.73	70	67
1110	0	83.2	57.73	77	64
1110	1	83.2	57.73	77	64
1110	6	83.2	57.73	77	64
1120	0	83.2	57.73	77	71
1120	1	83.2	58.5	77	71
1120	6	83.2	57.73	77	71
1130	0	62.37	57.73	66	63
1130	1	69.5	58.5	66	63
1130	6	62.37	57.73	66	63
1140	0	83.2	57.73	58	63
1140	1	83.2	57.73	58	63
1140	6	83.2	57.73	58	63
1141	0	83.2	57.73	58	63
1141	1	83.2	57.73	58	63
1141	6	83.2	57.73	58	63
1142	0	83.2	57.73	58	63
1142	1	83.2	57.73	58	63
1142	6	83.2	57.73	58	63
1143	0	83.2	57.73	58	63
1143	1	83.2	57.73	58	63
1143	6	83.2	57.73	58	63
1150	0	51.72	57.73	-999	-999
1150	1	51.72	57.73	-999	-999
1150	6	51.72	57.73	-999	-999
1160	0	57.82	57.73	-999	-999
1160	1	57.82	57.73	-999	-999
1160	6	57.82	57.73	-999	-999
1200	0	75.96	61.98	68	60
1200	1	75.96	58.5	68	60
1200	6	75.96	62.4	68	60
1210	0	86.14	63.09	70	70
1210	1	69.17	63.09	70	70
1210	6	86.99	63.09	70	70
1220	0	73.49	62.32	67	63
1220	1	69.17	58.5	67	63
1220	6	74.89	63.09	67	63
1221	0	73.49	62.32	67	60
1221	1	69.17	58.5	67	60
1221	6	74.89	63.09	67	60
1222	0	73.49	62.32	67	60
1222	1	69.17	58.5	67	60
1222	6	74.89	63.09	67	60
1223	0	73.49	62.32	67	60
1223	1	69.17	58.5	67	60
1223	6	74.89	63.09	67	60
1224	0	73.49	62.32	59	60
1224	1	69.17	58.5	59	60
1224	6	74.89	63.09	59	60
1225	0	73.49	62.32	59	60
1225	1	69.17	58.5	59	60
1225	6	74.89	63.09	59	60
1226	0	73.49	62.32	59	60
1226	1	69.17	58.5	59	60
1226	6	74.89	63.09	59	60
1227	0	73.49	62.32	87	60
1227	1	69.17	58.5	87	60
1227	6	74.89	63.09	87	60
1228	0	73.49	62.32	59	60
1228	1	69.17	58.5	59	60
1228	6	74.89	63.09	59	60
1229	0	73.49	62.32	67	60
1229	1	69.17	58.5	67	60
1229	6	74.89	63.09	67	60
1230	0	75.42	61.31	61	60
1230	1	69.17	61.31	61	60
1230	6	75.96	61.31	61	60
1231	0	75.42	61.31	69	60
1231	1	69.17	58.5	69	60
1231	6	75.96	61.31	69	60
1232	0	75.42	61.31	69	60
1232	1	69.17	58.5	69	60
1232	6	75.96	61.31	69	60
1233	0	75.42	61.31	56	60
1233	1	69.17	58.5	56	60
1233	6	75.96	61.31	56	60
1234	0	75.42	61.31	69	60
1234	1	69.17	58.5	69	60
1234	6	75.96	61.31	69	60
1235	0	75.42	61.31	69	60
1235	1	69.17	58.5	69	60
1235	6	75.96	61.31	69	60
1236	0	75.42	61.31	69	60
1236	1	69.17	58.5	69	60
1236	6	75.96	61.31	69	60
1237	0	75.42	61.31	69	60
1237	1	69.17	58.5	69	60
1237	6	75.96	61.31	69	60
1239	0	75.42	61.31	69	60
1239	1	69.17	58.5	69	60
1239	6	75.96	61.31	69	60
1240	0	74.91	61.98	58	55
1240	1	69.17	58.5	58	55
1240	6	76.09	62.4	58	55
1250	0	74.91	61.98	64	65
1250	1	69.17	58.5	64	65
1250	6	76.09	62.4	64	65
1251	0	74.91	61.98	70	73
1251	1	69.17	58.5	70	73
1251	6	76.09	62.4	70	73
1252	0	74.91	61.98	60	63
1252	1	69.17	58.5	60	63
1252	6	76.09	62.4	60	63
1300	0	70.26	59.39	51	50
1300	1	69.56	58.5	51	50
1300	6	71.34	60.43	51	50
1310	0	70.26	59.39	51	50
1310	1	69.56	58.5	51	50
1310	6	71.34	60.43	51	50
1311	0	70.26	59.39	43	47
1311	1	69.56	58.5	43	47
1311	6	71.34	60.43	43	47
1312	0	70.26	59.39	56	52
1312	1	69.56	58.5	56	52
1312	6	71.34	60.43	56	52
1313	0	70.26	59.39	51	52
1313	1	69.56	58.5	51	52
1313	6	71.34	60.43	51	52
1314	0	70.26	59.39	49	46
1314	1	69.56	58.5	49	46
1314	6	71.34	60.43	49	46
1315	0	70.26	59.39	44	38
1315	1	69.56	58.5	44	38
1315	6	71.34	60.43	44	38
1316	0	70.26	59.39	51	52
1316	1	69.56	58.5	51	52
1316	6	71.34	60.43	51	52
1317	0	70.26	59.39	51	52
1317	1	69.56	58.5	51	52
1317	6	71.34	60.43	51	52
1318	0	70.26	59.39	51	52
1318	1	69.56	58.5	51	52
1318	6	71.34	60.43	51	52
1319	0	70.26	59.39	51	52
1319	1	69.56	58.5	51	52
1319	6	71.34	60.43	51	52
2000	0	84.8	88.6	70	62
2000	1	84.8	88.6	70	62
2000	6	84.8	88.6	70	62
2100	0	80.65	84.56	69	63
2100	1	80.93	81.36	69	63
2100	6	80.55	85.05	69	63
2110	0	85.64	88.6	74	69
2110	1	89.79	88.6	74	69
2110	6	84.8	88.6	74	69
2111	0	85.64	88.6	74	75
2111	1	89.79	81.36	74	75
2111	6	84.8	88.6	74	75
2112	0	85.64	88.6	74	72
2112	1	89.79	81.36	74	72
2112	6	84.8	88.6	74	72
2113	0	85.64	88.6	74	69
2113	1	89.79	81.36	74	69
2113	6	84.8	88.6	74	69
2114	0	85.64	88.6	74	67
2114	1	89.79	81.36	74	67
2114	6	84.8	88.6	74	67
2120	0	85.25	88.6	71	56
2120	1	89.79	88.6	71	56
2120	6	84.8	88.6	71	56
2121	0	85.25	88.6	71	69
2121	1	89.79	81.36	71	69
2121	6	84.8	88.6	71	69
2122	0	85.25	88.6	71	55
2122	1	89.79	81.36	71	55
2122	6	84.8	88.6	71	55
2130	0	79.33	96.59	71	51
2130	1	89.79	96.59	71	51
2130	6	76.34	96.59	71	51
2131	0	79.33	96.59	71	51
2131	1	89.79	96.59	71	51
2131	6	76.34	96.59	71	51
2132	0	79.33	96.59	71	51
2132	1	89.79	96.59	71	51
2132	6	76.34	96.59	71	51
2139	0	79.33	96.59	71	51
2139	1	89.79	96.59	71	51
2139	6	76.34	96.59	71	51
2140	0	79.91	75.92	73	63
2140	1	77.19	75.92	73	63
2140	6	80.89	75.92	73	63
2141	0	79.91	75.92	69	72
2141	1	77.19	75.92	69	72
2141	6	80.89	75.92	69	72
2142	0	79.91	75.92	69	70
2142	1	77.19	75.92	69	70
2142	6	80.89	75.92	69	70
2143	0	79.91	75.92	68	65
2143	1	77.19	75.92	68	65
2143	6	80.89	75.92	68	65
2144	0	79.91	75.92	68	65
2144	1	77.19	75.92	68	65
2144	6	80.89	75.92	68	65
2145	0	79.91	75.92	67	66
2145	1	77.19	75.92	67	66
2145	6	80.89	75.92	67	66
2146	0	79.91	75.92	71	66
2146	1	77.19	75.92	71	66
2146	6	80.89	75.92	71	66
2147	0	79.91	75.92	67	61
2147	1	77.19	75.92	67	61
2147	6	80.89	75.92	67	61
2148	0	79.91	75.92	56	58
2148	1	77.19	75.92	56	58
2148	6	80.89	75.92	56	58
2149	0	79.91	75.92	69	56
2149	1	77.19	75.92	69	56
2149	6	80.89	75.92	69	56
2200	0	83.52	92.91	80	70
2200	1	89.46	87.78	80	70
2200	6	81.22	94.56	80	70
2210	0	67.06	80.45	78	62
2210	1	89.46	80.45	78	62
2210	6	64.57	80.45	78	62
2211	0	67.06	80.45	77	69
2211	1	89.46	87.78	77	69
2211	6	64.57	80.45	77	69
2212	0	67.06	80.45	77	68
2212	1	89.46	87.78	77	68
2212	6	64.57	80.45	77	68
2213	0	67.06	80.45	79	56
2213	1	89.46	87.78	79	56
2213	6	64.57	80.45	79	56
2220	0	88	95.76	85	73
2220	1	89.46	87.78	85	73
2220	6	87.29	99	85	73
2221	0	88	95.76	88	78
2221	1	89.46	87.78	88	78
2221	6	87.29	99	88	78
2222	0	88	95.76	85	70
2222	1	89.46	87.78	85	70
2222	6	87.29	99	85	70
2223	0	88	95.76	83	61
2223	1	89.46	87.78	83	61
2223	6	87.29	99	83	61
2224	0	88	95.76	74	64
2224	1	89.46	87.78	74	64
2224	6	87.29	99	74	64
2229	0	88	95.76	85	73
2229	1	89.46	87.78	85	73
2229	6	87.29	99	85	73
2230	0	83.52	92.91	43	54
2230	1	89.46	87.78	43	54
2230	6	81.22	94.56	43	54
2300	0	84.65	79.99	69	61
2300	1	86.32	87.06	69	61
2300	6	84.52	79.89	69	61
2310	0	99	98.57	77	78
2310	1	99	98.57	77	78
2310	6	99	98.57	77	78
2320	0	89.14	92.33	69	60
2320	1	89.14	92.33	69	60
2320	6	89.14	92.33	69	60
2321	0	89.14	92.33	70	60
2321	1	89.14	92.33	70	60
2321	6	89.14	92.33	70	60
2322	0	89.14	92.33	66	57
2322	1	89.14	92.33	66	57
2322	6	89.14	92.33	66	57
2323	0	89.14	92.33	-999	-999
2323	1	89.14	92.33	-999	-999
2323	6	89.14	92.33	-999	-999
2330	0	68.49	74.84	66	57
2330	1	68.49	74.84	66	57
2330	6	68.49	74.84	66	57
2331	0	68.49	74.84	66	57
2331	1	86.32	87.06	66	57
2331	6	68.49	74.84	66	57
2332	0	68.49	74.84	43	49
2332	1	86.32	87.06	43	49
2332	6	68.49	74.84	43	49
2340	0	76.27	87.01	66	62
2340	1	76.27	87.01	66	62
2340	6	76.27	87.01	66	62
2350	0	86.64	84.27	66	62
2350	1	86.64	84.27	66	62
2350	6	86.64	84.27	66	62
2351	0	86.64	84.27	70	68
2351	1	86.64	84.27	70	68
2351	6	86.64	84.27	70	68
2352	0	86.64	84.27	70	68
2352	1	86.64	84.27	70	68
2352	6	86.64	84.27	70	68
2359	0	86.64	84.27	65	62
2359	1	86.64	84.27	65	62
2359	6	86.64	84.27	65	62
2400	0	79.87	64.15	68	60
2400	1	78.88	64.15	68	60
2400	6	80.37	64.15	68	60
2410	0	72.55	66.04	69	57
2410	1	69.45	74.34	69	57
2410	6	74.1	64.15	69	57
2411	0	72.55	66.04	69	62
2411	1	69.45	74.34	69	62
2411	6	74.1	64.15	69	62
2412	0	72.55	66.04	69	56
2412	1	69.45	74.34	69	56
2412	6	74.1	64.15	69	56
2419	0	72.55	66.04	69	57
2419	1	69.45	74.34	69	57
2419	6	74.1	64.15	69	57
2420	0	76.61	96.22	85	73
2420	1	72.76	74.34	85	73
2420	6	79.71	99	85	73
2421	0	76.61	96.22	85	73
2421	1	72.76	74.34	85	73
2421	6	79.71	99	85	73
2422	0	76.61	96.22	90	76
2422	1	72.76	74.34	90	76
2422	6	79.71	99	90	76
2429	0	76.61	96.22	82	71
2429	1	72.76	74.34	82	71
2429	6	79.71	99	82	71
2430	0	85.97	78.45	65	54
2430	1	87.78	78.45	65	54
2430	6	85.67	78.45	65	54
2431	0	85.97	78.45	65	54
2431	1	87.78	79.75	65	54
2431	6	85.67	78.45	65	54
2432	0	85.97	78.45	65	54
2432	1	87.78	79.75	65	54
2432	6	85.67	78.45	65	54
2440	0	86.36	76.56	65	58
2440	1	87.78	76.56	65	58
2440	6	85.67	76.56	65	58
2441	0	86.36	76.56	78	60
2441	1	87.78	76.56	78	60
2441	6	85.67	76.56	78	60
2442	0	86.36	76.56	71	67
2442	1	87.78	76.56	71	67
2442	6	85.67	76.56	71	67
2443	0	86.36	76.56	71	67
2443	1	87.78	76.56	71	67
2443	6	85.67	76.56	71	67
2444	0	86.36	76.56	65	62
2444	1	87.78	76.56	65	62
2444	6	85.67	76.56	65	62
2445	0	86.36	76.56	71	67
2445	1	87.78	76.56	71	67
2445	6	85.67	76.56	71	67
2446	0	86.36	76.56	51	52
2446	1	87.78	76.56	51	52
2446	6	85.67	76.56	51	52
2450	0	91.28	94.73	61	57
2450	1	90.34	94.73	61	57
2450	6	91.88	94.73	61	57
2451	0	91.28	94.73	65	58
2451	1	90.34	94.73	65	58
2451	6	91.88	94.73	65	58
2452	0	91.28	94.73	54	57
2452	1	90.34	94.73	54	57
2452	6	91.88	94.73	54	57
2453	0	91.28	94.73	64	45
2453	1	90.34	94.73	64	45
2453	6	91.88	94.73	64	45
2454	0	91.28	94.73	64	40
2454	1	90.34	94.73	64	40
2454	6	91.88	94.73	64	40
2455	0	91.28	94.73	64	57
2455	1	90.34	94.73	64	57
2455	6	91.88	94.73	64	57
2460	0	86.72	76.56	53	60
2460	1	87.78	76.56	53	60
2460	6	85.67	76.56	53	60
2470	0	70	73.97	-999	-999
2470	1	70	73.97	-999	-999
2470	6	70	73.97	-999	-999
3000	0	58.21	54.37	54	48
3000	1	58.21	54.37	54	48
3000	6	58.21	54.37	54	48
3100	0	60.57	57.43	50	48
3100	1	70.96	65.31	50	48
3100	6	59.59	57.33	50	48
3110	0	59.34	59.69	49	47
3110	1	66.52	59.69	49	47
3110	6	58.71	59.69	49	47
3111	0	59.34	59.69	45	46
3111	1	66.52	59.69	45	46
3111	6	58.71	59.69	45	46
3112	0	59.34	59.69	45	39
3112	1	66.52	59.69	45	39
3112	6	58.71	59.69	45	39
3113	0	59.34	59.69	46	46
3113	1	66.52	59.69	46	46
3113	6	58.71	59.69	46	46
3114	0	59.34	59.69	46	46
3114	1	66.52	59.69	46	46
3114	6	58.71	59.69	46	46
3115	0	59.34	59.69	54	46
3115	1	66.52	59.69	54	46
3115	6	58.71	59.69	54	46
3116	0	59.34	59.69	54	46
3116	1	66.52	59.69	54	46
3116	6	58.71	59.69	54	46
3117	0	59.34	59.69	54	53
3117	1	66.52	59.69	54	53
3117	6	58.71	59.69	54	53
3118	0	59.34	59.69	51	55
3118	1	66.52	59.69	51	55
3118	6	58.71	59.69	51	55
3119	0	59.34	59.69	53	46
3119	1	66.52	59.69	53	46
3119	6	58.71	59.69	53	46
3120	0	75.93	56.06	52	53
3120	1	87.1	56.06	52	53
3120	6	73.95	56.06	52	53
3121	0	75.93	56.06	52	53
3121	1	87.1	65.31	52	53
3121	6	73.95	56.06	52	53
3122	0	75.93	56.06	52	53
3122	1	87.1	65.31	52	53
3122	6	73.95	56.06	52	53
3123	0	75.93	56.06	52	53
3123	1	87.1	65.31	52	53
3123	6	73.95	56.06	52	53
3130	0	76.6	70.93	52	46
3130	1	87.1	70.93	52	46
3130	6	73.25	70.93	52	46
3131	0	76.6	70.93	48	46
3131	1	87.1	70.93	48	46
3131	6	73.25	70.93	48	46
3132	0	76.6	70.93	57	49
3132	1	87.1	70.93	57	49
3132	6	73.25	70.93	57	49
3133	0	76.6	70.93	57	58
3133	1	87.1	70.93	57	58
3133	6	73.25	70.93	57	58
3139	0	76.6	70.93	52	44
3139	1	87.1	70.93	52	44
3139	6	73.25	70.93	52	44
3140	0	68.25	57.43	57	57
3140	1	68.25	65.31	57	57
3140	6	68.25	57.33	57	57
3141	0	68.25	57.43	52	60
3141	1	70.96	65.31	52	60
3141	6	68.25	57.33	52	60
3142	0	68.25	57.43	52	55
3142	1	70.96	65.31	52	55
3142	6	68.25	57.33	52	55
3143	0	68.25	57.43	69	60
3143	1	70.96	65.31	69	60
3143	6	68.25	57.33	69	60
3144	0	68.25	57.43	69	50
3144	1	70.96	65.31	69	50
3144	6	68.25	57.33	69	50
3145	0	68.25	57.43	50	46
3145	1	70.96	65.31	50	46
3145	6	68.25	57.33	50	46
3150	0	50.7	42.46	50	54
3150	1	66.52	42.46	50	54
3150	6	49.01	42.46	50	54
3151	0	50.7	42.46	50	54
3151	1	66.52	65.31	50	54
3151	6	49.01	42.46	50	54
3152	0	50.7	42.46	50	54
3152	1	66.52	65.31	50	54
3152	6	49.01	42.46	50	54
3160	0	58.21	54.37	-999	-999
3160	1	58.21	54.37	-999	-999
3160	6	58.21	54.37	-999	-999
3200	0	55.84	58.6	48	51
3200	1	55.84	74.51	48	51
3200	6	55.84	58.29	48	51
3210	0	57.66	55.01	50	52
3210	1	74.96	74.51	50	52
3210	6	55.84	54.35	50	52
3211	0	57.66	55.01	50	52
3211	1	74.96	74.51	50	52
3211	6	55.84	54.35	50	52
3212	0	57.66	55.01	50	47
3212	1	74.96	74.51	50	47
3212	6	55.84	54.35	50	47
3213	0	57.66	55.01	50	55
3213	1	74.96	74.51	50	55
3213	6	55.84	54.35	50	55
3220	0	55.84	68.18	55	51
3220	1	55.84	74.51	55	51
3220	6	55.84	67.79	55	51
3221	0	55.84	68.18	51	53
3221	1	74.96	74.51	51	53
3221	6	55.84	67.79	51	53
3222	0	55.84	68.18	51	48
3222	1	74.96	74.51	51	48
3222	6	55.84	67.79	51	48
3223	0	55.84	68.18	51	52
3223	1	74.96	74.51	51	52
3223	6	55.84	67.79	51	52
3224	0	55.84	68.18	60	60
3224	1	74.96	74.51	60	60
3224	6	55.84	67.79	60	60
3225	0	55.84	68.18	51	44
3225	1	74.96	74.51	51	44
3225	6	55.84	67.79	51	44
3226	0	55.84	68.18	60	51
3226	1	74.96	74.51	60	51
3226	6	55.84	67.79	60	51
3227	0	55.84	68.18	51	48
3227	1	74.96	74.51	51	48
3227	6	55.84	67.79	51	48
3228	0	55.84	68.18	51	44
3228	1	74.96	74.51	51	44
3228	6	55.84	67.79	51	44
3229	0	55.84	68.18	51	45
3229	1	74.96	74.51	51	45
3229	6	55.84	67.79	51	45
3230	0	55.84	57.48	38	44
3230	1	55.84	74.51	38	44
3230	6	55.84	57.38	38	44
3231	0	55.84	57.48	38	44
3231	1	74.96	74.51	38	44
3231	6	55.84	57.38	38	44
3232	0	55.84	57.48	38	44
3232	1	74.96	74.51	38	44
3232	6	55.84	57.38	38	44
3240	0	74.96	58.6	49	29
3240	1	74.96	74.51	49	29
3240	6	74.96	58.29	49	29
3241	0	74.96	58.6	51	29
3241	1	74.96	74.51	51	29
3241	6	55.84	58.29	51	29
3242	0	74.96	58.6	38	22
3242	1	74.96	74.51	38	22
3242	6	55.84	58.29	38	22
3300	0	57.79	71.13	38	50
3300	1	57.79	71.13	38	50
3300	6	57.79	71.13	38	50
3310	0	57.79	54.7	38	50
3310	1	57.79	54.7	38	50
3310	6	57.79	54.7	38	50
3320	0	57.79	69.77	38	50
3320	1	57.79	69.77	38	50
3320	6	57.79	69.77	38	50
3330	0	57.79	63.73	38	50
3330	1	57.79	63.73	38	50
3330	6	57.79	63.73	38	50
3340	0	57.79	71.13	38	50
3340	1	57.79	71.13	38	50
3340	6	57.79	71.13	38	50
3400	0	65.71	63.82	55	48
3400	1	65.71	63.82	55	48
3400	6	65.71	63.82	55	48
3410	0	67.63	66.36	55	47
3410	1	69.91	77.37	55	47
3410	6	65.71	63.82	55	47
3411	0	67.63	66.36	61	50
3411	1	69.91	77.37	61	50
3411	6	65.71	63.82	61	50
3412	0	67.63	66.36	54	44
3412	1	69.91	77.37	54	44
3412	6	65.71	63.82	54	44
3413	0	67.63	66.36	59	49
3413	1	69.91	77.37	59	49
3413	6	65.71	63.82	59	49
3414	0	67.63	66.36	56	43
3414	1	69.91	77.37	56	43
3414	6	65.71	63.82	56	43
3415	0	67.63	66.36	56	46
3415	1	69.91	77.37	56	46
3415	6	65.71	63.82	56	46
3416	0	67.63	66.36	50	49
3416	1	69.91	77.37	50	49
3416	6	65.71	63.82	50	49
3417	0	67.63	66.36	56	46
3417	1	69.91	77.37	56	46
3417	6	65.71	63.82	56	46
3419	0	67.63	66.36	55	46
3419	1	69.91	77.37	55	46
3419	6	65.71	63.82	55	46
3420	0	63.16	64.44	55	42
3420	1	63.36	77.37	55	42
3420	6	62.94	62.83	55	42
3421	0	63.16	64.44	55	55
3421	1	63.36	77.37	55	55
3421	6	62.94	62.83	55	55
3422	0	63.16	64.44	55	50
3422	1	63.36	77.37	55	50
3422	6	62.94	62.83	55	50
3423	0	63.16	64.44	55	49
3423	1	63.36	77.37	55	49
3423	6	62.94	62.83	55	49
3429	0	63.16	64.44	55	42
3429	1	63.36	77.37	55	42
3429	6	62.94	62.83	55	42
3430	0	66.97	60	54	49
3430	1	63.36	72.05	54	49
3430	6	67.17	59.12	54	49
3431	0	66.97	60	54	53
3431	1	63.36	72.05	54	53
3431	6	67.17	59.12	54	53
3432	0	66.97	60	59	49
3432	1	63.36	72.05	59	49
3432	6	67.17	59.12	59	49
3433	0	66.97	60	51	49
3433	1	63.36	72.05	51	49
3433	6	67.17	59.12	51	49
3434	0	66.97	60	61	51
3434	1	63.36	72.05	61	51
3434	6	67.17	59.12	61	51
3439	0	66.97	60	54	53
3439	1	63.36	72.05	54	53
3439	6	67.17	59.12	54	53
3440	0	59.61	60.72	56	52
3440	1	59.61	60.72	56	52
3440	6	59.61	60.72	56	52
3441	0	59.61	60.72	56	44
3441	1	67.69	60.72	56	44
3441	6	59.61	60.72	56	44
3442	0	59.61	60.72	57	52
3442	1	67.69	60.72	57	52
3442	6	59.61	60.72	57	52
3443	0	59.61	60.72	56	55
3443	1	67.69	60.72	56	55
3443	6	59.61	60.72	56	55
3444	0	59.61	60.72	46	54
3444	1	67.69	60.72	46	54
3444	6	59.61	60.72	46	54
3449	0	59.61	60.72	56	55
3449	1	67.69	60.72	56	55
3449	6	59.61	60.72	56	55
3450	0	53.54	60.72	56	45
3450	1	53.54	60.72	56	45
3450	6	53.54	60.72	56	45
3451	0	53.54	60.72	55	60
3451	1	53.54	72.79	55	60
3451	6	53.54	60.72	55	60
3452	0	53.54	60.72	56	44
3452	1	53.54	72.79	56	44
3452	6	53.54	60.72	56	44
3460	0	64.14	71.44	43	49
3460	1	67.69	71.44	43	49
3460	6	62.87	71.44	43	49
3470	0	65.03	63	52	45
3470	1	65.03	63	52	45
3470	6	65.03	63	52	45
3471	0	65.03	63	53	49
3471	1	65.03	63	53	49
3471	6	65.03	63	53	49
3472	0	65.03	63	64	50
3472	1	65.03	63	64	50
3472	6	65.03	63	64	50
3473	0	65.03	63	50	32
3473	1	65.03	63	50	32
3473	6	65.03	63	50	32
3474	0	65.03	63	50	33
3474	1	65.03	63	50	33
3474	6	65.03	63	50	33
3475	0	65.03	63	54	49
3475	1	65.03	63	54	49
3475	6	65.03	63	54	49
3480	0	75.7	71.44	38	50
3480	1	75.7	71.44	38	50
3480	6	75.7	71.44	38	50
3490	0	64.14	71.44	-999	-999
3490	1	67.69	71.44	-999	-999
3490	6	62.87	71.44	-999	-999
4000	0	52.32	52.42	45	37
4000	1	52.32	73.88	45	37
4000	6	52.32	51.74	45	37
4100	0	52.32	55.85	45	37
4100	1	52.32	73.88	45	37
4100	6	52.32	53.6	45	37
4110	0	52.32	58.03	51	45
4110	1	52.32	73.88	51	45
4110	6	52.32	57.91	51	45
4111	0	52.32	58.03	51	42
4111	1	52.32	73.88	51	42
4111	6	52.32	57.91	51	42
4112	0	52.32	58.03	50	42
4112	1	52.32	73.88	50	42
4112	6	52.32	57.91	50	42
4113	0	52.32	58.03	50	45
4113	1	52.32	73.88	50	45
4113	6	52.32	57.91	50	45
4114	0	52.32	58.03	51	45
4114	1	52.32	73.88	51	45
4114	6	52.32	57.91	51	45
4115	0	52.32	58.03	53	53
4115	1	52.32	73.88	53	53
4115	6	52.32	57.91	53	53
4120	0	57.1	54.55	51	44
4120	1	52.32	73.88	51	44
4120	6	57.68	53.05	51	44
4121	0	57.1	54.55	51	45
4121	1	52.32	73.88	51	45
4121	6	57.68	53.05	51	45
4122	0	57.1	54.55	51	36
4122	1	52.32	73.88	51	36
4122	6	57.68	53.05	51	36
4130	0	51.86	44.22	36	32
4130	1	52.32	73.88	36	32
4130	6	51.85	44.07	36	32
4131	0	51.86	44.22	32	30
4131	1	52.32	73.88	32	30
4131	6	51.85	44.07	32	30
4132	0	51.86	44.22	43	44
4132	1	52.32	73.88	43	44
4132	6	51.85	44.07	43	44
4133	0	51.86	44.22	45	37
4133	1	52.32	73.88	45	37
4133	6	51.85	44.07	45	37
4140	0	52.32	46.18	39	37
4140	1	52.32	46.18	39	37
4140	6	52.32	46.18	39	37
4141	0	52.32	46.18	39	36
4141	1	52.32	73.88	39	36
4141	6	52.32	46.18	39	36
4142	0	52.32	46.18	39	33
4142	1	52.32	73.88	39	33
4142	6	52.32	46.18	39	33
4143	0	52.32	46.18	39	41
4143	1	52.32	73.88	39	41
4143	6	52.32	46.18	39	41
4144	0	52.32	46.18	39	37
4144	1	52.32	73.88	39	37
4144	6	52.32	46.18	39	37
4190	0	52.32	54.68	39	37
4190	1	52.32	73.88	39	37
4190	6	52.32	53.6	39	37
4200	0	58.25	53.43	49	39
4200	1	58.25	53.43	49	39
4200	6	58.25	53.43	49	39
4210	0	58.25	53.77	48	37
4210	1	58.25	73.88	48	37
4210	6	58.25	53.43	48	37
4211	0	58.25	53.77	53	34
4211	1	58.25	73.88	53	34
4211	6	58.25	53.43	53	34
4212	0	58.25	53.77	46	42
4212	1	58.25	73.88	46	42
4212	6	58.25	53.43	46	42
4213	0	58.25	53.77	40	34
4213	1	58.25	73.88	40	34
4213	6	58.25	53.43	40	34
4214	0	58.25	53.77	40	15
4214	1	58.25	73.88	40	15
4214	6	58.25	53.43	40	15
4215	0	58.25	53.77	40	27
4215	1	58.25	73.88	40	27
4215	6	58.25	53.43	40	27
4220	0	58.25	54.03	52	38
4220	1	58.25	73.88	52	38
4220	6	58.25	52.88	52	38
4221	0	58.25	54.03	52	38
4221	1	58.25	73.88	52	38
4221	6	58.25	52.88	52	38
4222	0	58.25	54.03	52	38
4222	1	58.25	73.88	52	38
4222	6	58.25	52.88	52	38
4223	0	58.25	54.03	52	38
4223	1	58.25	73.88	52	38
4223	6	58.25	52.88	52	38
5000	0	39.01	56.65	40	32
5000	1	39.01	56.65	40	32
5000	6	39.01	56.65	40	32
5100	0	47.51	47.78	38	32
5100	1	61.83	47.78	38	32
5100	6	45.82	47.78	38	32
5110	0	54	49.53	34	32
5110	1	63.58	56.65	34	32
5110	6	52.67	48.61	34	32
5111	0	54	49.53	34	50
5111	1	63.58	56.65	34	50
5111	6	52.67	48.61	34	50
5112	0	54	49.53	34	32
5112	1	63.58	56.65	34	32
5112	6	52.67	48.61	34	32
5113	0	54	49.53	34	29
5113	1	63.58	56.65	34	29
5113	6	52.67	48.61	34	29
5120	0	49.46	39.98	32	26
5120	1	61.15	55.25	32	26
5120	6	46.66	39.23	32	26
5121	0	49.46	39.98	30	37
5121	1	61.15	55.25	30	37
5121	6	46.66	39.23	30	37
5122	0	49.46	39.98	30	31
5122	1	61.15	55.25	30	31
5122	6	46.66	39.23	30	31
5123	0	49.46	39.98	34	21
5123	1	61.15	55.25	34	21
5123	6	46.66	39.23	34	21
5130	0	39.01	48.77	25	27
5130	1	39.01	48.77	25	27
5130	6	39.01	48.77	25	27
5131	0	39.01	48.77	25	23
5131	1	61.83	56.23	25	23
5131	6	39.01	48.77	25	23
5132	0	39.01	48.77	25	42
5132	1	61.83	56.23	25	42
5132	6	39.01	48.77	25	42
5133	0	39.01	48.77	25	17
5133	1	61.83	56.23	25	17
5133	6	39.01	48.77	25	17
5139	0	39.01	48.77	25	29
5139	1	61.83	56.23	25	29
5139	6	39.01	48.77	25	29
5140	0	50.42	52.19	30	29
5140	1	63.58	56.65	30	29
5140	6	39.01	47.78	30	29
5141	0	50.42	52.19	29	32
5141	1	63.58	56.65	29	32
5141	6	39.01	47.78	29	32
5142	0	50.42	52.19	19	17
5142	1	63.58	56.65	19	17
5142	6	39.01	47.78	19	17
5143	0	50.42	52.19	54	34
5143	1	63.58	56.65	54	34
5143	6	39.01	47.78	54	34
5149	0	50.42	52.19	19	29
5149	1	63.58	56.65	19	29
5149	6	39.01	47.78	19	29
5150	0	47.51	42.86	43	37
5150	1	61.83	56.23	43	37
5150	6	45.82	41.18	43	37
5151	0	47.51	42.86	43	37
5151	1	61.83	56.23	43	37
5151	6	45.82	41.18	43	37
5152	0	47.51	42.86	43	37
5152	1	61.83	56.23	43	37
5152	6	45.82	41.18	43	37
5160	0	45.04	46.53	47	37
5160	1	63.58	46.53	47	37
5160	6	44.93	46.53	47	37
5161	0	45.04	46.53	42	35
5161	1	63.58	56.23	42	35
5161	6	44.93	46.53	42	35
5162	0	45.04	46.53	50	40
5162	1	63.58	56.23	50	40
5162	6	44.93	46.53	50	40
5163	0	45.04	46.53	40	39
5163	1	63.58	56.23	40	39
5163	6	44.93	46.53	40	39
5164	0	45.04	46.53	40	39
5164	1	63.58	56.23	40	39
5164	6	44.93	46.53	40	39
5169	0	45.04	46.53	40	30
5169	1	63.58	56.23	40	30
5169	6	44.93	46.53	40	30
5200	0	50.28	55.23	43	31
5200	1	44.82	55.23	43	31
5200	6	55.73	55.23	43	31
5210	0	56.85	43.68	43	28
5210	1	57.88	53.25	43	28
5210	6	55.73	41.98	43	28
5220	0	47.87	42.51	43	32
5220	1	44.82	55.23	43	32
5220	6	55.73	33.06	43	32
5230	0	55.54	43.65	37	24
5230	1	55.38	53.48	37	24
5230	6	55.73	41.73	37	24
6000	0	38.35	32.57	23	37
6000	1	46.54	45.39	23	37
6000	6	33.65	31.13	23	37
6100	0	41.33	32.17	23	38
6100	1	48.92	45.39	23	38
6100	6	33.75	31.13	23	38
6110	0	43.15	33.93	23	40
6110	1	53.67	45.39	23	40
6110	6	34.32	32.91	23	40
6111	0	43.15	33.93	23	40
6111	1	53.67	45.39	23	40
6111	6	34.32	32.91	23	40
6112	0	43.15	33.93	23	40
6112	1	53.67	45.39	23	40
6112	6	34.32	32.91	23	40
6113	0	43.15	33.93	23	40
6113	1	53.67	45.39	23	40
6113	6	34.32	32.91	23	40
6114	0	43.15	33.93	23	40
6114	1	53.67	45.39	23	40
6114	6	34.32	32.91	23	40
6120	0	37.11	31.5	23	40
6120	1	48.92	45.39	23	40
6120	6	33.75	30.69	23	40
6121	0	37.11	31.5	23	40
6121	1	48.92	45.39	23	40
6121	6	33.75	30.69	23	40
6122	0	37.11	31.5	23	40
6122	1	48.92	45.39	23	40
6122	6	33.75	30.69	23	40
6123	0	37.11	31.5	23	40
6123	1	48.92	45.39	23	40
6123	6	33.75	30.69	23	40
6124	0	37.11	31.5	23	40
6124	1	48.92	45.39	23	40
6124	6	33.75	30.69	23	40
6129	0	37.11	31.5	23	40
6129	1	48.92	45.39	23	40
6129	6	33.75	30.69	23	40
6130	0	39.48	40.04	23	38
6130	1	41.77	45.39	23	38
6130	6	33.75	30.69	23	38
6131	0	39.48	40.04	23	40
6131	1	41.77	45.39	23	40
6131	6	33.75	30.69	23	40
6132	0	39.48	40.04	27	41
6132	1	41.77	45.39	27	41
6132	6	33.75	30.69	27	41
6133	0	39.48	40.04	28	40
6133	1	41.77	45.39	28	40
6133	6	33.75	30.69	28	40
6134	0	39.48	40.04	28	30
6134	1	41.77	45.39	28	30
6134	6	33.75	30.69	28	30
6140	0	34.94	31.42	22	24
6140	1	39.63	45.39	22	24
6140	6	33.05	30.64	22	24
6141	0	34.94	31.42	22	24
6141	1	39.63	45.39	22	24
6141	6	33.05	30.64	22	24
6142	0	34.94	31.42	22	16
6142	1	39.63	45.39	22	16
6142	6	33.05	30.64	22	16
6150	0	33.05	30.64	28	28
6150	1	33.05	30.64	28	28
6150	6	33.05	30.64	28	28
6151	0	33.05	30.64	28	23
6151	1	46.6	45.39	28	23
6151	6	33.05	30.64	28	23
6152	0	33.05	30.64	28	23
6152	1	46.6	45.39	28	23
6152	6	33.05	30.64	28	23
6153	0	33.05	30.64	28	28
6153	1	46.6	45.39	28	28
6153	6	33.05	30.64	28	28
6154	0	33.05	30.64	28	6
6154	1	46.6	45.39	28	6
6154	6	33.05	30.64	28	6
6200	0	46.27	44.57	16	38
6200	1	46.27	45.39	16	38
6200	6	33.65	30.64	16	38
6210	0	46.27	44.57	16	38
6210	1	46.27	45.39	16	38
6210	6	46.27	30.64	16	38
6254	0	46.27	44.57	-999	-999
6254	1	46.27	45.39	-999	-999
6254	6	33.65	30.64	-999	-999
7000	0	33.12	38.39	34	38
7000	1	33.12	54.17	34	38
7000	6	33.12	36.88	34	38
7100	0	37.93	43.03	31	34
7100	1	44.88	56.63	31	34
7100	6	36.3	41.28	31	34
7110	0	37.35	41.28	30	34
7110	1	37.35	41.28	30	34
7110	6	37.35	41.28	30	34
7111	0	37.35	41.28	30	34
7111	1	44.88	56.63	30	34
7111	6	37.35	41.28	30	34
7112	0	37.35	41.28	30	36
7112	1	44.88	56.63	30	36
7112	6	37.35	41.28	30	36
7113	0	37.35	41.28	27	34
7113	1	44.88	56.63	27	34
7113	6	37.35	41.28	27	34
7120	0	34.23	41.28	30	34
7120	1	41.53	41.28	30	34
7120	6	33.12	41.28	30	34
7121	0	34.23	41.28	29	36
7121	1	41.53	56.63	29	36
7121	6	33.12	41.28	29	36
7122	0	34.23	41.28	29	34
7122	1	41.53	56.63	29	34
7122	6	33.12	41.28	29	34
7123	0	34.23	41.28	26	34
7123	1	41.53	56.63	26	34
7123	6	33.12	41.28	26	34
7124	0	34.23	41.28	29	37
7124	1	41.53	56.63	29	37
7124	6	33.12	41.28	29	37
7129	0	34.23	41.28	30	28
7129	1	41.53	56.63	30	28
7129	6	33.12	41.28	30	28
7130	0	43.95	47.04	34	37
7130	1	49.71	56.63	34	37
7130	6	42.04	41.28	34	37
7131	0	43.95	47.04	19	31
7131	1	49.71	56.63	19	31
7131	6	42.04	41.28	19	31
7132	0	43.95	47.04	30	31
7132	1	49.71	56.63	30	31
7132	6	42.04	41.28	30	31
7133	0	43.95	47.04	31	31
7133	1	49.71	56.63	31	31
7133	6	42.04	41.28	31	31
7134	0	43.95	47.04	34	28
7134	1	49.71	56.63	34	28
7134	6	42.04	41.28	34	28
7135	0	43.95	47.04	26	26
7135	1	49.71	56.63	26	26
7135	6	42.04	41.28	26	26
7136	0	43.95	47.04	33	34
7136	1	49.71	56.63	33	34
7136	6	42.04	41.28	33	34
7137	0	43.95	47.04	37	44
7137	1	49.71	56.63	37	44
7137	6	42.04	41.28	37	44
7139	0	43.95	47.04	-999	-999
7139	1	49.71	56.63	-999	-999
7139	6	42.04	41.28	-999	-999
7140	0	38.2	42.67	29	31
7140	1	40.22	56.63	29	31
7140	6	36.82	41.28	29	31
7141	0	38.2	42.67	29	31
7141	1	40.22	56.63	29	31
7141	6	36.82	41.28	29	31
7142	0	38.2	42.67	32	29
7142	1	40.22	56.63	32	29
7142	6	36.82	41.28	32	29
7143	0	38.2	42.67	29	20
7143	1	40.22	56.63	29	20
7143	6	36.82	41.28	29	20
7200	0	42.67	32.42	34	40
7200	1	42.67	32.42	34	40
7200	6	42.67	32.42	34	40
7210	0	40.66	32.42	31	38
7210	1	57.2	32.42	31	38
7210	6	38.84	32.42	31	38
7211	0	40.66	32.42	29	38
7211	1	57.2	56.63	29	38
7211	6	38.84	32.42	29	38
7212	0	40.66	32.42	30	39
7212	1	57.2	56.63	30	39
7212	6	38.84	32.42	30	39
7213	0	40.66	32.42	33	34
7213	1	57.2	56.63	33	34
7213	6	38.84	32.42	33	34
7214	0	40.66	32.42	30	44
7214	1	57.2	56.63	30	44
7214	6	38.84	32.42	30	44
7215	0	40.66	32.42	30	32
7215	1	57.2	56.63	30	32
7215	6	38.84	32.42	30	32
7216	0	40.66	32.42	30	26
7216	1	57.2	56.63	30	26
7216	6	38.84	32.42	30	26
7220	0	43.79	32.92	35	37
7220	1	55.47	56.63	35	37
7220	6	42.67	32.42	35	37
7221	0	43.79	32.92	33	35
7221	1	55.47	56.63	33	35
7221	6	42.67	32.42	33	35
7222	0	43.79	32.92	40	40
7222	1	55.47	56.63	40	40
7222	6	42.67	32.42	40	40
7223	0	43.79	32.92	34	38
7223	1	55.47	56.63	34	38
7223	6	42.67	32.42	34	38
7224	0	43.79	32.92	24	27
7224	1	55.47	56.63	24	27
7224	6	42.67	32.42	24	27
7230	0	43.06	51.82	34	43
7230	1	53.08	56.63	34	43
7230	6	42.34	51.62	34	43
7231	0	43.06	51.82	34	43
7231	1	53.08	56.63	34	43
7231	6	42.34	51.62	34	43
7232	0	43.06	51.82	42	50
7232	1	53.08	56.63	42	50
7232	6	42.34	51.62	42	50
7233	0	43.06	51.82	33	42
7233	1	53.08	56.63	33	42
7233	6	42.34	51.62	33	42
7234	0	43.06	51.82	23	20
7234	1	53.08	56.63	23	20
7234	6	42.34	51.62	23	20
7240	0	48.42	43.12	40	38
7240	1	55.21	43.12	40	38
7240	6	47.3	43.12	40	38
7241	0	48.42	43.12	40	38
7241	1	55.21	56.63	40	38
7241	6	47.3	43.12	40	38
7242	0	48.42	43.12	39	48
7242	1	55.21	56.63	39	48
7242	6	47.3	43.12	39	48
7243	0	48.42	43.12	41	42
7243	1	55.21	56.63	41	42
7243	6	47.3	43.12	41	42
7244	0	48.42	43.12	40	35
7244	1	55.21	56.63	40	35
7244	6	47.3	43.12	40	35
7245	0	48.42	43.12	38	36
7245	1	55.21	56.63	38	36
7245	6	47.3	43.12	38	36
7300	0	45.94	41.8	34	39
7300	1	56.11	56.63	34	39
7300	6	41.91	39.2	34	39
7310	0	54.09	39.19	38	45
7310	1	56.11	56.63	38	45
7310	6	52.97	35.92	38	45
7311	0	54.09	39.19	38	47
7311	1	56.11	56.63	38	47
7311	6	52.97	35.92	38	47
7312	0	54.09	39.19	38	33
7312	1	56.11	56.63	38	33
7312	6	52.97	35.92	38	33
7313	0	54.09	39.19	38	43
7313	1	56.11	56.63	38	43
7313	6	52.97	35.92	38	43
7320	0	37.76	39.32	28	28
7320	1	56.11	56.63	28	28
7320	6	32.79	36.91	28	28
7321	0	37.76	39.32	27	25
7321	1	56.11	56.63	27	25
7321	6	32.79	36.91	27	25
7322	0	37.76	39.32	29	37
7322	1	56.11	56.63	29	37
7322	6	32.79	36.91	29	37
7323	0	37.76	39.32	29	31
7323	1	56.11	56.63	29	31
7323	6	32.79	36.91	29	31
7324	0	37.76	39.32	29	31
7324	1	56.11	56.63	29	31
7324	6	32.79	36.91	29	31
7330	0	50.55	42.39	29	31
7330	1	56.11	56.63	29	31
7330	6	32.79	37.45	29	31
7331	0	50.55	42.39	29	31
7331	1	56.11	56.63	29	31
7331	6	32.79	37.45	29	31
7332	0	50.55	42.39	29	31
7332	1	56.11	56.63	29	31
7332	6	32.79	37.45	29	31
7340	0	47.53	51.57	40	42
7340	1	56.11	56.63	40	42
7340	6	47.06	50.92	40	42
7341	0	47.53	51.57	40	42
7341	1	56.11	56.63	40	42
7341	6	47.06	50.92	40	42
7342	0	47.53	51.57	40	41
7342	1	56.11	56.63	40	41
7342	6	47.06	50.92	40	41
7343	0	47.53	51.57	42	41
7343	1	56.11	56.63	42	41
7343	6	47.06	50.92	42	41
7344	0	47.53	51.57	40	42
7344	1	56.11	56.63	40	42
7344	6	47.06	50.92	40	42
7345	0	47.53	51.57	37	32
7345	1	56.11	56.63	37	32
7345	6	47.06	50.92	37	32
7346	0	47.53	51.57	38	52
7346	1	56.11	56.63	38	52
7346	6	47.06	50.92	38	52
7400	0	32.39	37.19	33	33
7400	1	32.39	53.04	33	33
7400	6	32.39	35.57	33	33
7410	0	36.27	33.37	30	28
7410	1	60.18	56.63	30	28
7410	6	33.73	32.93	30	28
7411	0	36.27	33.37	30	24
7411	1	60.18	56.63	30	24
7411	6	33.73	32.93	30	24
7412	0	36.27	33.37	31	33
7412	1	60.18	56.63	31	33
7412	6	33.73	32.93	31	33
7413	0	36.27	33.37	30	34
7413	1	60.18	56.63	30	34
7413	6	33.73	32.93	30	34
7414	0	36.27	33.37	30	35
7414	1	60.18	56.63	30	35
7414	6	33.73	32.93	30	35
7415	0	36.27	33.37	30	34
7415	1	60.18	56.63	30	34
7415	6	33.73	32.93	30	34
7416	0	36.27	33.37	30	34
7416	1	60.18	56.63	30	34
7416	6	33.73	32.93	30	34
7420	0	46.25	36.76	33	29
7420	1	60.18	56.63	33	29
7420	6	41.84	35.06	33	29
7421	0	46.25	36.76	33	29
7421	1	60.18	56.63	33	29
7421	6	41.84	35.06	33	29
7422	0	46.25	36.76	33	40
7422	1	60.18	56.63	33	40
7422	6	41.84	35.06	33	40
7423	0	46.25	36.76	33	36
7423	1	60.18	56.63	33	36
7423	6	41.84	35.06	33	36
7424	0	46.25	36.76	33	21
7424	1	60.18	56.63	33	21
7424	6	41.84	35.06	33	21
7430	0	36.72	38.46	36	34
7430	1	60.18	52.77	36	34
7430	6	32.39	36.47	36	34
7431	0	36.72	38.46	29	29
7431	1	60.18	52.77	29	29
7431	6	32.39	36.47	29	29
7432	0	36.72	38.46	29	32
7432	1	60.18	52.77	29	32
7432	6	32.39	36.47	29	32
7433	0	36.72	38.46	45	40
7433	1	60.18	52.77	45	40
7433	6	32.39	36.47	45	40
7434	0	36.72	38.46	36	35
7434	1	60.18	52.77	36	35
7434	6	32.39	36.47	36	35
7435	0	36.72	38.46	36	40
7435	1	60.18	52.77	36	40
7435	6	32.39	36.47	36	40
7436	0	36.72	38.46	33	26
7436	1	60.18	52.77	33	26
7436	6	32.39	36.47	33	26
7437	0	36.72	38.46	28	31
7437	1	60.18	52.77	28	31
7437	6	32.39	36.47	28	31
7440	0	37.95	34.47	31	27
7440	1	60.18	34.47	31	27
7440	6	32.39	34.47	31	27
7441	0	37.95	34.47	31	22
7441	1	60.18	53.04	31	22
7441	6	32.39	34.47	31	22
7442	0	37.95	34.47	31	27
7442	1	60.18	53.04	31	27
7442	6	32.39	34.47	31	27
7500	0	41.9	38.39	42	48
7500	1	50.79	54.17	42	48
7500	6	40.46	36.88	42	48
7510	0	41.9	38.39	42	46
7510	1	50.79	54.17	42	46
7510	6	40.46	36.88	42	46
7520	0	41.9	38.39	39	46
7520	1	50.79	54.17	39	46
7520	6	40.46	36.88	39	46
7530	0	41.9	38.39	26	37
7530	1	50.79	54.17	26	37
7530	6	40.46	36.88	26	37
8000	0	43.37	36.94	31	34
8000	1	43.37	56.63	31	34
8000	6	43.37	36.71	31	34
8100	0	43.37	35.62	30	36
8100	1	43.37	56.63	30	36
8100	6	43.37	35.62	30	36
8110	0	45.39	30.27	35	31
8110	1	45.39	30.27	35	31
8110	6	45.39	30.27	35	31
8111	0	45.39	30.27	35	34
8111	1	55.38	30.27	35	34
8111	6	45.39	30.27	35	34
8112	0	45.39	30.27	35	32
8112	1	55.38	30.27	35	32
8112	6	45.39	30.27	35	32
8113	0	45.39	30.27	35	31
8113	1	55.38	30.27	35	31
8113	6	45.39	30.27	35	31
8120	0	43.37	30.27	30	40
8120	1	43.37	30.27	30	40
8120	6	43.37	30.27	30	40
8121	0	43.37	30.27	31	45
8121	1	55.38	30.27	31	45
8121	6	43.37	30.27	31	45
8122	0	43.37	30.27	30	36
8122	1	55.38	30.27	30	36
8122	6	43.37	30.27	30	36
8123	0	43.37	30.27	28	38
8123	1	55.38	30.27	28	38
8123	6	43.37	30.27	28	38
8124	0	43.37	30.27	30	28
8124	1	55.38	30.27	30	28
8124	6	43.37	30.27	30	28
8129	0	43.37	30.27	-999	-999
8129	1	55.38	30.27	-999	-999
8129	6	43.37	30.27	-999	-999
8130	0	24.39	29.72	22	31
8130	1	24.39	29.72	22	31
8130	6	24.39	29.72	22	31
8131	0	24.39	29.72	22	31
8131	1	55.38	29.72	22	31
8131	6	24.39	29.72	22	31
8139	0	24.39	29.72	22	31
8139	1	55.38	29.72	22	31
8139	6	24.39	29.72	22	31
8140	0	33.74	28.45	27	28
8140	1	55.38	28.45	27	28
8140	6	32.02	28.45	27	28
8141	0	33.74	28.45	27	29
8141	1	55.38	28.45	27	29
8141	6	32.02	28.45	27	29
8142	0	33.74	28.45	27	28
8142	1	55.38	28.45	27	28
8142	6	32.02	28.45	27	28
8143	0	33.74	28.45	27	28
8143	1	55.38	28.45	27	28
8143	6	32.02	28.45	27	28
8150	0	40.33	28.45	35	42
8150	1	40.33	28.45	35	42
8150	6	40.33	28.45	35	42
8151	0	40.33	28.45	35	43
8151	1	55.38	28.45	35	43
8151	6	40.33	28.45	35	43
8152	0	40.33	28.45	35	43
8152	1	55.38	28.45	35	43
8152	6	40.33	28.45	35	43
8153	0	40.33	28.45	35	43
8153	1	55.38	28.45	35	43
8153	6	40.33	28.45	35	43
8154	0	40.33	28.45	35	43
8154	1	55.38	28.45	35	43
8154	6	40.33	28.45	35	43
8155	0	40.33	28.45	35	37
8155	1	55.38	28.45	35	37
8155	6	40.33	28.45	35	37
8159	0	40.33	28.45	35	43
8159	1	55.38	28.45	35	43
8159	6	40.33	28.45	35	43
8160	0	37.76	42.22	32	38
8160	1	55.38	42.22	32	38
8160	6	37.63	42.22	32	38
8161	0	37.76	42.22	33	42
8161	1	55.38	42.22	33	42
8161	6	37.63	42.22	33	42
8162	0	37.76	42.22	27	35
8162	1	55.38	42.22	27	35
8162	6	37.63	42.22	27	35
8163	0	37.76	42.22	33	34
8163	1	55.38	42.22	33	34
8163	6	37.63	42.22	33	34
8170	0	42.36	49.08	26	30
8170	1	42.36	49.08	26	30
8170	6	42.36	49.08	26	30
8171	0	42.36	49.08	26	30
8171	1	55.38	49.08	26	30
8171	6	42.36	49.08	26	30
8172	0	42.36	49.08	26	30
8172	1	55.38	49.08	26	30
8172	6	42.36	49.08	26	30
8180	0	37.63	42.22	-999	-999
8180	1	37.63	42.22	-999	-999
8180	6	37.63	42.22	-999	-999
8200	0	41.6	37.33	32	34
8200	1	55.38	56.63	32	34
8200	6	40.91	37.04	32	34
8210	0	44.18	41.28	36	37
8210	1	55.38	41.28	36	37
8210	6	43.72	41.28	36	37
8211	0	44.18	41.28	36	38
8211	1	55.38	56.63	36	38
8211	6	43.72	41.28	36	38
8212	0	44.18	41.28	30	30
8212	1	55.38	56.63	30	30
8212	6	43.72	41.28	30	30
8220	0	40.39	47.03	30	43
8220	1	40.39	47.03	30	43
8220	6	40.39	47.03	30	43
8221	0	40.39	47.03	30	43
8221	1	55.38	56.63	30	43
8221	6	40.39	47.03	30	43
8222	0	40.39	47.03	30	43
8222	1	55.38	56.63	30	43
8222	6	40.39	47.03	30	43
8223	0	40.39	47.03	30	28
8223	1	55.38	56.63	30	28
8223	6	40.39	47.03	30	28
8224	0	40.39	47.03	30	43
8224	1	55.38	56.63	30	43
8224	6	40.39	47.03	30	43
8229	0	40.39	47.03	30	43
8229	1	55.38	56.63	30	43
8229	6	40.39	47.03	30	43
8230	0	34.25	31.41	30	30
8230	1	55.38	31.41	30	30
8230	6	33.07	31.41	30	30
8231	0	34.25	31.41	30	30
8231	1	55.38	56.63	30	30
8231	6	33.07	31.41	30	30
8232	0	34.25	31.41	30	30
8232	1	55.38	56.63	30	30
8232	6	33.07	31.41	30	30
8240	0	42.16	32.67	29	31
8240	1	55.38	32.67	29	31
8240	6	40.39	32.67	29	31
8250	0	50.5	43.64	38	41
8250	1	50.5	56.63	38	41
8250	6	50.5	42.9	38	41
8251	0	50.5	43.64	38	41
8251	1	55.38	56.63	38	41
8251	6	50.5	42.9	38	41
8252	0	50.5	43.64	38	32
8252	1	55.38	56.63	38	32
8252	6	50.5	42.9	38	32
8253	0	50.5	43.64	38	28
8253	1	55.38	56.63	38	28
8253	6	50.5	42.9	38	28
8260	0	42.38	35.7	30	28
8260	1	55.38	56.63	30	28
8260	6	40.28	35.3	30	28
8261	0	42.38	35.7	29	29
8261	1	55.38	56.63	29	29
8261	6	40.28	35.3	29	29
8262	0	42.38	35.7	29	29
8262	1	55.38	56.63	29	29
8262	6	40.28	35.3	29	29
8263	0	42.38	35.7	32	25
8263	1	55.38	56.63	32	25
8263	6	40.28	35.3	32	25
8264	0	42.38	35.7	24	25
8264	1	55.38	56.63	24	25
8264	6	40.28	35.3	24	25
8265	0	42.38	35.7	32	26
8265	1	55.38	56.63	32	26
8265	6	40.28	35.3	32	26
8266	0	42.38	35.7	32	28
8266	1	55.38	56.63	32	28
8266	6	40.28	35.3	32	28
8269	0	42.38	35.7	32	26
8269	1	55.38	56.63	32	26
8269	6	40.28	35.3	32	26
8270	0	36.93	35.89	29	33
8270	1	55.38	35.89	29	33
8270	6	36.51	35.89	29	33
8271	0	36.93	35.89	29	31
8271	1	55.38	56.63	29	31
8271	6	36.51	35.89	29	31
8272	0	36.93	35.89	29	34
8272	1	55.38	56.63	29	34
8272	6	36.51	35.89	29	34
8273	0	36.93	35.89	29	33
8273	1	55.38	56.63	29	33
8273	6	36.51	35.89	29	33
8274	0	36.93	35.89	29	33
8274	1	55.38	56.63	29	33
8274	6	36.51	35.89	29	33
8275	0	36.93	35.89	29	35
8275	1	55.38	56.63	29	35
8275	6	36.51	35.89	29	35
8276	0	36.93	35.89	29	45
8276	1	55.38	56.63	29	45
8276	6	36.51	35.89	29	45
8277	0	36.93	35.89	29	34
8277	1	55.38	56.63	29	34
8277	6	36.51	35.89	29	34
8278	0	36.93	35.89	29	34
8278	1	55.38	56.63	29	34
8278	6	36.51	35.89	29	34
8279	0	36.93	35.89	29	39
8279	1	55.38	56.63	29	39
8279	6	36.51	35.89	29	39
8280	0	42.35	41.1	31	33
8280	1	55.38	56.63	31	33
8280	6	41.42	41.01	31	33
8281	0	42.35	41.1	30	30
8281	1	55.38	56.63	30	30
8281	6	41.42	41.01	30	30
8282	0	42.35	41.1	34	48
8282	1	55.38	56.63	34	48
8282	6	41.42	41.01	34	48
8283	0	42.35	41.1	34	48
8283	1	55.38	56.63	34	48
8283	6	41.42	41.01	34	48
8284	0	42.35	41.1	30	30
8284	1	55.38	56.63	30	30
8284	6	41.42	41.01	30	30
8285	0	42.35	41.1	30	31
8285	1	55.38	56.63	30	31
8285	6	41.42	41.01	30	31
8286	0	42.35	41.1	30	28
8286	1	55.38	56.63	30	28
8286	6	41.42	41.01	30	28
8290	0	40.81	34.24	26	33
8290	1	55.38	56.63	26	33
8290	6	40.39	32.67	26	33
8300	0	48.66	35.82	32	33
8300	1	48.66	56.63	32	33
8300	6	48.66	35.82	32	33
8310	0	48.66	39.56	36	36
8310	1	48.66	39.56	36	36
8310	6	48.66	39.56	36	36
8311	0	48.66	39.56	41	43
8311	1	50.69	39.56	41	43
8311	6	48.66	39.56	41	43
8312	0	48.66	39.56	32	29
8312	1	50.69	39.56	32	29
8312	6	48.66	39.56	32	29
8320	0	41.8	39.56	34	32
8320	1	49.64	39.56	34	32
8320	6	40.76	39.56	34	32
8321	0	41.8	39.56	30	31
8321	1	49.64	39.56	30	31
8321	6	40.76	39.56	30	31
8322	0	41.8	39.56	30	31
8322	1	49.64	39.56	30	31
8322	6	40.76	39.56	30	31
8323	0	41.8	39.56	30	32
8323	1	49.64	39.56	30	32
8323	6	40.76	39.56	30	32
8324	0	41.8	39.56	34	33
8324	1	49.64	39.56	34	33
8324	6	40.76	39.56	34	33
8330	0	33.78	32.36	26	32
8330	1	62.18	32.36	26	32
8330	6	32.77	32.36	26	32
8331	0	33.78	32.36	26	31
8331	1	62.18	32.36	26	31
8331	6	32.77	32.36	26	31
8332	0	33.78	32.36	26	32
8332	1	62.18	32.36	26	32
8332	6	32.77	32.36	26	32
8333	0	33.78	32.36	28	33
8333	1	62.18	32.36	28	33
8333	6	32.77	32.36	28	33
8334	0	33.78	32.36	28	28
8334	1	62.18	32.36	28	28
8334	6	32.77	32.36	28	28
8340	0	48.66	35.82	32	29
8340	1	48.66	56.63	32	29
8340	6	48.66	35.82	32	29
8400	0	40.68	36.94	24	33
8400	1	51.43	56.63	24	33
8400	6	39.91	36.71	24	33
9000	0	36.39	42.9	20	21
9000	1	49.63	42.9	20	21
9000	6	35.75	42.9	20	21
9100	0	38.86	42.9	25	23
9100	1	61.08	42.9	25	23
9100	6	37.61	42.9	25	23
9110	0	61.08	47.03	29	25
9110	1	61.08	55.29	29	25
9110	6	61.08	42.9	29	25
9111	0	61.08	47.03	29	24
9111	1	61.08	55.29	29	24
9111	6	37.61	42.9	29	24
9112	0	61.08	47.03	28	24
9112	1	61.08	55.29	28	24
9112	6	37.61	42.9	28	24
9113	0	61.08	47.03	29	26
9113	1	61.08	55.29	29	26
9113	6	37.61	42.9	29	26
9120	0	48.46	37.49	28	12
9120	1	48.46	55.29	28	12
9120	6	48.46	37.21	28	12
9130	0	50.53	36.86	16	21
9130	1	61.08	55.29	16	21
9130	6	48.46	36.69	16	21
9131	0	50.53	36.86	16	22
9131	1	61.08	55.29	16	22
9131	6	48.46	36.69	16	22
9132	0	50.53	36.86	16	21
9132	1	61.08	55.29	16	21
9132	6	48.46	36.69	16	21
9133	0	50.53	36.86	16	22
9133	1	61.08	55.29	16	22
9133	6	48.46	36.69	16	22
9140	0	43.67	40.13	23	23
9140	1	61.08	55.29	23	23
9140	6	42.69	39.67	23	23
9141	0	43.67	40.13	23	25
9141	1	61.08	55.29	23	25
9141	6	42.69	39.67	23	25
9142	0	43.67	40.13	23	19
9142	1	61.08	55.29	23	19
9142	6	42.69	39.67	23	19
9150	0	32.59	38.08	27	20
9150	1	61.08	55.29	27	20
9150	6	32.39	37.94	27	20
9151	0	32.59	38.08	25	22
9151	1	61.08	55.29	25	22
9151	6	32.39	37.94	25	22
9152	0	32.59	38.08	27	20
9152	1	61.08	55.29	27	20
9152	6	32.39	37.94	27	20
9153	0	32.59	38.08	27	21
9153	1	61.08	55.29	27	21
9153	6	32.39	37.94	27	21
9160	0	28.58	44.14	23	13
9160	1	28.58	55.29	23	13
9160	6	28.58	42.9	23	13
9161	0	28.58	44.14	23	13
9161	1	61.08	55.29	23	13
9161	6	28.58	42.9	23	13
9162	0	28.58	44.14	23	13
9162	1	61.08	55.29	23	13
9162	6	28.58	42.9	23	13
9200	0	37.06	30.56	16	23
9200	1	37.06	30.56	16	23
9200	6	37.06	30.56	16	23
9210	0	37.77	30.99	16	23
9210	1	62.18	55.29	16	23
9210	6	37.06	30.56	16	23
9211	0	37.77	30.99	16	23
9211	1	62.18	55.29	16	23
9211	6	37.06	30.56	16	23
9212	0	37.77	30.99	16	18
9212	1	62.18	55.29	16	18
9212	6	37.06	30.56	16	18
9213	0	37.77	30.99	16	23
9213	1	62.18	55.29	16	23
9213	6	37.06	30.56	16	23
9300	0	34.58	33.26	23	18
9300	1	39.47	33.26	23	18
9300	6	34.35	33.26	23	18
9310	0	32.5	27.5	21	16
9310	1	39.47	27.5	21	16
9310	6	31.8	27.5	21	16
9311	0	32.5	27.5	21	18
9311	1	39.47	55.29	21	18
9311	6	31.8	27.5	21	18
9312	0	32.5	27.5	21	15
9312	1	39.47	55.29	21	15
9312	6	31.8	27.5	21	15
9313	0	32.5	27.5	21	15
9313	1	39.47	55.29	21	15
9313	6	31.8	27.5	21	15
9320	0	34.39	33.42	20	19
9320	1	39.47	55.29	20	19
9320	6	34.37	33.26	20	19
9321	0	34.39	33.42	20	18
9321	1	39.47	55.29	20	18
9321	6	34.37	33.26	20	18
9322	0	34.39	33.42	24	22
9322	1	39.47	55.29	24	22
9322	6	34.37	33.26	24	22
9330	0	36.95	37.83	29	20
9330	1	39.47	37.83	29	20
9330	6	36.86	37.83	29	20
9331	0	36.95	37.83	22	17
9331	1	39.47	55.29	22	17
9331	6	36.86	37.83	22	17
9332	0	36.95	37.83	22	22
9332	1	39.47	55.29	22	22
9332	6	36.86	37.83	22	22
9333	0	36.95	37.83	30	20
9333	1	39.47	55.29	30	20
9333	6	36.86	37.83	30	20
