soc2010	es	gb_csm	gb_csf
1115	0	73.5	75.52
1115	1	73.5	75.52
1115	2	73.5	75.52
1115	3	73.5	75.52
1115	4	73.5	75.52
1115	5	73.5	75.52
1116	0	73.5	75.52
1116	1	73.5	75.52
1116	2	73.5	75.52
1116	3	73.5	75.52
1116	4	73.5	75.52
1116	5	73.5	75.52
1121	0	56.37	58.83
1121	1	59.69	58.83
1121	2	69.33	58.83
1121	3	56.37	58.83
1121	4	56.37	58.83
1121	5	56.37	58.83
1122	0	57.74	57.83
1122	1	60.96	57.83
1122	2	58.77	57.83
1122	3	57.74	57.83
1122	4	57.74	57.83
1122	5	57.74	57.83
1123	0	49.65	57.83
1123	1	60.96	57.83
1123	2	58.77	57.83
1123	3	48.92	57.83
1123	4	48.92	57.83
1123	5	49.65	57.83
1131	0	66.78	68.3
1131	1	68.12	68.3
1131	2	62.38	68.3
1131	3	66.78	68.3
1131	4	66.78	68.3
1131	5	66.78	68.3
1132	0	67.92	73.79
1132	1	58.64	73.79
1132	2	67.25	73.79
1132	3	67.92	73.79
1132	4	67.92	73.79
1132	5	67.92	73.79
1133	0	56.66	68.16
1133	1	68.12	68.16
1133	2	62.38	68.16
1133	3	56.33	68.16
1133	4	56.33	68.16
1133	5	56.33	68.16
1134	0	66.96	90.28
1134	1	58.64	90.28
1134	2	67.25	90.28
1134	3	67.84	90.28
1134	4	67.84	90.28
1134	5	67.84	90.28
1135	0	61.58	72.27
1135	1	60.86	72.27
1135	2	60.82	72.27
1135	3	61.68	72.27
1135	4	61.68	72.27
1135	5	61.68	72.27
1136	0	67.09	72.34
1136	1	60.86	72.34
1136	2	60.82	72.34
1136	3	67.09	72.34
1136	4	67.09	72.34
1136	5	67.09	72.34
1139	0	69.65	72.34
1139	1	60.86	72.34
1139	2	60.82	72.34
1139	3	69.65	72.34
1139	4	68.23	72.34
1139	5	69.65	72.34
1150	0	65.32	58.78
1150	1	68.12	58.78
1150	2	62.38	58.78
1150	3	65.24	58.78
1150	4	65.24	58.78
1150	5	65.24	58.78
1161	0	51.57	35.54
1161	1	54.07	35.54
1161	2	54.07	35.54
1161	3	51.27	35.54
1161	4	51.27	35.54
1161	5	51.27	35.54
1162	0	53.15	35.54
1162	1	54.07	35.54
1162	2	54.07	35.54
1162	3	53.12	35.54
1162	4	53.12	35.54
1162	5	53.12	35.54
1171	0	72.7	57.21
1171	1	72.7	57.21
1171	2	72.7	57.21
1171	3	72.7	57.21
1171	4	72.7	57.21
1171	5	72.7	57.21
1172	0	55.22	57.21
1172	1	55.22	57.21
1172	2	55.22	57.21
1172	3	55.22	57.21
1172	4	55.22	57.21
1172	5	55.22	57.21
1173	0	60.01	57.21
1173	1	60.01	57.21
1173	2	60.01	57.21
1173	3	60.01	57.21
1173	4	60.01	57.21
1173	5	60.01	57.21
1181	0	63.89	63.07
1181	1	63.89	63.07
1181	2	63.89	63.07
1181	3	63.89	63.07
1181	4	63.89	63.07
1181	5	63.89	63.07
1184	0	56.61	61.45
1184	1	56.61	61.45
1184	2	56.61	61.45
1184	3	56.61	61.45
1184	4	56.61	61.45
1184	5	56.61	61.45
1190	0	55.51	45.4
1190	1	62.34	52.13
1190	2	64.47	68.51
1190	3	55.51	45.4
1190	4	55.51	45.4
1190	5	55.51	45.4
1211	0	49.6	46.63
1211	1	49.6	46.63
1211	2	49.6	46.63
1211	3	49.6	46.63
1211	4	49.6	46.63
1211	5	49.6	46.63
1213	0	49.29	46.63
1213	1	49.29	46.63
1213	2	49.29	46.63
1213	3	49.29	46.63
1213	4	49.29	46.63
1213	5	49.29	46.63
1221	0	49.37	50.58
1221	1	43.32	41.85
1221	2	53.53	57.55
1221	3	49.37	41.36
1221	4	49.59	41.36
1221	5	49.37	41.36
1223	0	43.07	36.09
1223	1	43.32	41.85
1223	2	53.53	57.55
1223	3	41.55	36.09
1223	4	41.55	36.09
1223	5	41.55	36.09
1224	0	31.49	30.42
1224	1	43.32	41.85
1224	2	53.53	57.55
1224	3	31.49	30.42
1224	4	31.49	30.42
1224	5	31.49	30.42
1225	0	49.51	49.07
1225	1	43.32	41.85
1225	2	53.53	57.55
1225	3	50.03	47.67
1225	4	50.03	47.67
1225	5	50.03	47.67
1226	0	47.44	47.01
1226	1	43.32	41.85
1226	2	53.53	57.55
1226	3	50.03	47.67
1226	4	50.03	47.67
1226	5	47.44	47.67
1241	0	50.5	47.17
1241	1	50.5	47.17
1241	2	50.5	47.17
1241	3	50.5	47.17
1241	4	50.5	47.17
1241	5	50.5	47.17
1242	0	50.5	47.17
1242	1	50.5	47.17
1242	2	50.5	47.17
1242	3	50.5	47.17
1242	4	50.5	47.17
1242	5	50.5	47.17
1251	0	59.93	62.11
1251	1	72.06	68.67
1251	2	66.51	68.67
1251	3	55.13	62.11
1251	4	55.13	62.11
1251	5	55.13	62.11
1252	0	59.04	68.07
1252	1	62.96	68.67
1252	2	62.96	68.67
1252	3	56.18	62.11
1252	4	56.18	68.07
1252	5	59.04	68.07
1253	0	66.01	53.1
1253	1	56.08	53.1
1253	2	66.01	53.1
1253	3	53.59	53.1
1253	4	53.59	53.1
1253	5	58.76	53.1
1254	0	46.38	54.57
1254	1	43.88	50.62
1254	2	55.69	56.45
1254	3	46.38	54.57
1254	4	46.38	54.57
1254	5	46.38	54.57
1255	0	52.41	57.21
1255	1	56.08	57.21
1255	2	66.01	57.21
1255	3	50.42	57.21
1255	4	50.42	57.21
1255	5	50.42	57.21
1259	0	53.59	57.21
1259	1	56.08	57.21
1259	2	66.01	57.21
1259	3	53.59	57.21
1259	4	53.59	57.21
1259	5	53.59	57.21
2111	0	72.93	72.24
2111	1	72.93	72.24
2111	2	72.93	72.24
2111	3	67.52	72.24
2111	4	76.84	72.24
2111	5	76.84	72.24
2112	0	67.32	76.11
2112	1	67.32	79.47
2112	2	70.16	74.09
2112	3	63.81	79.47
2112	4	70.16	74.09
2112	5	70.16	74.09
2113	0	72.66	80.43
2113	1	72.68	80.43
2113	2	72.66	80.43
2113	3	72.71	80.43
2113	4	72.66	80.43
2113	5	72.66	80.43
2114	0	82.5	80.43
2114	1	82.5	80.43
2114	2	77.36	80.43
2114	3	92.04	80.43
2114	4	82.5	80.43
2114	5	77.36	80.43
2119	0	83.13	80.43
2119	1	92.04	80.43
2119	2	77.36	80.43
2119	3	92.04	80.43
2119	4	77.36	80.43
2119	5	77.36	80.43
2121	0	64.1	78.74
2121	1	65.79	78.74
2121	2	62.76	78.74
2121	3	65.79	78.74
2121	4	62.76	78.74
2121	5	62.76	78.74
2122	0	52.81	78.74
2122	1	57.44	78.74
2122	2	49.62	78.74
2122	3	57.44	78.74
2122	4	49.62	78.74
2122	5	49.62	78.74
2123	0	54.63	52.15
2123	1	61.4	52.15
2123	2	51.22	52.15
2123	3	61.4	52.15
2123	4	51.22	52.15
2123	5	51.22	52.15
2124	0	52.03	52.15
2124	1	55.69	52.15
2124	2	50.61	52.15
2124	3	55.69	52.15
2124	4	50.61	52.15
2124	5	50.61	52.15
2126	0	64.96	52.15
2126	1	68.54	52.15
2126	2	63.41	52.15
2126	3	68.54	52.15
2126	4	63.41	52.15
2126	5	63.41	52.15
2127	0	54.88	52.15
2127	1	58.28	52.15
2127	2	52.85	52.15
2127	3	58.28	52.15
2127	4	52.85	52.15
2127	5	52.85	52.15
2129	0	53.27	52.15
2129	1	56.02	52.15
2129	2	51.29	52.15
2129	3	56.02	52.15
2129	4	51.29	52.15
2129	5	51.29	52.15
2133	0	61.67	65.9
2133	1	66.24	65.9
2133	2	61.67	65.9
2133	3	66.24	65.9
2133	4	61.67	65.9
2133	5	61.67	65.9
2134	0	67.27	78.12
2134	1	67.22	78.12
2134	2	67.35	78.12
2134	3	67.22	78.12
2134	4	67.35	78.12
2134	5	67.35	78.12
2135	0	63.39	53.6
2135	1	71.15	53.6
2135	2	59.45	53.6
2135	3	71.15	53.6
2135	4	59.45	53.6
2135	5	59.45	53.6
2136	0	65.54	64.01
2136	1	67.18	64.01
2136	2	77.33	64.01
2136	3	67.18	64.01
2136	4	63.61	64.01
2136	5	63.61	64.01
2137	0	42.84	78.18
2137	1	71.55	78.18
2137	2	83.49	78.18
2137	3	71.55	78.18
2137	4	42.84	78.18
2137	5	42.84	78.18
2139	0	61.91	71.42
2139	1	66.49	71.42
2139	2	60.58	71.42
2139	3	66.49	71.42
2139	4	61.91	71.42
2139	5	61.91	71.42
2141	0	63.75	73.03
2141	1	63.35	73.03
2141	2	63.35	73.03
2141	3	64.74	73.03
2141	4	63.35	73.03
2141	5	63.35	73.03
2142	0	63.95	73.03
2142	1	63.95	73.03
2142	2	63.35	73.03
2142	3	64.74	73.03
2142	4	63.35	73.03
2142	5	63.35	73.03
2150	0	77.06	68.37
2150	1	77.06	68.37
2150	2	77.06	68.37
2150	3	77.06	68.37
2150	4	77.06	68.37
2150	5	77.06	68.37
2211	0	73.08	78.89
2211	1	69.58	92.63
2211	2	69.58	92.63
2211	3	73.08	75.58
2211	4	73.08	75.58
2211	5	73.08	75.58
2212	0	64.68	75.02
2212	1	64.68	75.02
2212	2	64.68	75.02
2212	3	64.68	75.02
2212	4	64.68	75.02
2212	5	64.68	75.02
2213	0	58.43	67.82
2213	1	58.43	67.82
2213	2	58.43	67.82
2213	3	58.43	67.82
2213	4	58.43	67.82
2213	5	58.43	67.82
2214	0	42.92	65.44
2214	1	42.92	65.44
2214	2	42.92	65.44
2214	3	42.92	65.44
2214	4	42.92	65.44
2214	5	42.92	65.44
2215	0	80.19	71.23
2215	1	82.48	71.23
2215	2	77.8	71.23
2215	3	77.8	71.23
2215	4	77.8	71.23
2215	5	77.8	71.23
2216	0	78.57	61.21
2216	1	78.57	61.21
2216	2	78.57	61.21
2216	3	78.57	61.21
2216	4	78.57	61.21
2216	5	78.57	61.21
2217	0	64.68	67.46
2217	1	64.68	67.46
2217	2	64.68	67.46
2217	3	64.68	67.46
2217	4	64.68	67.46
2217	5	64.68	67.46
2218	0	64.68	75.02
2218	1	64.68	75.02
2218	2	64.68	75.02
2218	3	64.68	75.02
2218	4	64.68	75.02
2218	5	64.68	75.02
2219	0	64.68	75.02
2219	1	64.68	75.02
2219	2	64.68	75.02
2219	3	64.68	75.02
2219	4	64.68	75.02
2219	5	64.68	75.02
2221	0	72.66	73.29
2221	1	72.66	73.29
2221	2	72.66	73.29
2221	3	72.66	73.29
2221	4	72.66	73.29
2221	5	72.66	73.29
2222	0	72.66	73.29
2222	1	72.66	73.29
2222	2	72.66	73.29
2222	3	72.66	73.29
2222	4	72.66	73.29
2222	5	72.66	73.29
2223	0	72.66	72.82
2223	1	72.66	72.82
2223	2	72.66	72.82
2223	3	72.66	72.82
2223	4	72.66	72.82
2223	5	72.66	72.82
2229	0	72.66	73.29
2229	1	72.66	73.29
2229	2	72.66	73.29
2229	3	72.66	73.29
2229	4	72.66	73.29
2229	5	72.66	73.29
2231	0	49.67	52.62
2231	1	49.67	52.74
2231	2	49.67	52.62
2231	3	58.61	52.74
2231	4	44.36	48.55
2231	5	44.36	52.62
2232	0	58.61	56.23
2232	1	58.61	56.23
2232	2	58.61	56.23
2232	3	58.61	56.23
2232	4	58.61	56.23
2232	5	58.61	56.23
2311	0	80.02	82.32
2311	1	80.02	82.32
2311	2	80.02	82.32
2311	3	80.02	82.32
2311	4	80.02	82.32
2311	5	80.02	82.32
2312	0	70.58	74.85
2312	1	70.58	74.85
2312	2	70.58	74.85
2312	3	70.58	74.85
2312	4	70.58	74.85
2312	5	70.58	74.85
2314	0	73.6	69.93
2314	1	73.6	69.93
2314	2	73.6	69.93
2314	3	73.6	69.93
2314	4	73.6	69.93
2314	5	73.6	69.93
2315	0	74.73	63.47
2315	1	74.73	63.47
2315	2	74.73	63.47
2315	3	74.73	63.47
2315	4	74.73	63.47
2315	5	74.73	63.47
2316	0	61.32	61.08
2316	1	61.32	61.08
2316	2	61.32	61.08
2316	3	61.32	61.08
2316	4	61.32	61.08
2316	5	61.32	61.08
2317	0	74.57	66.12
2317	1	74.57	66.12
2317	2	74.57	66.12
2317	3	74.57	66.12
2317	4	74.57	66.12
2317	5	74.57	66.12
2318	0	78.92	73.53
2318	1	78.92	73.53
2318	2	78.92	73.53
2318	3	78.92	73.53
2318	4	78.92	73.53
2318	5	78.92	73.53
2319	0	70.73	67.34
2319	1	65.76	73.82
2319	2	65.76	73.82
2319	3	70.73	64.9
2319	4	70.73	64.9
2319	5	70.73	64.9
2412	0	77.99	74.91
2412	1	76.82	83.3
2412	2	79.44	74.47
2412	3	74.99	74.47
2412	4	74.99	74.47
2412	5	74.99	74.47
2413	0	74.99	76.06
2413	1	76.82	83.3
2413	2	79.44	74.47
2413	3	74.99	74.47
2413	4	74.99	74.47
2413	5	74.99	74.47
2419	0	75.96	74.47
2419	1	76.82	74.47
2419	2	79.44	74.47
2419	3	74.99	74.47
2419	4	74.99	74.47
2419	5	74.99	74.47
2421	0	67.74	66.11
2421	1	75.83	83.3
2421	2	73.82	66.11
2421	3	64.99	66.95
2421	4	66.8	66.11
2421	5	66.8	66.11
2423	0	70.38	68.71
2423	1	75.83	83.3
2423	2	73.21	68.93
2423	3	74.47	67.63
2423	4	70.38	68.93
2423	5	70.38	68.93
2424	0	69.47	75.22
2424	1	75.83	70.49
2424	2	73.21	75.22
2424	3	69.07	67.63
2424	4	69.51	75.22
2424	5	69.51	75.22
2425	0	76.88	72.03
2425	1	76.88	72.03
2425	2	76.88	73.42
2425	3	71.92	67.63
2425	4	81.69	73.42
2425	5	81.69	73.42
2426	0	69.84	73.36
2426	1	69.84	73.36
2426	2	73.21	74.21
2426	3	71.92	67.63
2426	4	68.52	74.21
2426	5	68.52	74.21
2429	0	73.61	73.42
2429	1	75.83	83.3
2429	2	73.21	70.78
2429	3	71.92	67.63
2429	4	75.99	73.42
2429	5	75.99	73.42
2431	0	71.8	78.07
2431	1	67.6	78.07
2431	2	71.86	78.07
2431	3	80.51	78.07
2431	4	71.8	78.07
2431	5	71.8	78.07
2432	0	61.65	78.07
2432	1	67.6	78.07
2432	2	62.72	78.07
2432	3	52.95	78.07
2432	4	64.17	78.07
2432	5	64.17	78.07
2433	0	60.31	78.07
2433	1	67.6	78.07
2433	2	62.72	78.07
2433	3	52.95	78.07
2433	4	64.17	78.07
2433	5	64.17	78.07
2434	0	68.49	78.07
2434	1	67.6	78.07
2434	2	62.72	78.07
2434	3	74.23	78.07
2434	4	67.29	78.07
2434	5	67.29	78.07
2435	0	73.37	78.07
2435	1	73.37	78.07
2435	2	71.86	78.07
2435	3	80.51	78.07
2435	4	71.8	78.07
2435	5	71.8	78.07
2436	0	57.21	78.07
2436	1	67.6	78.07
2436	2	56.98	78.07
2436	3	56.98	78.07
2436	4	56.98	78.07
2436	5	56.98	78.07
2442	0	65.01	57.96
2442	1	65.01	62.58
2442	2	65.01	57.96
2442	3	65.01	62.58
2442	4	65.01	57.96
2442	5	65.01	57.96
2443	0	65.01	58.54
2443	1	65.01	58.54
2443	2	65.01	58.54
2443	3	65.01	62.58
2443	4	65.01	58.54
2443	5	65.01	57.96
2444	0	71.49	68.16
2444	1	71.49	68.16
2444	2	71.49	68.16
2444	3	71.49	68.16
2444	4	71.49	68.16
2444	5	71.49	68.16
2449	0	65.01	68.16
2449	1	65.01	68.16
2449	2	65.01	68.16
2449	3	65.01	68.16
2449	4	65.01	68.16
2449	5	65.01	68.16
2451	0	62.08	76.87
2451	1	62.08	76.87
2451	2	62.08	76.87
2451	3	62.08	76.87
2451	4	62.08	76.87
2451	5	62.08	76.87
2452	0	62.08	76.87
2452	1	62.08	76.87
2452	2	62.08	76.87
2452	3	62.08	76.87
2452	4	62.08	76.87
2452	5	62.08	76.87
2461	0	50.57	53.07
2461	1	50.57	53.07
2461	2	50.57	53.07
2461	3	50.57	53.07
2461	4	50.57	53.07
2461	5	50.57	53.07
2462	0	64.87	53.07
2462	1	64.87	53.07
2462	2	64.87	53.07
2462	3	64.87	53.07
2462	4	64.87	53.07
2462	5	64.87	53.07
2463	0	64.87	53.07
2463	1	64.87	53.07
2463	2	64.87	53.07
2463	3	64.87	53.07
2463	4	64.87	53.07
2463	5	64.87	53.07
2471	0	78.46	76.62
2471	1	78.46	76.62
2471	2	78.46	76.62
2471	3	78.46	76.62
2471	4	78.46	76.62
2471	5	78.46	76.62
2472	0	79.96	67.38
2472	1	79.96	67.38
2472	2	79.96	67.38
2472	3	79.96	67.38
2472	4	79.96	67.38
2472	5	79.96	67.38
2473	0	73.38	67.32
2473	1	73.38	67.32
2473	2	73.38	67.32
2473	3	73.38	67.32
2473	4	73.38	67.32
2473	5	73.38	67.32
3111	0	51.91	59.66
3111	1	51.91	59.66
3111	2	51.91	59.66
3111	3	51.91	59.66
3111	4	51.91	59.66
3111	5	51.91	59.66
3112	0	47.87	50.51
3112	1	47.87	50.51
3112	2	47.87	50.51
3112	3	47.87	50.51
3112	4	47.87	50.51
3112	5	47.87	50.51
3113	0	47.84	50.51
3113	1	47.84	50.51
3113	2	47.84	50.51
3113	3	47.84	50.51
3113	4	47.84	50.51
3113	5	47.84	50.51
3114	0	57.46	50.51
3114	1	57.46	50.51
3114	2	57.46	50.51
3114	3	57.46	50.51
3114	4	57.46	50.51
3114	5	57.46	50.51
3115	0	42.37	45.88
3115	1	42.37	45.88
3115	2	42.37	45.88
3115	3	42.37	45.88
3115	4	42.37	45.88
3115	5	42.37	45.88
3116	0	30.39	53.79
3116	1	30.39	53.79
3116	2	30.39	53.79
3116	3	30.39	53.79
3116	4	30.39	53.79
3116	5	30.39	53.79
3119	0	44.35	53.79
3119	1	44.35	53.79
3119	2	44.35	53.79
3119	3	44.35	53.79
3119	4	44.35	53.79
3119	5	44.35	53.79
3121	0	50.88	54.02
3121	1	50.88	54.02
3121	2	50.88	54.02
3121	3	50.88	54.02
3121	4	50.88	54.02
3121	5	50.88	54.02
3122	0	52.15	54.02
3122	1	52.15	54.02
3122	2	52.15	54.02
3122	3	52.15	54.02
3122	4	52.15	54.02
3122	5	52.15	54.02
3131	0	54.03	62.06
3131	1	54.03	62.06
3131	2	54.03	62.06
3131	3	54.03	62.06
3131	4	54.03	62.06
3131	5	54.03	62.06
3132	0	49.81	56.37
3132	1	49.81	56.37
3132	2	49.81	56.37
3132	3	49.81	56.37
3132	4	49.81	56.37
3132	5	49.81	56.37
3213	0	62.13	61.87
3213	1	62.13	61.87
3213	2	62.13	61.87
3213	3	62.13	61.87
3213	4	62.13	61.87
3213	5	62.13	61.87
3216	0	51.34	45.82
3216	1	51.34	45.82
3216	2	51.34	63.69
3216	3	51.34	45.04
3216	4	51.34	45.82
3216	5	51.34	45.04
3217	0	53.78	42.63
3217	1	53.78	42.63
3217	2	73.36	42.63
3217	3	51.34	42.63
3217	4	51.34	42.63
3217	5	51.34	42.63
3218	0	57.47	48.36
3218	1	73.36	48.36
3218	2	73.36	63.69
3218	3	51.34	45.04
3218	4	51.34	45.04
3218	5	51.34	45.04
3219	0	62.35	45.04
3219	1	62.35	61.84
3219	2	73.36	63.69
3219	3	51.34	58.8
3219	4	51.34	58.8
3219	5	51.34	58.8
3231	0	56.62	52.08
3231	1	56.62	52.08
3231	2	56.62	52.08
3231	3	56.62	52.08
3231	4	56.62	52.08
3231	5	56.62	52.08
3233	0	56.62	48.47
3233	1	56.62	48.47
3233	2	56.62	48.47
3233	3	56.62	48.47
3233	4	56.62	48.47
3233	5	56.62	48.47
3234	0	46.71	43.3
3234	1	46.71	43.3
3234	2	46.71	43.3
3234	3	46.71	43.3
3234	4	46.71	43.3
3234	5	46.71	43.3
3235	0	60.36	54.15
3235	1	60.36	54.15
3235	2	60.36	54.15
3235	3	60.36	54.15
3235	4	60.36	54.15
3235	5	60.36	54.15
3239	0	60.36	54.15
3239	1	60.36	54.15
3239	2	60.36	54.15
3239	3	60.36	54.15
3239	4	60.36	54.15
3239	5	60.36	54.15
3311	0	47.2	48.23
3311	1	47.2	48.23
3311	2	47.2	48.23
3311	3	47.2	48.23
3311	4	47.2	48.23
3311	5	47.2	48.23
3312	0	60.64	48.23
3312	1	60.64	48.23
3312	2	60.64	48.23
3312	3	60.64	48.23
3312	4	60.64	48.23
3312	5	60.64	48.23
3313	0	57.78	48.23
3313	1	57.78	48.23
3313	2	57.78	48.23
3313	3	57.78	48.23
3313	4	57.78	48.23
3313	5	57.78	48.23
3314	0	45.78	44.04
3314	1	45.78	44.04
3314	2	45.78	44.04
3314	3	45.78	44.04
3314	4	45.78	44.04
3314	5	45.78	44.04
3315	0	45.34	44.04
3315	1	45.34	44.04
3315	2	45.34	44.04
3315	3	45.34	44.04
3315	4	45.34	44.04
3315	5	45.34	44.04
3319	0	46.58	44.04
3319	1	46.58	44.04
3319	2	46.58	44.04
3319	3	46.58	44.04
3319	4	46.58	44.04
3319	5	46.58	44.04
3411	0	77.44	79.56
3411	1	77.44	79.56
3411	2	77.44	79.56
3411	3	77.44	79.56
3411	4	77.44	79.56
3411	5	77.44	79.56
3412	0	76.19	80.29
3412	1	76.19	80.29
3412	2	76.19	80.29
3412	3	76.19	80.29
3412	4	76.19	80.29
3412	5	76.19	80.29
3413	0	58.16	62.41
3413	1	58.16	62.41
3413	2	58.16	62.41
3413	3	58.16	62.41
3413	4	58.16	62.41
3413	5	58.16	62.41
3414	0	58.16	62.41
3414	1	58.16	62.41
3414	2	58.16	62.41
3414	3	58.16	62.41
3414	4	58.16	62.41
3414	5	58.16	62.41
3415	0	70.73	88.51
3415	1	70.73	88.51
3415	2	70.73	88.51
3415	3	70.73	88.51
3415	4	70.73	88.51
3415	5	70.73	88.51
3416	0	75.65	79.11
3416	1	75.65	79.11
3416	2	75.65	79.11
3416	3	86.91	79.11
3416	4	86.91	79.11
3416	5	86.91	79.11
3417	0	74.22	68.27
3417	1	74.22	68.27
3417	2	74.22	68.27
3417	3	57.65	68.27
3417	4	57.65	68.27
3417	5	57.65	68.27
3421	0	63.21	63.73
3421	1	71.12	74.95
3421	2	71.12	74.95
3421	3	63.21	54.72
3421	4	63.21	54.72
3421	5	63.21	54.72
3422	0	68.51	71.67
3422	1	71.12	74.95
3422	2	71.12	74.95
3422	3	68.51	68.98
3422	4	68.51	68.98
3422	5	68.51	68.98
3441	0	54.08	55.83
3441	1	54.08	55.83
3441	2	54.08	55.83
3441	3	54.08	55.83
3441	4	54.08	55.83
3441	5	54.08	55.83
3442	0	54.08	55.83
3442	1	54.08	55.83
3442	2	54.08	55.83
3442	3	54.08	55.83
3442	4	54.08	55.83
3442	5	54.08	55.83
3443	0	57.68	72.6
3443	1	57.68	72.6
3443	2	57.68	72.6
3443	3	57.68	72.6
3443	4	57.68	72.6
3443	5	57.68	72.6
3511	0	62.96	59.66
3511	1	62.96	59.66
3511	2	62.96	59.66
3511	3	62.96	59.66
3511	4	62.96	59.66
3511	5	62.96	59.66
3512	0	77.37	59.66
3512	1	77.37	59.66
3512	2	77.37	59.66
3512	3	77.37	59.66
3512	4	77.37	59.66
3512	5	77.37	59.66
3513	0	62.96	59.66
3513	1	62.96	59.66
3513	2	62.96	59.66
3513	3	62.96	59.66
3513	4	62.96	59.66
3513	5	62.96	59.66
3520	0	65.74	67.2
3520	1	65.74	67.2
3520	2	65.74	67.2
3520	3	65.74	67.2
3520	4	65.74	67.2
3520	5	65.74	67.2
3531	0	56.29	57.39
3531	1	66.4	57.39
3531	2	59.81	63.7
3531	3	56.29	57.12
3531	4	56.29	57.12
3531	5	56.29	57.12
3532	0	57.48	60.42
3532	1	66.4	60.42
3532	2	59.81	63.7
3532	3	57.48	60.21
3532	4	57.48	60.21
3532	5	57.48	60.21
3533	0	58.68	56.58
3533	1	58.68	56.58
3533	2	58.68	56.58
3533	3	58.68	56.58
3533	4	58.68	56.58
3533	5	58.68	56.58
3534	0	64.45	58.55
3534	1	66.4	59.04
3534	2	59.43	63.7
3534	3	64.45	58.55
3534	4	64.45	58.55
3534	5	64.45	58.55
3535	0	63.85	58.98
3535	1	66.4	58.98
3535	2	59.43	63.7
3535	3	64.45	58.55
3535	4	64.45	58.55
3535	5	64.45	58.55
3536	0	59.45	58.52
3536	1	59.45	58.52
3536	2	59.43	58.52
3536	3	59.46	58.52
3536	4	59.45	58.52
3536	5	59.46	58.52
3537	0	59.45	58.85
3537	1	59.45	58.85
3537	2	59.43	63.7
3537	3	59.46	58.52
3537	4	59.46	58.52
3537	5	59.46	58.52
3538	0	62.89	60.46
3538	1	66.4	60.46
3538	2	59.43	63.7
3538	3	62.92	60.39
3538	4	62.92	60.39
3538	5	62.92	60.39
3539	0	59.58	58.84
3539	1	66.4	63.7
3539	2	59.43	63.7
3539	3	59.46	58.52
3539	4	59.46	58.52
3539	5	59.46	58.52
3541	0	58.39	57.2
3541	1	48.78	69.47
3541	2	48.78	57.2
3541	3	58.91	57.07
3541	4	58.91	57.07
3541	5	58.91	57.07
3542	0	51.55	51.54
3542	1	48.78	69.47
3542	2	48.78	69.47
3542	3	51.55	49.36
3542	4	51.55	49.36
3542	5	51.55	49.36
3543	0	61.83	60.07
3543	1	67.52	61.04
3543	2	67.52	69.47
3543	3	61.83	60.07
3543	4	61.83	60.07
3543	5	61.83	60.07
3544	0	58.11	54.86
3544	1	65.1	69.47
3544	2	65.1	69.47
3544	3	56.05	54.86
3544	4	56.05	54.86
3544	5	56.05	54.86
3545	0	59.61	63.82
3545	1	65.1	69.47
3545	2	65.1	69.47
3545	3	58.65	63.15
3545	4	61.33	63.82
3545	5	61.33	63.82
3546	0	60.05	54.27
3546	1	65.1	69.47
3546	2	65.1	69.47
3546	3	58.79	51.59
3546	4	58.79	51.59
3546	5	58.79	51.59
3550	0	55.63	58.83
3550	1	55.63	58.83
3550	2	55.63	58.83
3550	3	55.63	58.83
3550	4	55.63	58.83
3550	5	55.63	58.83
3561	0	60.47	52.15
3561	1	57.33	52.15
3561	2	57.33	48.24
3561	3	63.46	59.38
3561	4	57.33	48.24
3561	5	57.33	48.24
3562	0	55.59	60.82
3562	1	55.59	60.82
3562	2	55.59	60.82
3562	3	55.59	60.82
3562	4	55.59	60.82
3562	5	55.59	60.82
3563	0	57	54.89
3563	1	67.22	61.21
3563	2	67.22	61.21
3563	3	54.73	54.14
3563	4	54.73	54.14
3563	5	54.73	54.14
3564	0	67.14	51.46
3564	1	67.14	51.46
3564	2	67.14	51.46
3564	3	67.14	51.46
3564	4	67.14	51.46
3564	5	67.14	51.46
3565	0	50.24	56.54
3565	1	50.24	56.54
3565	2	50.24	56.54
3565	3	50.24	56.54
3565	4	50.24	56.54
3565	5	50.24	56.54
3567	0	55.16	58.15
3567	1	55.16	58.15
3567	2	55.16	58.15
3567	3	55.16	58.15
3567	4	55.16	58.15
3567	5	55.16	58.15
4112	0	56.07	46.95
4112	1	56.07	48.14
4112	2	56.07	46.95
4112	3	59.54	54.47
4112	4	54.97	46.95
4112	5	54.97	46.95
4113	0	49.76	50.2
4113	1	49.76	50.2
4113	2	49.76	49.75
4113	3	59.54	54.47
4113	4	44.81	49.75
4113	5	44.81	49.75
4114	0	63.96	56.94
4114	1	63.96	56.94
4114	2	63.96	56.94
4114	3	63.96	56.94
4114	4	63.96	56.94
4114	5	63.96	56.94
4121	0	33.97	45.74
4121	1	33.97	45.74
4121	2	33.97	56.59
4121	3	33.97	45.59
4121	4	33.97	45.59
4121	5	33.97	45.59
4122	0	54.62	47.63
4122	1	63.85	56.59
4122	2	63.85	56.59
4122	3	54.62	47.63
4122	4	54.62	47.63
4122	5	54.62	47.63
4123	0	56	51.02
4123	1	63.85	56.59
4123	2	63.85	56.59
4123	3	55.04	51.02
4123	4	55.04	51.02
4123	5	55.04	51.02
4124	0	64.62	63.07
4124	1	64.62	63.07
4124	2	64.62	63.07
4124	3	64.62	63.07
4124	4	64.62	63.07
4124	5	64.62	63.07
4129	0	49.75	49.36
4129	1	49.75	49.36
4129	2	49.75	49.36
4129	3	49.75	49.36
4129	4	49.75	49.36
4129	5	49.75	49.36
4131	0	53.83	50.18
4131	1	53.83	50.18
4131	2	53.83	50.18
4131	3	53.83	50.18
4131	4	53.83	50.18
4131	5	53.83	50.18
4132	0	59.14	47.24
4132	1	59.14	47.24
4132	2	59.14	47.24
4132	3	59.14	47.24
4132	4	59.14	47.24
4132	5	59.14	47.24
4133	0	35.4	42.26
4133	1	35.4	42.26
4133	2	35.4	42.26
4133	3	35.4	42.26
4133	4	35.4	42.26
4133	5	35.4	42.26
4134	0	38.34	43.94
4134	1	38.34	43.94
4134	2	38.34	43.94
4134	3	38.34	43.94
4134	4	38.34	43.94
4134	5	38.34	43.94
4135	0	53.83	50.18
4135	1	53.83	50.18
4135	2	53.83	50.18
4135	3	53.83	50.18
4135	4	53.83	50.18
4135	5	53.83	50.18
4138	0	53.83	50.18
4138	1	53.83	50.18
4138	2	53.83	50.18
4138	3	53.83	50.18
4138	4	53.83	50.18
4138	5	53.83	50.18
4151	0	42.85	44.44
4151	1	42.85	44.44
4151	2	42.85	44.44
4151	3	42.85	44.44
4151	4	42.85	44.44
4151	5	42.85	44.44
4159	0	46.04	50.54
4159	1	55.6	54.12
4159	2	46.04	50.54
4159	3	55.6	54.12
4159	4	46.04	50.54
4159	5	46.04	50.54
4161	0	58.17	54.11
4161	1	58.17	54.11
4161	2	58.17	54.11
4161	3	58.17	54.11
4161	4	58.17	54.11
4161	5	58.17	54.11
4162	0	56.71	48.84
4162	1	56.71	48.84
4162	2	56.71	48.84
4162	3	56.71	48.84
4162	4	56.71	48.84
4162	5	56.71	48.84
4211	0	46.04	49.64
4211	1	46.04	49.64
4211	2	46.04	49.64
4211	3	46.04	49.64
4211	4	46.04	49.64
4211	5	46.04	49.64
4212	0	55.6	47.41
4212	1	55.6	47.41
4212	2	55.6	47.41
4212	3	55.6	47.41
4212	4	55.6	47.41
4212	5	55.6	47.41
4213	0	48.14	60.07
4213	1	48.14	60.07
4213	2	48.14	60.07
4213	3	48.14	60.07
4213	4	48.14	60.07
4213	5	48.14	60.07
4214	0	54.54	70.81
4214	1	55.6	70.81
4214	2	55.6	70.81
4214	3	55.6	70.81
4214	4	54.54	70.81
4214	5	42.97	70.81
4215	0	48.43	56.88
4215	1	48.43	56.88
4215	2	46.04	56.88
4215	3	55.6	56.88
4215	4	48.43	56.88
4215	5	46.04	56.88
4216	0	44.15	45.74
4216	1	42.97	45.74
4216	2	42.97	45.74
4216	3	55.6	45.74
4216	4	42.97	45.74
4216	5	42.97	45.74
4217	0	50.23	53.11
4217	1	50.23	53.11
4217	2	50.23	53.11
4217	3	50.23	53.11
4217	4	50.23	53.11
4217	5	50.23	53.11
5111	0	51.15	39.93
5111	1	55.43	39.93
5111	2	51.15	39.93
5111	3	51.15	39.93
5111	4	51.15	39.93
5111	5	51.15	39.93
5112	0	48.52	39.93
5112	1	59.42	39.93
5112	2	48.52	39.93
5112	3	39.04	39.93
5112	4	39.04	39.93
5112	5	39.04	39.93
5113	0	48.52	77.27
5113	1	59.42	77.27
5113	2	48.52	77.27
5113	3	39.04	77.27
5113	4	39.04	77.27
5113	5	39.04	77.27
5114	0	39.44	77.27
5114	1	59.42	77.27
5114	2	48.52	77.27
5114	3	37.65	77.27
5114	4	37.65	77.27
5114	5	37.65	77.27
5119	0	42	77.27
5119	1	42	77.27
5119	2	42	77.27
5119	3	42	77.27
5119	4	42	77.27
5119	5	42	77.27
5211	0	39.68	28.93
5211	1	39.68	28.93
5211	2	39.68	28.93
5211	3	39.68	28.93
5211	4	39.68	28.93
5211	5	39.68	28.93
5212	0	39.68	28.93
5212	1	39.68	28.93
5212	2	39.68	28.93
5212	3	39.68	28.93
5212	4	39.68	28.93
5212	5	39.68	28.93
5213	0	39.68	28.93
5213	1	39.68	28.93
5213	2	39.68	28.93
5213	3	39.68	28.93
5213	4	39.68	28.93
5213	5	39.68	28.93
5214	0	34.71	28.93
5214	1	34.71	28.93
5214	2	34.71	28.93
5214	3	34.71	28.93
5214	4	34.71	28.93
5214	5	34.71	28.93
5215	0	34.71	28.93
5215	1	34.71	28.93
5215	2	34.71	28.93
5215	3	34.71	28.93
5215	4	34.71	28.93
5215	5	34.71	28.93
5216	0	43.75	28.93
5216	1	43.75	28.93
5216	2	43.75	28.93
5216	3	43.75	28.93
5216	4	43.75	28.93
5216	5	43.75	28.93
5221	0	31.91	28.93
5221	1	50.64	28.93
5221	2	41.86	28.93
5221	3	31.62	28.93
5221	4	31.62	28.93
5221	5	31.62	28.93
5222	0	33.03	28.93
5222	1	33.03	28.93
5222	2	41.86	28.93
5222	3	32.89	28.93
5222	4	32.89	28.93
5222	5	32.89	28.93
5223	0	36.87	28.93
5223	1	50.64	28.93
5223	2	41.86	28.93
5223	3	41.25	28.93
5223	4	36.87	28.93
5223	5	36.87	28.93
5224	0	42.34	28.93
5224	1	50.64	28.93
5224	2	41.86	28.93
5224	3	42.41	28.93
5224	4	42.41	28.93
5224	5	42.41	28.93
5225	0	43.39	28.93
5225	1	50.64	28.93
5225	2	41.86	28.93
5225	3	43.33	28.93
5225	4	43.33	28.93
5225	5	43.33	28.93
5231	0	38.52	28.93
5231	1	50.64	28.93
5231	2	35.77	28.93
5231	3	43	28.93
5231	4	37.87	28.93
5231	5	38.38	28.93
5232	0	39.27	28.93
5232	1	50.64	28.93
5232	2	35.77	28.93
5232	3	43	28.93
5232	4	37.87	28.93
5232	5	39.27	28.93
5234	0	36.43	28.93
5234	1	50.64	28.93
5234	2	35.77	28.93
5234	3	43	28.93
5234	4	37.87	28.93
5234	5	35.31	28.93
5235	0	40.1	28.93
5235	1	40.1	28.93
5235	2	40.1	28.93
5235	3	40.1	28.93
5235	4	40.1	28.93
5235	5	40.1	28.93
5236	0	41.27	28.93
5236	1	50.64	28.93
5236	2	40.49	28.93
5236	3	40.49	28.93
5236	4	40.49	28.93
5236	5	40.49	28.93
5237	0	39.68	28.93
5237	1	39.68	28.93
5237	2	39.68	28.93
5237	3	43	28.93
5237	4	37.87	28.93
5237	5	38.38	28.93
5241	0	39.4	28.93
5241	1	61.46	28.93
5241	2	42.73	28.93
5241	3	51.44	28.93
5241	4	43.54	28.93
5241	5	39.4	28.93
5242	0	41.82	28.93
5242	1	61.46	28.93
5242	2	42.73	28.93
5242	3	51.44	28.93
5242	4	42.45	28.93
5242	5	40.77	28.93
5244	0	43.15	28.93
5244	1	61.46	28.93
5244	2	42.73	28.93
5244	3	51.44	28.93
5244	4	43.54	28.93
5244	5	40.77	28.93
5245	0	56.98	28.93
5245	1	56.98	28.93
5245	2	58.28	28.93
5245	3	51.44	28.93
5245	4	43.54	28.93
5245	5	58.28	28.93
5249	0	44.76	28.93
5249	1	44.76	28.93
5249	2	44.76	28.93
5249	3	39.68	28.93
5249	4	39.68	28.93
5249	5	44.76	28.93
5250	0	45.56	28.93
5250	1	43.83	28.93
5250	2	46.65	28.93
5250	3	43.83	28.93
5250	4	46.65	28.93
5250	5	46.65	28.93
5311	0	39.32	40.87
5311	1	43.87	40.87
5311	2	42.67	40.87
5311	3	40.47	40.87
5311	4	39.32	40.87
5311	5	39.32	40.87
5312	0	40.48	40.87
5312	1	43.87	40.87
5312	2	42.37	40.87
5312	3	36.36	40.87
5312	4	36.36	40.87
5312	5	36.36	40.87
5313	0	43.47	40.87
5313	1	43.87	40.87
5313	2	38.41	40.87
5313	3	51.77	40.87
5313	4	51.77	40.87
5313	5	51.77	40.87
5314	0	41.71	40.87
5314	1	46.81	40.87
5314	2	43.65	40.87
5314	3	43.64	40.87
5314	4	43.64	40.87
5314	5	38.26	40.87
5315	0	38.42	40.87
5315	1	46.97	40.87
5315	2	43.08	40.87
5315	3	51.75	40.87
5315	4	51.75	40.87
5315	5	38.42	40.87
5316	0	32.5	40.87
5316	1	43.87	40.87
5316	2	36.11	40.87
5316	3	29.8	40.87
5316	4	29.8	40.87
5316	5	29.8	40.87
5319	0	27.19	40.87
5319	1	43.87	40.87
5319	2	42.67	40.87
5319	3	56.12	40.87
5319	4	56.12	40.87
5319	5	27.19	40.87
5321	0	37.58	40.87
5321	1	43.87	40.87
5321	2	39.91	40.87
5321	3	30.42	40.87
5321	4	30.42	40.87
5321	5	30.42	40.87
5322	0	45.67	40.87
5322	1	43.87	40.87
5322	2	46.49	40.87
5322	3	43.93	40.87
5322	4	43.93	40.87
5322	5	43.93	40.87
5323	0	40.93	40.87
5323	1	43.87	40.87
5323	2	40.93	40.87
5323	3	35.47	40.87
5323	4	35.47	40.87
5323	5	35.47	40.87
5330	0	39.41	40.87
5330	1	36.34	40.87
5330	2	40.48	40.87
5330	3	36.34	40.87
5330	4	40.48	40.87
5330	5	40.48	40.87
5411	0	38.71	50.19
5411	1	38.71	50.19
5411	2	38.71	50.19
5411	3	38.71	50.19
5411	4	38.71	50.19
5411	5	38.71	50.19
5412	0	41.41	46.53
5412	1	45.33	46.53
5412	2	45.33	50.19
5412	3	41.41	43.53
5412	4	38.71	43.53
5412	5	38.71	43.53
5413	0	42.02	47.34
5413	1	45.33	47.34
5413	2	45.33	50.19
5413	3	38.71	47.34
5413	4	38.71	47.34
5413	5	38.71	43.53
5414	0	40.92	47.12
5414	1	40.92	47.12
5414	2	45.33	50.19
5414	3	38.71	47.12
5414	4	40.92	43.53
5414	5	38.71	43.53
5419	0	40.92	45.53
5419	1	45.33	50.19
5419	2	45.33	50.19
5419	3	38.71	43.53
5419	4	38.71	45.53
5419	5	38.71	43.53
5421	0	41.95	37.23
5421	1	41.95	37.23
5421	2	41.95	37.23
5421	3	49.05	37.23
5421	4	40.18	37.23
5421	5	40.18	37.23
5422	0	42.44	37.23
5422	1	40.18	37.23
5422	2	40.18	37.23
5422	3	49.05	37.23
5422	4	40.18	37.23
5422	5	40.18	37.23
5423	0	39.18	37.23
5423	1	38.83	37.23
5423	2	39.18	37.23
5423	3	49.05	37.23
5423	4	38.83	37.23
5423	5	38.83	37.23
5431	0	25.93	39.69
5431	1	38.2	37.35
5431	2	25.16	39.69
5431	3	25.16	40.47
5431	4	25.16	39.69
5431	5	25.16	40.47
5432	0	25.43	39.96
5432	1	38.2	37.35
5432	2	25.43	40.47
5432	3	25.43	40.47
5432	4	25.43	40.47
5432	5	25.43	40.47
5433	0	28.44	24.37
5433	1	28.44	24.37
5433	2	28.44	24.37
5433	3	28.44	24.37
5433	4	28.44	24.37
5433	5	28.44	24.37
5434	0	34.15	31.94
5434	1	38.2	37.35
5434	2	39.55	40.43
5434	3	39.55	40.43
5434	4	34.55	35.57
5434	5	28.09	24.37
5435	0	31.82	29.45
5435	1	38.2	37.35
5435	2	39.55	40.43
5435	3	39.55	40.43
5435	4	34.55	35.57
5435	5	28.09	24.37
5436	0	35.78	38.22
5436	1	38.2	37.35
5436	2	35.21	38.35
5436	3	35.21	38.35
5436	4	35.21	38.35
5436	5	35.21	38.35
5441	0	57.68	49.77
5441	1	63.04	49.77
5441	2	63.04	65.98
5441	3	57.68	49.77
5441	4	47.5	49.77
5441	5	47.5	36.26
5442	0	45.52	56.07
5442	1	53.38	65.98
5442	2	53.38	65.98
5442	3	35.45	56.07
5442	4	35.45	36.26
5442	5	35.45	36.26
5443	0	47.5	36.26
5443	1	47.5	65.98
5443	2	47.5	65.98
5443	3	47.5	36.26
5443	4	47.5	36.26
5443	5	47.5	36.26
5449	0	52.92	36.26
5449	1	63.04	65.98
5449	2	63.04	65.98
5449	3	47.5	49
5449	4	47.5	36.26
5449	5	47.5	36.26
6121	0	55.1	41.83
6121	1	55.1	38.42
6121	2	55.1	43.23
6121	3	55.1	38.42
6121	4	55.1	38.42
6121	5	55.1	43.23
6122	0	55.1	53.29
6122	1	55.1	53.29
6122	2	55.1	53.29
6122	3	55.1	53.29
6122	4	55.1	53.29
6122	5	55.1	53.29
6123	0	55.1	52.8
6123	1	55.1	52.8
6123	2	55.1	52.8
6123	3	55.1	52.8
6123	4	55.1	52.8
6123	5	55.1	52.8
6125	0	55.1	52.02
6125	1	55.1	52.02
6125	2	55.1	52.02
6125	3	55.1	52.02
6125	4	55.1	52.02
6125	5	55.1	52.02
6126	0	55.1	52.45
6126	1	55.1	52.45
6126	2	55.1	52.45
6126	3	55.1	52.45
6126	4	55.1	52.45
6126	5	55.1	52.45
6131	0	51.21	49.33
6131	1	51.21	49.33
6131	2	51.21	49.33
6131	3	51.21	49.33
6131	4	51.21	49.33
6131	5	51.21	49.33
6132	0	51.21	49.33
6132	1	51.21	49.33
6132	2	51.21	49.33
6132	3	51.21	49.33
6132	4	51.21	49.33
6132	5	51.21	49.33
6139	0	51.21	49.33
6139	1	51.21	49.33
6139	2	51.21	49.33
6139	3	51.21	49.33
6139	4	51.21	49.33
6139	5	51.21	49.33
6141	0	40.83	36.97
6141	1	40.83	36.97
6141	2	40.83	36.97
6141	3	40.83	36.97
6141	4	40.83	36.97
6141	5	40.83	36.97
6142	0	49.71	43.26
6142	1	49.71	43.26
6142	2	49.71	43.26
6142	3	49.71	43.26
6142	4	49.71	43.26
6142	5	49.71	43.26
6143	0	40.83	36.97
6143	1	40.83	36.97
6143	2	40.83	36.97
6143	3	40.83	36.97
6143	4	40.83	36.97
6143	5	40.83	36.97
6144	0	43.09	29.36
6144	1	43.09	29.36
6144	2	43.09	29.36
6144	3	43.09	29.36
6144	4	43.09	29.36
6144	5	43.09	29.36
6145	0	43.09	29.36
6145	1	43.09	29.36
6145	2	43.09	29.36
6145	3	43.09	29.36
6145	4	43.09	29.36
6145	5	43.09	29.36
6146	0	48.92	32.16
6146	1	48.92	32.16
6146	2	48.92	32.16
6146	3	48.92	32.16
6146	4	48.92	32.16
6146	5	48.92	32.16
6147	0	43.09	40.46
6147	1	43.09	40.46
6147	2	43.09	40.46
6147	3	43.09	40.46
6147	4	43.09	40.46
6147	5	43.09	40.46
6148	0	42.96	40.46
6148	1	42.96	40.46
6148	2	42.96	40.46
6148	3	42.96	40.46
6148	4	42.96	40.46
6148	5	42.96	40.46
6211	0	41.54	40.6
6211	1	41.54	40.6
6211	2	41.54	40.6
6211	3	41.54	40.6
6211	4	41.54	40.6
6211	5	41.54	40.6
6212	0	58.08	45.06
6212	1	58.08	45.06
6212	2	58.08	45.06
6212	3	58.08	45.06
6212	4	58.08	45.06
6212	5	58.08	45.06
6214	0	36.2	42.97
6214	1	36.2	42.97
6214	2	36.2	42.97
6214	3	36.2	42.97
6214	4	36.2	42.97
6214	5	36.2	42.97
6215	0	30.17	33.65
6215	1	30.17	33.65
6215	2	30.17	33.65
6215	3	30.17	33.65
6215	4	30.17	33.65
6215	5	30.17	33.65
6219	0	40.31	33.65
6219	1	40.31	33.65
6219	2	40.31	33.65
6219	3	40.31	33.65
6219	4	40.31	33.65
6219	5	40.31	33.65
6221	0	52.55	41.22
6221	1	56.14	41.22
6221	2	56.14	41.22
6221	3	56.14	41.22
6221	4	43.09	33.27
6221	5	43.09	33.27
6222	0	51.79	43.11
6222	1	56.14	48.29
6222	2	56.14	48.29
6222	3	51.79	48.29
6222	4	51.79	34.7
6222	5	43.09	34.7
6231	0	38.06	33.66
6231	1	38.06	33.66
6231	2	38.06	33.66
6231	3	38.06	33.66
6231	4	38.06	33.66
6231	5	38.06	33.66
6232	0	38.06	29.62
6232	1	38.06	29.62
6232	2	38.06	29.62
6232	3	38.06	29.62
6232	4	38.06	29.62
6232	5	38.06	29.62
6240	0	33.75	27.99
6240	1	33.75	27.99
6240	2	33.75	27.99
6240	3	33.75	27.99
6240	4	33.75	27.99
6240	5	33.75	27.99
7111	0	39.97	33.19
7111	1	45.23	38.87
7111	2	39.97	33.19
7111	3	45.23	38.87
7111	4	39.97	33.19
7111	5	39.97	33.19
7112	0	22.89	28.33
7112	1	22.89	28.4
7112	2	21.47	28.33
7112	3	45.23	38.87
7112	4	21.47	28.33
7112	5	21.47	28.33
7113	0	38.21	42.07
7113	1	38.4	38.87
7113	2	38.4	42.16
7113	3	45.23	38.87
7113	4	38.21	42.16
7113	5	38.21	42.16
7114	0	49.71	36.58
7114	1	49.71	36.58
7114	2	49.71	36.58
7114	3	49.71	36.58
7114	4	49.71	36.58
7114	5	49.71	36.58
7115	0	42.94	47.35
7115	1	45.23	47.35
7115	2	45.23	47.35
7115	3	45.23	47.35
7115	4	42	47.35
7115	5	42	47.35
7121	0	43.03	45.2
7121	1	43.03	50.24
7121	2	40.5	50.24
7121	3	43.66	37.27
7121	4	43.66	45.2
7121	5	43.66	37.27
7122	0	43	41
7122	1	43	41
7122	2	40.5	50.24
7122	3	43.66	37.27
7122	4	43.66	37.27
7122	5	43.66	37.27
7123	0	42.27	49.34
7123	1	40.5	50.24
7123	2	40.5	50.24
7123	3	42.27	49.34
7123	4	42.27	49.34
7123	5	42.27	47.35
7124	0	40.78	47.35
7124	1	40.5	50.24
7124	2	40.5	50.24
7124	3	42.27	49.59
7124	4	40.78	49.59
7124	5	42.27	47.35
7125	0	42.58	47.5
7125	1	42.58	47.5
7125	2	40.5	50.24
7125	3	42.65	47.35
7125	4	42.65	47.35
7125	5	42.65	47.35
7129	0	42.65	48.16
7129	1	40.5	50.24
7129	2	40.5	50.24
7129	3	42.65	47.35
7129	4	42.65	47.35
7129	5	42.65	47.35
7130	0	29.11	37.93
7130	1	29.11	37.93
7130	2	29.11	37.93
7130	3	29.11	37.93
7130	4	29.11	37.93
7130	5	29.11	37.93
7211	0	39.85	42.5
7211	1	39.85	42.5
7211	2	39.85	42.5
7211	3	39.85	42.5
7211	4	39.85	42.5
7211	5	39.85	42.5
7213	0	54.14	55.08
7213	1	54.14	55.08
7213	2	54.14	55.08
7213	3	54.14	55.08
7213	4	54.14	55.08
7213	5	54.14	55.08
7214	0	54.14	55.08
7214	1	54.14	55.08
7214	2	54.14	55.08
7214	3	54.14	55.08
7214	4	54.14	55.08
7214	5	54.14	55.08
7215	0	46.67	40.16
7215	1	46.67	40.16
7215	2	46.67	40.16
7215	3	46.67	40.16
7215	4	46.67	40.16
7215	5	46.67	40.16
7219	0	47.47	40.16
7219	1	56.37	40.35
7219	2	46.67	40.16
7219	3	56.37	46.72
7219	4	46.67	40.16
7219	5	46.67	40.16
7220	0	56.37	46.72
7220	1	56.37	46.72
7220	2	56.37	46.72
7220	3	56.37	46.72
7220	4	56.37	46.72
7220	5	56.37	46.72
8111	0	28.38	14.32
8111	1	54.35	14.32
8111	2	28.38	14.32
8111	3	39.9	14.32
8111	4	28.38	14.32
8111	5	28.38	14.32
8112	0	15.44	14.32
8112	1	15.44	14.32
8112	2	15.44	14.32
8112	3	15.44	14.32
8112	4	15.44	14.32
8112	5	15.44	14.32
8113	0	40.47	28.14
8113	1	40.47	28.14
8113	2	40.47	28.14
8113	3	39.9	28.14
8113	4	40.48	28.14
8113	5	40.48	28.14
8114	0	30.93	28.14
8114	1	30.93	28.14
8114	2	30.93	28.14
8114	3	39.9	28.14
8114	4	30.37	28.14
8114	5	30.37	28.14
8115	0	34.21	28.14
8115	1	34.21	28.14
8115	2	34.21	28.14
8115	3	34.21	28.14
8115	4	34.21	28.14
8115	5	34.21	28.14
8116	0	34.69	28.14
8116	1	54.35	28.14
8116	2	34.5	28.14
8116	3	34.69	28.14
8116	4	34.5	28.14
8116	5	34.5	28.14
8117	0	27.03	28.14
8117	1	27.03	28.14
8117	2	25.43	28.14
8117	3	39.9	28.14
8117	4	25.43	28.14
8117	5	25.43	28.14
8118	0	27.31	17.28
8118	1	27.31	17.28
8118	2	27.31	17.28
8118	3	39.9	17.28
8118	4	25.43	17.28
8118	5	25.43	17.28
8119	0	30.26	28.14
8119	1	30.26	28.14
8119	2	29.3	28.14
8119	3	39.9	28.14
8119	4	29.3	28.14
8119	5	29.3	28.14
8121	0	23.67	21.06
8121	1	23.67	21.06
8121	2	23.04	21.06
8121	3	39.9	21.06
8121	4	23.04	21.06
8121	5	23.04	21.06
8122	0	28.92	21.06
8122	1	28.92	21.06
8122	2	28.92	21.06
8122	3	28.92	21.06
8122	4	28.92	21.06
8122	5	28.92	21.06
8123	0	30	21.06
8123	1	30	21.06
8123	2	28.92	21.06
8123	3	39.9	21.06
8123	4	28.92	21.06
8123	5	28.92	21.06
8124	0	32.13	21.06
8124	1	32.13	21.06
8124	2	30.48	21.06
8124	3	39.9	21.06
8124	4	30.48	21.06
8124	5	30.48	21.06
8125	0	30.66	21.06
8125	1	54.35	21.06
8125	2	30.48	21.06
8125	3	39.9	21.06
8125	4	30.48	21.06
8125	5	30.48	21.06
8126	0	49.05	21.06
8126	1	49.05	21.06
8126	2	50.29	21.06
8126	3	39.9	21.06
8126	4	50.29	21.06
8126	5	50.29	21.06
8127	0	32.38	21.06
8127	1	54.35	21.06
8127	2	31.62	21.06
8127	3	39.9	21.06
8127	4	31.62	21.06
8127	5	31.62	21.06
8129	0	24.23	21.06
8129	1	54.35	21.06
8129	2	23.56	21.06
8129	3	39.9	21.06
8129	4	23.56	21.06
8129	5	23.56	21.06
8131	0	25.52	28.19
8131	1	27.48	28.19
8131	2	25.52	28.19
8131	3	39.9	28.19
8131	4	25.52	28.19
8131	5	25.52	28.19
8132	0	36.13	32.5
8132	1	36.13	32.5
8132	2	36.13	32.5
8132	3	39.9	32.5
8132	4	35.9	32.5
8132	5	35.9	32.5
8133	0	35.91	27.87
8133	1	54.35	27.87
8133	2	33.01	27.87
8133	3	41.31	27.87
8133	4	41.31	27.87
8133	5	33.01	27.87
8134	0	33.77	27.87
8134	1	33.77	27.87
8134	2	33.01	27.87
8134	3	33.77	27.87
8134	4	41.31	27.87
8134	5	33.01	27.87
8135	0	30.02	32.5
8135	1	30.02	32.5
8135	2	29.63	32.5
8135	3	39.9	32.5
8135	4	28.97	32.5
8135	5	29.63	32.5
8137	0	29.63	32.59
8137	1	29.63	32.59
8137	2	29.63	32.59
8137	3	29.63	32.59
8137	4	29.63	32.59
8137	5	29.63	32.59
8139	0	31.83	32.5
8139	1	31.83	32.5
8139	2	31.01	32.5
8139	3	39.9	32.5
8139	4	31.01	32.5
8139	5	31.01	32.5
8141	0	29.36	32.5
8141	1	54.35	32.5
8141	2	26.62	32.5
8141	3	39.9	32.5
8141	4	26.62	32.5
8141	5	26.62	32.5
8142	0	39.27	32.5
8142	1	54.35	32.5
8142	2	38.7	32.5
8142	3	39.27	32.5
8142	4	38.7	32.5
8142	5	38.7	32.5
8143	0	26.82	32.5
8143	1	26.82	32.5
8143	2	26.82	32.5
8143	3	26.82	32.5
8143	4	26.82	32.5
8143	5	26.82	32.5
8149	0	29.63	32.5
8149	1	54.35	32.5
8149	2	41.93	32.5
8149	3	39.9	32.5
8149	4	28.97	32.5
8149	5	29.63	32.5
8211	0	32.29	31.7
8211	1	46.13	31.7
8211	2	36.52	31.7
8211	3	36.6	31.7
8211	4	30.19	31.7
8211	5	31.65	31.7
8212	0	29.72	31.7
8212	1	46.13	31.7
8212	2	24.23	31.7
8212	3	36.6	31.7
8212	4	30.19	31.7
8212	5	29.72	31.7
8213	0	30.27	31.7
8213	1	30.27	31.7
8213	2	36.29	31.7
8213	3	36.6	31.7
8213	4	30.19	31.7
8213	5	30.03	31.7
8214	0	36.5	31.7
8214	1	46.13	31.7
8214	2	36.29	31.7
8214	3	36.6	31.7
8214	4	30.19	31.7
8214	5	36.5	31.7
8215	0	57.68	32.49
8215	1	46.13	32.49
8215	2	57.95	32.49
8215	3	57.68	32.49
8215	4	57.95	32.49
8215	5	57.95	32.49
8221	0	29.18	31.7
8221	1	29.18	31.7
8221	2	24.01	31.7
8221	3	29.18	31.7
8221	4	29.41	31.7
8221	5	29.41	31.7
8222	0	23.4	31.7
8222	1	23.4	31.7
8222	2	24.01	31.7
8222	3	36.6	31.7
8222	4	23.35	31.7
8222	5	23.35	31.7
8223	0	27.61	31.7
8223	1	54.35	31.7
8223	2	24.01	31.7
8223	3	36.6	31.7
8223	4	26.63	31.7
8223	5	26.63	31.7
8229	0	26.26	31.7
8229	1	26.26	31.7
8229	2	24.01	31.7
8229	3	36.6	31.7
8229	4	26.63	31.7
8229	5	26.63	31.7
8231	0	44.72	31.7
8231	1	44.72	31.7
8231	2	44.72	31.7
8231	3	36.6	31.7
8231	4	44.86	31.7
8231	5	44.86	31.7
8232	0	43.56	31.7
8232	1	46.13	31.7
8232	2	43.56	31.7
8232	3	36.6	31.7
8232	4	44.86	31.7
8232	5	44.86	31.7
8233	0	54.69	31.7
8233	1	54.69	31.7
8233	2	54.69	31.7
8233	3	36.6	31.7
8233	4	57.18	31.7
8233	5	57.18	31.7
8234	0	54.34	31.7
8234	1	54.34	31.7
8234	2	57.18	31.7
8234	3	36.6	31.7
8234	4	57.18	31.7
8234	5	57.18	31.7
8239	0	36.56	31.7
8239	1	36.56	31.7
8239	2	36.54	31.7
8239	3	36.6	31.7
8239	4	36.54	31.7
8239	5	36.54	31.7
9111	0	21.78	50.83
9111	1	48.62	57.35
9111	2	48.62	57.35
9111	3	21.78	50.83
9111	4	21.78	50.83
9111	5	21.78	50.83
9112	0	35.94	46.5
9112	1	48.62	46.5
9112	2	48.62	46.5
9112	3	21.78	46.5
9112	4	21.78	46.5
9112	5	21.78	46.5
9119	0	41.12	46.5
9119	1	48.62	46.5
9119	2	48.62	46.5
9119	3	38.46	46.5
9119	4	38.46	46.5
9119	5	38.46	46.5
9120	0	31.68	8.76
9120	1	54.35	8.76
9120	2	33.46	8.76
9120	3	31.68	8.76
9120	4	31.68	8.76
9120	5	31.68	8.76
9132	0	19.33	8.76
9132	1	54.35	8.76
9132	2	33.46	8.76
9132	3	16.95	8.76
9132	4	16.95	8.76
9132	5	16.95	8.76
9134	0	19.09	16.21
9134	1	19.09	16.21
9134	2	33.46	16.21
9134	3	18.82	16.21
9134	4	18.82	16.21
9134	5	18.82	16.21
9139	0	29.96	8.76
9139	1	29.96	8.76
9139	2	29.96	8.76
9139	3	29.96	8.76
9139	4	29.96	8.76
9139	5	29.96	8.76
9211	0	39.41	33.28
9211	1	39.41	33.28
9211	2	39.41	33.28
9211	3	39.41	33.28
9211	4	39.41	33.28
9211	5	39.41	33.28
9219	0	37.07	43.32
9219	1	37.07	43.32
9219	2	37.07	43.32
9219	3	37.07	43.32
9219	4	37.07	43.32
9219	5	37.07	43.32
9231	0	22.31	21.37
9231	1	22.31	21.37
9231	2	22.31	21.37
9231	3	22.31	21.37
9231	4	22.31	21.37
9231	5	22.31	21.37
9232	0	8.83	21.37
9232	1	8.83	21.37
9232	2	8.83	21.37
9232	3	8.83	21.37
9232	4	8.83	21.37
9232	5	8.83	21.37
9233	0	25.97	21.37
9233	1	54.35	30.39
9233	2	33.46	30.39
9233	3	25.97	22.64
9233	4	25.97	22.64
9233	5	25.97	21.37
9234	0	21.67	15.7
9234	1	21.67	30.39
9234	2	21.67	30.39
9234	3	21.67	22.64
9234	4	21.67	22.64
9234	5	21.67	15.7
9235	0	26.84	21.51
9235	1	54.35	21.51
9235	2	33.46	21.51
9235	3	26.11	21.51
9235	4	26.11	22.64
9235	5	26.11	21.37
9236	0	25.42	23.62
9236	1	21.07	30.39
9236	2	21.07	23.62
9236	3	28.41	23.62
9236	4	28.41	23.62
9236	5	28.41	21.37
9239	0	28.47	23.37
9239	1	28.47	30.39
9239	2	33.46	23.37
9239	3	28.47	23.37
9239	4	25.97	23.37
9239	5	25.97	21.37
9241	0	27.89	37.36
9241	1	27.89	37.36
9241	2	33.46	37.36
9241	3	46.82	37.36
9241	4	22.77	37.36
9241	5	26.82	37.36
9242	0	27.35	37.36
9242	1	27.35	37.36
9242	2	33.46	37.36
9242	3	46.82	37.36
9242	4	22.77	37.36
9242	5	26.82	37.36
9244	0	49.61	37.58
9244	1	49.61	37.58
9244	2	49.61	37.58
9244	3	49.61	37.58
9244	4	49.61	37.58
9244	5	49.61	37.58
9249	0	49.61	37.36
9249	1	49.61	37.36
9249	2	49.61	37.36
9249	3	49.61	37.36
9249	4	49.61	37.36
9249	5	49.61	37.36
9251	0	23.12	29.65
9251	1	23.12	29.65
9251	2	23.12	29.65
9251	3	23.12	29.65
9251	4	23.12	29.65
9251	5	23.12	29.65
9259	0	23.12	29.65
9259	1	23.12	29.65
9259	2	23.12	29.65
9259	3	23.12	29.65
9259	4	23.12	29.65
9259	5	23.12	29.65
9260	0	28.49	27.6
9260	1	54.35	27.6
9260	2	33.46	27.6
9260	3	38.2	27.6
9260	4	26.73	27.6
9260	5	28.49	27.6
9271	0	38.09	22.84
9271	1	38.09	22.84
9271	2	38.09	22.84
9271	3	38.09	22.84
9271	4	38.09	22.84
9271	5	38.09	22.84
9272	0	20.46	29.22
9272	1	20.46	29.22
9272	2	20.46	29.22
9272	3	20.46	29.22
9272	4	20.46	29.22
9272	5	20.46	29.22
9273	0	34.18	29.15
9273	1	34.18	29.15
9273	2	34.18	29.15
9273	3	34.18	29.15
9273	4	34.18	29.15
9273	5	34.18	29.15
9274	0	37.32	34.08
9274	1	37.32	34.08
9274	2	37.32	34.08
9274	3	37.32	34.08
9274	4	37.32	34.08
9274	5	37.32	34.08
9275	0	39.02	41.83
9275	1	39.02	41.83
9275	2	39.02	41.83
9275	3	39.02	41.83
9275	4	39.02	41.83
9275	5	39.02	41.83
9279	0	18.4	22.84
9279	1	18.4	22.84
9279	2	18.4	22.84
9279	3	18.4	22.84
9279	4	18.4	22.84
9279	5	18.4	22.84
