isco08	es	gb_csm	gb_csf
110	0	72.7	57.21
110	1	72.7	57.21
110	2	72.7	57.21
110	3	72.7	57.21
110	4	72.7	57.21
110	5	72.7	57.21
210	0	47.2	48.23
210	1	47.2	48.23
210	2	47.2	48.23
210	3	47.2	48.23
210	4	47.2	48.23
210	5	47.2	48.23
310	0	47.2	48.23
310	1	47.2	48.23
310	2	47.2	48.23
310	3	47.2	48.23
310	4	47.2	48.23
310	5	47.2	48.23
1111	0	73.5	75.52
1111	1	73.5	75.52
1111	2	73.5	75.52
1111	3	73.5	75.52
1111	4	73.5	75.52
1111	5	73.5	75.52
1112	0	73.5	75.52
1112	1	73.5	75.52
1112	2	73.5	75.52
1112	3	73.5	75.52
1112	4	73.5	75.52
1112	5	73.5	75.52
1113	0	73.5	75.52
1113	1	73.5	75.52
1113	2	73.5	75.52
1113	3	73.5	75.52
1113	4	73.5	75.52
1113	5	73.5	75.52
1114	0	73.5	75.52
1114	1	73.5	75.52
1114	2	73.5	75.52
1114	3	73.5	75.52
1114	4	73.5	75.52
1114	5	73.5	75.52
1120	0	73.5	75.52
1120	1	73.5	75.52
1120	2	73.5	75.52
1120	3	73.5	75.52
1120	4	73.5	75.52
1120	5	73.5	75.52
1211	0	61.38	69.41
1211	1	62.67	69.39
1211	2	59.53	69.35
1211	3	62.16	69.34
1211	4	61.22	69.44
1211	5	55.71	69.47
1212	0	61.58	72.27
1212	1	60.86	72.27
1212	2	60.82	72.27
1212	3	61.68	72.27
1212	4	61.68	72.27
1212	5	61.68	72.27
1213	0	69.65	72.34
1213	1	60.86	72.34
1213	2	60.82	72.34
1213	3	69.65	72.34
1213	4	68.23	72.34
1213	5	69.65	72.34
1221	0	67.92	73.79
1221	1	58.64	73.79
1221	2	67.25	73.79
1221	3	67.92	73.79
1221	4	67.92	73.79
1221	5	67.92	73.79
1222	0	66.96	90.28
1222	1	58.64	90.28
1222	2	67.25	90.28
1222	3	67.84	90.28
1222	4	67.84	90.28
1222	5	67.84	90.28
1223	0	77.06	68.37
1223	1	77.06	68.37
1223	2	77.06	68.37
1223	3	77.06	68.37
1223	4	77.06	68.37
1223	5	77.06	68.37
1311	0	49.45	46.63
1311	1	49.47	46.63
1311	2	49.46	46.63
1311	3	49.46	46.63
1311	4	49.44	46.63
1311	5	49.46	46.63
1312	0	49.45	46.63
1312	1	49.47	46.63
1312	2	49.46	46.63
1312	3	49.46	46.63
1312	4	49.44	46.63
1312	5	49.46	46.63
1321	0	56.37	58.83
1321	1	59.69	58.83
1321	2	69.33	58.83
1321	3	56.37	58.83
1321	4	56.37	58.83
1321	5	56.37	58.83
1322	0	49.65	57.83
1322	1	60.96	57.83
1322	2	58.77	57.83
1322	3	48.92	57.83
1322	4	48.92	57.83
1322	5	49.65	57.83
1323	0	57.7	59.45
1323	1	63.67	66.09
1323	2	57.91	67.6
1323	3	57.38	67.3
1323	4	57.36	68.01
1323	5	57.38	67.5
1324	0	53.79	46.41
1324	1	58.13	44.97
1324	2	56.72	45.96
1324	3	53.48	45.66
1324	4	53.38	44.86
1324	5	53.52	46.2
1330	0	67.09	72.34
1330	1	60.86	72.34
1330	2	60.82	72.34
1330	3	67.09	72.34
1330	4	67.09	72.34
1330	5	67.09	72.34
1341	0	61.82	58.97
1341	1	62.28	58.97
1341	2	61.33	58.97
1341	3	61.8	58.97
1341	4	61.8	58.97
1341	5	61.8	58.97
1342	0	63.89	63.07
1342	1	63.89	63.07
1342	2	63.89	63.07
1342	3	63.89	63.07
1342	4	63.89	63.07
1342	5	63.89	63.07
1343	0	50.5	47.17
1343	1	50.5	47.17
1343	2	50.5	47.17
1343	3	50.5	47.17
1343	4	50.5	47.17
1343	5	50.5	47.17
1344	0	56.61	61.45
1344	1	56.61	61.45
1344	2	56.61	61.45
1344	3	56.61	61.45
1344	4	56.61	61.45
1344	5	56.61	61.45
1345	0	74.57	66.12
1345	1	74.57	66.12
1345	2	74.57	66.12
1345	3	74.57	66.12
1345	4	74.57	66.12
1345	5	74.57	66.12
1346	0	65.32	58.78
1346	1	68.12	58.78
1346	2	62.38	58.78
1346	3	65.24	58.78
1346	4	65.24	58.78
1346	5	65.24	58.78
1349	0	60.01	57.21
1349	1	60.01	57.21
1349	2	60.01	57.21
1349	3	60.01	57.21
1349	4	60.01	57.21
1349	5	60.01	57.21
1411	0	39.98	40
1411	1	43.32	41.85
1411	2	53.53	57.55
1411	3	40.04	35.65
1411	4	39.83	35.46
1411	5	40.93	36.19
1412	0	42.46	36.27
1412	1	41.22	40.01
1412	2	44.49	48.07
1412	3	38.43	37.2
1412	4	38.6	37.14
1412	5	38.27	37.26
1420	0	55.51	45.4
1420	1	62.34	52.13
1420	2	64.47	68.51
1420	3	55.51	45.4
1420	4	55.51	45.4
1420	5	55.51	45.4
1431	0	49.51	49.07
1431	1	43.32	41.85
1431	2	53.53	57.55
1431	3	50.03	47.67
1431	4	50.03	47.67
1431	5	50.03	47.67
1439	0	58.85	58.03
1439	1	57.93	58.06
1439	2	64.18	60.84
1439	3	53.4	57.21
1439	4	53.33	57.9
1439	5	52.72	57.4
2111	0	72.66	80.43
2111	1	72.68	80.43
2111	2	72.66	80.43
2111	3	72.71	80.43
2111	4	72.66	80.43
2111	5	72.66	80.43
2112	0	72.75	77.7
2112	1	72.76	77.7
2112	2	72.75	77.7
2112	3	70.98	77.7
2112	4	74.05	77.7
2112	5	74.05	77.7
2113	0	72.93	72.24
2113	1	72.93	72.24
2113	2	72.93	72.24
2113	3	67.52	72.24
2113	4	76.84	72.24
2113	5	76.84	72.24
2114	0	72.66	80.43
2114	1	72.68	80.43
2114	2	72.66	80.43
2114	3	72.71	80.43
2114	4	72.66	80.43
2114	5	72.66	80.43
2120	0	76.88	72.03
2120	1	76.88	72.03
2120	2	76.88	73.42
2120	3	71.92	67.63
2120	4	81.69	73.42
2120	5	81.69	73.42
2131	0	75.22	78.27
2131	1	78.43	79.9
2131	2	73.31	76.86
2131	3	77.24	79.93
2131	4	73.55	77.08
2131	5	73.68	77.19
2132	0	69.54	75.65
2132	1	70.92	76.47
2132	2	68.33	74.95
2132	3	70.99	76.48
2132	4	68.45	75.05
2132	5	68.51	75.11
2133	0	63.85	73.03
2133	1	63.41	73.03
2133	2	63.35	73.03
2133	3	64.74	73.03
2133	4	63.35	73.03
2133	5	63.35	73.03
2141	0	54.88	52.15
2141	1	58.28	52.15
2141	2	52.85	52.15
2141	3	58.28	52.15
2141	4	52.85	52.15
2141	5	52.85	52.15
2142	0	64.1	78.74
2142	1	65.79	78.74
2142	2	62.76	78.74
2142	3	65.79	78.74
2142	4	62.76	78.74
2142	5	62.76	78.74
2143	0	57.27	67.12
2143	1	61.27	67.74
2143	2	55.58	66.98
2143	3	59.7	67.06
2143	4	55.65	66.99
2143	5	55.68	67.03
2144	0	52.81	78.74
2144	1	57.44	78.74
2144	2	49.62	78.74
2144	3	57.44	78.74
2144	4	49.62	78.74
2144	5	49.62	78.74
2145	0	57.27	67.12
2145	1	61.27	67.74
2145	2	55.58	66.98
2145	3	59.7	67.06
2145	4	55.65	66.99
2145	5	55.68	67.03
2146	0	57.27	67.12
2146	1	61.27	67.74
2146	2	55.58	66.98
2146	3	59.7	67.06
2146	4	55.65	66.99
2146	5	55.68	67.03
2149	0	57.28	58.86
2149	1	63.56	61.33
2149	2	57.11	58.28
2149	3	57.27	58.62
2149	4	57.37	58.33
2149	5	57.49	58.5
2151	0	54.63	52.15
2151	1	61.4	52.15
2151	2	51.22	52.15
2151	3	61.4	52.15
2151	4	51.22	52.15
2151	5	51.22	52.15
2152	0	52.03	52.15
2152	1	55.69	52.15
2152	2	50.61	52.15
2152	3	55.69	52.15
2152	4	50.61	52.15
2152	5	50.61	52.15
2153	0	44.35	28.93
2153	1	54.06	28.93
2153	2	43.41	28.93
2153	3	46.78	28.93
2153	4	41.75	28.93
2153	5	42.24	28.93
2161	0	72.01	78.07
2161	1	68.02	78.07
2161	2	71.86	78.07
2161	3	80.51	78.07
2161	4	71.8	78.07
2161	5	71.8	78.07
2162	0	66.77	73.92
2162	1	69.09	76.82
2162	2	67.91	76.82
2162	3	67.88	71.58
2162	4	67	71.58
2162	5	67	71.58
2163	0	68.51	71.67
2163	1	71.12	74.95
2163	2	71.12	74.95
2163	3	68.51	68.98
2163	4	68.51	68.98
2163	5	68.51	68.98
2164	0	61.65	78.07
2164	1	67.6	78.07
2164	2	62.72	78.07
2164	3	52.95	78.07
2164	4	64.17	78.07
2164	5	64.17	78.07
2165	0	68.49	78.07
2165	1	67.6	78.07
2165	2	62.72	78.07
2165	3	74.23	78.07
2165	4	67.29	78.07
2165	5	67.29	78.07
2166	0	63.21	63.73
2166	1	71.12	74.95
2166	2	71.12	74.95
2166	3	63.21	54.72
2166	4	63.21	54.72
2166	5	63.21	54.72
2211	0	73.08	78.89
2211	1	69.58	92.63
2211	2	69.58	92.63
2211	3	73.08	75.58
2211	4	73.08	75.58
2211	5	73.08	75.58
2212	0	73.08	78.89
2212	1	69.58	92.63
2212	2	69.58	92.63
2212	3	73.08	75.58
2212	4	73.08	75.58
2212	5	73.08	75.58
2221	0	49.67	52.62
2221	1	49.67	52.74
2221	2	49.67	52.62
2221	3	58.61	52.74
2221	4	44.36	48.55
2221	5	44.36	52.62
2222	0	58.61	56.23
2222	1	58.61	56.23
2222	2	58.61	56.23
2222	3	58.61	56.23
2222	4	58.61	56.23
2222	5	58.61	56.23
2230	0	65.97	67.25
2230	1	65.75	69.35
2230	2	65.19	69.37
2230	3	66.5	66.74
2230	4	65.4	66.42
2230	5	65.37	66.74
2240	0	65.97	67.25
2240	1	65.75	69.35
2240	2	65.19	69.37
2240	3	66.5	66.74
2240	4	65.4	66.42
2240	5	65.37	66.74
2250	0	78.57	61.21
2250	1	78.57	61.21
2250	2	78.57	61.21
2250	3	78.57	61.21
2250	4	78.57	61.21
2250	5	78.57	61.21
2261	0	80.19	71.23
2261	1	82.48	71.23
2261	2	77.8	71.23
2261	3	77.8	71.23
2261	4	77.8	71.23
2261	5	77.8	71.23
2262	0	58.43	67.82
2262	1	58.43	67.82
2262	2	58.43	67.82
2262	3	58.43	67.82
2262	4	58.43	67.82
2262	5	58.43	67.82
2263	0	64.87	53.07
2263	1	64.87	53.07
2263	2	64.87	53.07
2263	3	64.87	53.07
2263	4	64.87	53.07
2263	5	64.87	53.07
2264	0	72.66	73.29
2264	1	72.66	73.29
2264	2	72.66	73.29
2264	3	72.66	73.29
2264	4	72.66	73.29
2264	5	72.66	73.29
2265	0	65.58	68.3
2265	1	66.1	68.26
2265	2	65.18	68.31
2265	3	65.31	68.29
2265	4	65.31	68.29
2265	5	65.27	68.3
2266	0	72.66	72.82
2266	1	72.66	72.82
2266	2	72.66	72.82
2266	3	72.66	72.82
2266	4	72.66	72.82
2266	5	72.66	72.82
2267	0	42.92	65.44
2267	1	42.92	65.44
2267	2	42.92	65.44
2267	3	42.92	65.44
2267	4	42.92	65.44
2267	5	42.92	65.44
2269	0	67.34	74.44
2269	1	68.67	74.15
2269	2	66.92	74.53
2269	3	67.85	74.33
2269	4	67.85	74.33
2269	5	67.56	74.4
2310	0	80.02	82.32
2310	1	80.02	82.32
2310	2	80.02	82.32
2310	3	80.02	82.32
2310	4	80.02	82.32
2310	5	80.02	82.32
2320	0	70.58	74.85
2320	1	70.58	74.85
2320	2	70.58	74.85
2320	3	70.58	74.85
2320	4	70.58	74.85
2320	5	70.58	74.85
2330	0	73.6	69.93
2330	1	73.6	69.93
2330	2	73.6	69.93
2330	3	73.6	69.93
2330	4	73.6	69.93
2330	5	73.6	69.93
2341	0	74.73	63.47
2341	1	74.73	63.47
2341	2	74.73	63.47
2341	3	74.73	63.47
2341	4	74.73	63.47
2341	5	74.73	63.47
2342	0	74.73	63.47
2342	1	74.73	63.47
2342	2	74.73	63.47
2342	3	74.73	63.47
2342	4	74.73	63.47
2342	5	74.73	63.47
2351	0	78.92	73.53
2351	1	78.92	73.53
2351	2	78.92	73.53
2351	3	78.92	73.53
2351	4	78.92	73.53
2351	5	78.92	73.53
2352	0	61.32	61.08
2352	1	61.32	61.08
2352	2	61.32	61.08
2352	3	61.32	61.08
2352	4	61.32	61.08
2352	5	61.32	61.08
2353	0	67.28	66.09
2353	1	66.04	67.71
2353	2	66.04	67.71
2353	3	67.28	65.48
2353	4	67.28	65.48
2353	5	67.28	65.48
2354	0	67.28	66.09
2354	1	66.04	67.71
2354	2	66.04	67.71
2354	3	67.28	65.48
2354	4	67.28	65.48
2354	5	67.28	65.48
2355	0	58.16	62.41
2355	1	58.16	62.41
2355	2	58.16	62.41
2355	3	58.16	62.41
2355	4	58.16	62.41
2355	5	58.16	62.41
2356	0	67.28	66.09
2356	1	66.04	67.71
2356	2	66.04	67.71
2356	3	67.28	65.48
2356	4	67.28	65.48
2356	5	67.28	65.48
2359	0	70.73	67.34
2359	1	65.76	73.82
2359	2	65.76	73.82
2359	3	70.73	64.9
2359	4	70.73	64.9
2359	5	70.73	64.9
2411	0	66.63	64.8
2411	1	71.36	72.45
2411	2	64.88	64.61
2411	3	63.05	61.72
2411	4	63.58	61.48
2411	5	63.64	61.25
2412	0	64.45	58.55
2412	1	66.4	59.04
2412	2	59.43	63.7
2412	3	64.45	58.55
2412	4	64.45	58.55
2412	5	64.45	58.55
2413	0	65.54	61.68
2413	1	68.88	65.75
2413	2	62.16	64.16
2413	3	63.75	60.13
2413	4	64.01	60.01
2413	5	64.05	59.9
2421	0	69.68	70.7
2421	1	72.1	69.3
2421	2	70.91	66.7
2421	3	69.38	62.94
2421	4	68.3	65.87
2421	5	68.37	66.15
2422	0	73.2	73.41
2422	1	75.27	82.37
2422	2	73.21	72.52
2422	3	71.92	67.63
2422	4	72.12	73.83
2422	5	72.25	73.82
2423	0	59.73	57.46
2423	1	56.48	60.1
2423	2	60.01	57.23
2423	3	60.31	56.99
2423	4	60.28	57.02
2423	5	60.71	56.67
2424	0	57	54.89
2424	1	67.22	61.21
2424	2	67.22	61.21
2424	3	54.73	54.14
2424	4	54.73	54.14
2424	5	54.73	54.14
2431	0	62.79	60.67
2431	1	68.27	61.84
2431	2	69.9	68.6
2431	3	66.79	63.18
2431	4	65.57	62.42
2431	5	66.15	62.78
2432	0	79.96	67.38
2432	1	79.96	67.38
2432	2	79.96	67.38
2432	3	79.96	67.38
2432	4	79.96	67.38
2432	5	79.96	67.38
2433	0	59.61	63.82
2433	1	65.1	69.47
2433	2	65.1	69.47
2433	3	58.65	63.15
2433	4	61.33	63.82
2433	5	61.33	63.82
2434	0	67.45	63.96
2434	1	71.11	66.23
2434	2	71.65	68.48
2434	3	68.47	64.57
2434	4	68.95	64.54
2434	5	69.15	64.66
2511	0	63.39	53.6
2511	1	71.15	53.6
2511	2	59.45	53.6
2511	3	71.15	53.6
2511	4	59.45	53.6
2511	5	59.45	53.6
2512	0	65.54	64.01
2512	1	67.18	64.01
2512	2	77.33	64.01
2512	3	67.18	64.01
2512	4	63.61	64.01
2512	5	63.61	64.01
2513	0	42.84	78.18
2513	1	71.55	78.18
2513	2	83.49	78.18
2513	3	71.55	78.18
2513	4	42.84	78.18
2513	5	42.84	78.18
2514	0	58.46	66.33
2514	1	69.11	66.64
2514	2	70.8	66.87
2514	3	69.12	66.76
2514	4	57.3	66.79
2514	5	57.31	66.82
2519	0	62.08	69.52
2519	1	66.56	70.78
2519	2	62.92	71.7
2519	3	66.61	71.26
2519	4	63.31	71.38
2519	5	63.34	71.5
2521	0	58.46	66.33
2521	1	69.11	66.64
2521	2	70.8	66.87
2521	3	69.12	66.76
2521	4	57.3	66.79
2521	5	57.31	66.82
2522	0	58.46	66.33
2522	1	69.11	66.64
2522	2	70.8	66.87
2522	3	69.12	66.76
2522	4	57.3	66.79
2522	5	57.31	66.82
2523	0	58.46	66.33
2523	1	69.11	66.64
2523	2	70.8	66.87
2523	3	69.12	66.76
2523	4	57.3	66.79
2523	5	57.31	66.82
2529	0	58.46	66.33
2529	1	69.11	66.64
2529	2	70.8	66.87
2529	3	69.12	66.76
2529	4	57.3	66.79
2529	5	57.31	66.82
2611	0	75.36	75.81
2611	1	76.82	80.58
2611	2	79.44	74.47
2611	3	74.99	74.47
2611	4	74.99	74.47
2611	5	74.99	74.47
2612	0	75.36	75.81
2612	1	76.82	80.58
2612	2	79.44	74.47
2612	3	74.99	74.47
2612	4	74.99	74.47
2612	5	74.99	74.47
2619	0	75.36	75.81
2619	1	76.82	80.58
2619	2	79.44	74.47
2619	3	74.99	74.47
2619	4	74.99	74.47
2619	5	74.99	74.47
2621	0	62.08	76.87
2621	1	62.08	76.87
2621	2	62.08	76.87
2621	3	62.08	76.87
2621	4	62.08	76.87
2621	5	62.08	76.87
2622	0	62.08	76.87
2622	1	62.08	76.87
2622	2	62.08	76.87
2622	3	62.08	76.87
2622	4	62.08	76.87
2622	5	62.08	76.87
2631	0	71.82	70.32
2631	1	72.66	71.01
2631	2	70.31	70.49
2631	3	73.99	71.1
2631	4	71.63	70.52
2631	5	70.35	70.48
2632	0	82.5	80.43
2632	1	82.5	80.43
2632	2	77.36	80.43
2632	3	92.04	80.43
2632	4	82.5	80.43
2632	5	77.36	80.43
2633	0	71.82	70.32
2633	1	72.66	71.01
2633	2	70.31	70.49
2633	3	73.99	71.1
2633	4	71.63	70.52
2633	5	70.35	70.48
2634	0	68.67	74.15
2634	1	72.02	73.43
2634	2	69.27	74.02
2634	3	68.71	74.15
2634	4	68.82	74.12
2634	5	68.77	74.13
2635	0	64.64	58.52
2635	1	64.64	62.03
2635	2	63.13	59.33
2635	3	63.71	61.66
2635	4	63.7	59.35
2635	5	63.78	59.21
2636	0	71.49	68.16
2636	1	71.49	68.16
2636	2	71.49	68.16
2636	3	71.49	68.16
2636	4	71.49	68.16
2636	5	71.49	68.16
2641	0	76.19	80.29
2641	1	76.19	80.29
2641	2	76.19	80.29
2641	3	76.19	80.29
2641	4	76.19	80.29
2641	5	76.19	80.29
2642	0	78.46	76.62
2642	1	78.46	76.62
2642	2	78.46	76.62
2642	3	78.46	76.62
2642	4	78.46	76.62
2642	5	78.46	76.62
2643	0	77.32	78.46
2643	1	77.32	78.46
2643	2	77.32	78.46
2643	3	77.32	78.46
2643	4	77.32	78.46
2643	5	77.32	78.46
2651	0	77.44	79.56
2651	1	77.44	79.56
2651	2	77.44	79.56
2651	3	77.44	79.56
2651	4	77.44	79.56
2651	5	77.44	79.56
2652	0	70.73	88.51
2652	1	70.73	88.51
2652	2	70.73	88.51
2652	3	70.73	88.51
2652	4	70.73	88.51
2652	5	70.73	88.51
2653	0	70.5	77.4
2653	1	70.5	77.4
2653	2	70.5	77.4
2653	3	73.31	77.4
2653	4	73.31	77.4
2653	5	73.31	77.4
2654	0	75.65	79.11
2654	1	75.65	79.11
2654	2	75.65	79.11
2654	3	86.91	79.11
2654	4	86.91	79.11
2654	5	86.91	79.11
2655	0	58.16	62.41
2655	1	58.16	62.41
2655	2	58.16	62.41
2655	3	58.16	62.41
2655	4	58.16	62.41
2655	5	58.16	62.41
2656	0	70.5	77.4
2656	1	70.5	77.4
2656	2	70.5	77.4
2656	3	73.31	77.4
2656	4	73.31	77.4
2656	5	73.31	77.4
2659	0	70.5	77.4
2659	1	70.5	77.4
2659	2	70.5	77.4
2659	3	73.31	77.4
2659	4	73.31	77.4
2659	5	73.31	77.4
3111	0	51.91	59.66
3111	1	51.91	59.66
3111	2	51.91	59.66
3111	3	51.91	59.66
3111	4	51.91	59.66
3111	5	51.91	59.66
3112	0	54.17	52.26
3112	1	56.84	50.84
3112	2	54.12	52.29
3112	3	54.09	52.31
3112	4	54.06	52.33
3112	5	54.26	52.22
3113	0	47.87	50.51
3113	1	47.87	50.51
3113	2	47.87	50.51
3113	3	47.87	50.51
3113	4	47.87	50.51
3113	5	47.87	50.51
3114	0	47.87	50.51
3114	1	47.87	50.51
3114	2	47.87	50.51
3114	3	47.87	50.51
3114	4	47.87	50.51
3114	5	47.87	50.51
3115	0	47.84	50.51
3115	1	47.84	50.51
3115	2	47.84	50.51
3115	3	47.84	50.51
3115	4	47.84	50.51
3115	5	47.84	50.51
3116	0	49.31	52.47
3116	1	49.69	52.27
3116	2	49.31	52.5
3116	3	49.3	52.47
3116	4	49.3	52.52
3116	5	49.33	52.51
3117	0	49.31	52.47
3117	1	49.69	52.27
3117	2	49.31	52.5
3117	3	49.3	52.47
3117	4	49.3	52.52
3117	5	49.33	52.51
3118	0	52.15	54.02
3118	1	52.15	54.02
3118	2	52.15	54.02
3118	3	52.15	54.02
3118	4	52.15	54.02
3118	5	52.15	54.02
3119	0	43.36	49.83
3119	1	43.36	49.83
3119	2	43.41	50.02
3119	3	43.35	49.8
3119	4	43.42	50.08
3119	5	43.43	50.12
3121	0	42.49	34.9
3121	1	40.08	34.9
3121	2	43.57	34.9
3121	3	40.08	34.9
3121	4	43.57	34.9
3121	5	43.57	34.9
3122	0	45.56	28.93
3122	1	43.83	28.93
3122	2	46.65	28.93
3122	3	43.83	28.93
3122	4	46.65	28.93
3122	5	46.65	28.93
3123	0	39.41	40.87
3123	1	36.34	40.87
3123	2	40.48	40.87
3123	3	36.34	40.87
3123	4	40.48	40.87
3123	5	40.48	40.87
3131	0	32.13	21.06
3131	1	32.13	21.06
3131	2	30.48	21.06
3131	3	39.9	21.06
3131	4	30.48	21.06
3131	5	30.48	21.06
3132	0	49.05	21.06
3132	1	49.05	21.06
3132	2	50.29	21.06
3132	3	39.9	21.06
3132	4	50.29	21.06
3132	5	50.29	21.06
3133	0	37.19	31.97
3133	1	37.19	31.97
3133	2	37.05	31.97
3133	3	36.73	31.97
3133	4	37.05	31.97
3133	5	37.05	31.97
3134	0	37.19	31.97
3134	1	37.19	31.97
3134	2	37.05	31.97
3134	3	36.73	31.97
3134	4	37.05	31.97
3134	5	37.05	31.97
3135	0	37.19	31.97
3135	1	37.19	31.97
3135	2	37.05	31.97
3135	3	36.73	31.97
3135	4	37.05	31.97
3135	5	37.05	31.97
3139	0	30.39	53.79
3139	1	30.39	53.79
3139	2	30.39	53.79
3139	3	30.39	53.79
3139	4	30.39	53.79
3139	5	30.39	53.79
3141	0	55.63	58.83
3141	1	55.63	58.83
3141	2	55.63	58.83
3141	3	55.63	58.83
3141	4	55.63	58.83
3141	5	55.63	58.83
3142	0	55.63	58.83
3142	1	55.63	58.83
3142	2	55.63	58.83
3142	3	55.63	58.83
3142	4	55.63	58.83
3142	5	55.63	58.83
3143	0	55.63	58.83
3143	1	55.63	58.83
3143	2	55.63	58.83
3143	3	55.63	58.83
3143	4	55.63	58.83
3143	5	55.63	58.83
3151	0	67.76	59.66
3151	1	67.76	59.66
3151	2	67.76	59.66
3151	3	67.76	59.66
3151	4	67.76	59.66
3151	5	67.76	59.66
3152	0	62.96	59.66
3152	1	62.96	59.66
3152	2	62.96	59.66
3152	3	62.96	59.66
3152	4	62.96	59.66
3152	5	62.96	59.66
3153	0	77.37	59.66
3153	1	77.37	59.66
3153	2	77.37	59.66
3153	3	77.37	59.66
3153	4	77.37	59.66
3153	5	77.37	59.66
3154	0	62.96	59.66
3154	1	62.96	59.66
3154	2	62.96	59.66
3154	3	62.96	59.66
3154	4	62.96	59.66
3154	5	62.96	59.66
3155	0	67.76	59.66
3155	1	67.76	59.66
3155	2	67.76	59.66
3155	3	67.76	59.66
3155	4	67.76	59.66
3155	5	67.76	59.66
3211	0	63.96	65.55
3211	1	72.49	50.27
3211	2	72.75	63.96
3211	3	58.18	56.53
3211	4	58.26	56.67
3211	5	57.97	56.19
3212	0	56.94	51.22
3212	1	61.78	44.43
3212	2	64.5	51.11
3212	3	54.22	47.59
3212	4	54.24	47.56
3212	5	54.09	47.29
3213	0	49.91	36.88
3213	1	51.07	38.6
3213	2	56.26	38.25
3213	3	50.27	38.65
3213	4	50.22	38.46
3213	5	50.2	38.4
3214	0	56.94	51.22
3214	1	61.78	44.43
3214	2	64.5	51.11
3214	3	54.22	47.59
3214	4	54.24	47.56
3214	5	54.09	47.29
3221	0	53.24	48.97
3221	1	54.53	48.29
3221	2	55.99	52.87
3221	3	51.9	48.99
3221	4	51.85	49.01
3221	5	51.66	48.59
3222	0	53.24	48.97
3222	1	54.53	48.29
3222	2	55.99	52.87
3222	3	51.9	48.99
3222	4	51.85	49.01
3222	5	51.66	48.59
3230	0	62.35	45.04
3230	1	62.35	61.84
3230	2	73.36	63.69
3230	3	51.34	58.8
3230	4	51.34	58.8
3230	5	51.34	58.8
3240	0	51.21	49.33
3240	1	51.21	49.33
3240	2	51.21	49.33
3240	3	51.21	49.33
3240	4	51.21	49.33
3240	5	51.21	49.33
3251	0	40.83	36.97
3251	1	40.83	36.97
3251	2	40.83	36.97
3251	3	40.83	36.97
3251	4	40.83	36.97
3251	5	40.83	36.97
3252	0	50.81	48.38
3252	1	50.81	48.38
3252	2	50.81	52.84
3252	3	51.01	48.48
3252	4	50.92	48.53
3252	5	50.66	47.95
3253	0	50.81	48.38
3253	1	50.81	48.38
3253	2	50.81	52.84
3253	3	51.01	48.48
3253	4	50.92	48.53
3253	5	50.66	47.95
3254	0	51.34	45.82
3254	1	51.34	45.82
3254	2	51.34	63.69
3254	3	51.34	45.04
3254	4	51.34	45.82
3254	5	51.34	45.04
3255	0	50.81	48.38
3255	1	50.81	48.38
3255	2	50.81	52.84
3255	3	51.01	48.48
3255	4	50.92	48.53
3255	5	50.66	47.95
3256	0	50.81	48.38
3256	1	50.81	48.38
3256	2	50.81	52.84
3256	3	51.01	48.48
3256	4	50.92	48.53
3256	5	50.66	47.95
3257	0	55.16	58.15
3257	1	55.16	58.15
3257	2	55.16	58.15
3257	3	55.16	58.15
3257	4	55.16	58.15
3257	5	55.16	58.15
3258	0	55.92	52.56
3258	1	55.92	52.56
3258	2	55.92	52.56
3258	3	56.72	53.76
3258	4	56.34	53.19
3258	5	55.31	51.65
3259	0	50.81	48.38
3259	1	50.81	48.38
3259	2	50.81	52.84
3259	3	51.01	48.48
3259	4	50.92	48.53
3259	5	50.66	47.95
3311	0	57.48	60.42
3311	1	66.4	60.42
3311	2	59.81	63.7
3311	3	57.48	60.21
3311	4	57.48	60.21
3311	5	57.48	60.21
3312	0	33.97	45.74
3312	1	33.97	45.74
3312	2	33.97	56.59
3312	3	33.97	45.59
3312	4	33.97	45.59
3312	5	33.97	45.59
3313	0	60.6	59.39
3313	1	65.03	60.14
3313	2	59.43	63.7
3313	3	60.71	59.2
3313	4	60.69	59.18
3313	5	60.68	59.18
3314	0	59.58	58.84
3314	1	66.4	63.7
3314	2	59.43	63.7
3314	3	59.46	58.52
3314	4	59.46	58.52
3314	5	59.46	58.52
3315	0	56.29	57.39
3315	1	66.4	57.39
3315	2	59.81	63.7
3315	3	56.29	57.12
3315	4	56.29	57.12
3315	5	56.29	57.12
3321	0	58.68	56.58
3321	1	58.68	56.58
3321	2	58.68	56.58
3321	3	58.68	56.58
3321	4	58.68	56.58
3321	5	58.68	56.58
3322	0	51.55	51.54
3322	1	48.78	69.47
3322	2	48.78	69.47
3322	3	51.55	49.36
3322	4	51.55	49.36
3322	5	51.55	49.36
3323	0	58.39	57.2
3323	1	48.78	69.47
3323	2	48.78	57.2
3323	3	58.91	57.07
3323	4	58.91	57.07
3323	5	58.91	57.07
3324	0	59.45	58.52
3324	1	59.45	58.52
3324	2	59.43	58.52
3324	3	59.46	58.52
3324	4	59.45	58.52
3324	5	59.46	58.52
3331	0	59.08	54.57
3331	1	65.1	69.47
3331	2	65.1	69.47
3331	3	57.42	53.22
3331	4	57.42	53.22
3331	5	57.42	53.22
3332	0	60.05	54.27
3332	1	65.1	69.47
3332	2	65.1	69.47
3332	3	58.79	51.59
3332	4	58.79	51.59
3332	5	58.79	51.59
3333	0	59.08	54.57
3333	1	65.1	69.47
3333	2	65.1	69.47
3333	3	57.42	53.22
3333	4	57.42	53.22
3333	5	57.42	53.22
3334	0	58.11	54.86
3334	1	65.1	69.47
3334	2	65.1	69.47
3334	3	56.05	54.86
3334	4	56.05	54.86
3334	5	56.05	54.86
3339	0	59.08	54.57
3339	1	65.1	69.47
3339	2	65.1	69.47
3339	3	57.42	53.22
3339	4	57.42	53.22
3339	5	57.42	53.22
3341	0	57.95	53.27
3341	1	57.32	50.66
3341	2	57.24	50.48
3341	3	57.15	50.11
3341	4	57.09	49.9
3341	5	57.13	50.03
3342	0	55.6	47.41
3342	1	55.6	47.41
3342	2	55.6	47.41
3342	3	55.6	47.41
3342	4	55.6	47.41
3342	5	55.6	47.41
3343	0	48.32	58.11
3343	1	48.41	57.06
3343	2	46.75	57.96
3343	3	52.21	58.33
3343	4	48.3	58.33
3343	5	46.99	58.33
3344	0	48.27	48.4
3344	1	50.17	47.35
3344	2	48.04	48.53
3344	3	48.47	48.29
3344	4	47.72	48.71
3344	5	47.87	48.62
3351	0	55.55	52.83
3351	1	54.74	53.41
3351	2	54.83	52.42
3351	3	57.22	56.55
3351	4	54.69	52.14
3351	5	54.71	52.13
3352	0	55.55	52.83
3352	1	54.74	53.41
3352	2	54.83	52.42
3352	3	57.22	56.55
3352	4	54.69	52.14
3352	5	54.71	52.13
3353	0	56.07	46.95
3353	1	56.07	48.14
3353	2	56.07	46.95
3353	3	59.54	54.47
3353	4	54.97	46.95
3353	5	54.97	46.95
3354	0	55.55	52.83
3354	1	54.74	53.41
3354	2	54.83	52.42
3354	3	57.22	56.55
3354	4	54.69	52.14
3354	5	54.71	52.13
3355	0	55.22	57.21
3355	1	55.22	57.21
3355	2	55.22	57.21
3355	3	55.22	57.21
3355	4	55.22	57.21
3355	5	55.22	57.21
3359	0	55.36	54.35
3359	1	52.94	54.87
3359	2	53.19	53.09
3359	3	56.89	57.97
3359	4	53.89	52.27
3359	5	53.93	52.22
3411	0	65.74	67.2
3411	1	65.74	67.2
3411	2	65.74	67.2
3411	3	65.74	67.2
3411	4	65.74	67.2
3411	5	65.74	67.2
3412	0	57.85	52.47
3412	1	55.08	49.5
3412	2	55.64	50.2
3412	3	55.5	49.97
3412	4	55.5	49.95
3412	5	55.44	49.86
3413	0	61.8	59.83
3413	1	60.41	58.35
3413	2	60.69	58.7
3413	3	60.62	58.58
3413	4	60.62	58.57
3413	5	60.59	58.53
3421	0	54.08	55.83
3421	1	54.08	55.83
3421	2	54.08	55.83
3421	3	54.08	55.83
3421	4	54.08	55.83
3421	5	54.08	55.83
3422	0	54.08	55.83
3422	1	54.08	55.83
3422	2	54.08	55.83
3422	3	54.08	55.83
3422	4	54.08	55.83
3422	5	54.08	55.83
3423	0	57.68	72.6
3423	1	57.68	72.6
3423	2	57.68	72.6
3423	3	57.68	72.6
3423	4	57.68	72.6
3423	5	57.68	72.6
3431	0	74.22	68.27
3431	1	74.22	68.27
3431	2	74.22	68.27
3431	3	57.65	68.27
3431	4	57.65	68.27
3431	5	57.65	68.27
3432	0	68.51	71.67
3432	1	71.12	74.95
3432	2	71.12	74.95
3432	3	68.51	68.98
3432	4	68.51	68.98
3432	5	68.51	68.98
3433	0	58.96	57.29
3433	1	61.18	60.19
3433	2	61.63	61.22
3433	3	55.24	59.23
3433	4	53.57	57.61
3433	5	51.42	53.87
3434	0	34.15	31.94
3434	1	38.2	37.35
3434	2	39.55	40.43
3434	3	39.55	40.43
3434	4	34.55	35.57
3434	5	28.09	24.37
3435	0	58.96	57.29
3435	1	61.18	60.19
3435	2	61.63	61.22
3435	3	55.24	59.23
3435	4	53.57	57.61
3435	5	51.42	53.87
3511	0	54.03	62.06
3511	1	54.03	62.06
3511	2	54.03	62.06
3511	3	54.03	62.06
3511	4	54.03	62.06
3511	5	54.03	62.06
3512	0	49.81	56.37
3512	1	49.81	56.37
3512	2	49.81	56.37
3512	3	49.81	56.37
3512	4	49.81	56.37
3512	5	49.81	56.37
3513	0	51.92	59.22
3513	1	51.92	59.22
3513	2	51.92	59.22
3513	3	51.92	59.22
3513	4	51.92	59.22
3513	5	51.92	59.22
3514	0	51.92	59.22
3514	1	51.92	59.22
3514	2	51.92	59.22
3514	3	51.92	59.22
3514	4	51.92	59.22
3514	5	51.92	59.22
3521	0	47.2	48.23
3521	1	47.2	48.23
3521	2	47.2	48.23
3521	3	47.2	48.23
3521	4	47.2	48.23
3521	5	47.2	48.23
3522	0	47.2	48.23
3522	1	47.2	48.23
3522	2	47.2	48.23
3522	3	47.2	48.23
3522	4	47.2	48.23
3522	5	47.2	48.23
4110	0	62.52	56.25
4110	1	56.86	53.57
4110	2	57.22	53.53
4110	3	61.69	55.67
4110	4	52.93	52.8
4110	5	53.38	52.97
4120	0	54.33	54.16
4120	1	52.44	53.26
4120	2	52.56	53.25
4120	3	54.05	53.96
4120	4	51.13	53.01
4120	5	51.28	53.06
4131	0	50.23	53.11
4131	1	50.23	53.11
4131	2	50.23	53.11
4131	3	50.23	53.11
4131	4	50.23	53.11
4131	5	50.23	53.11
4132	0	50.23	53.11
4132	1	50.23	53.11
4132	2	50.23	53.11
4132	3	50.23	53.11
4132	4	50.23	53.11
4132	5	50.23	53.11
4211	0	52.9	50.2
4211	1	56.5	52.82
4211	2	56.19	52.66
4211	3	52.37	50.18
4211	4	52.42	50.2
4211	5	52.42	50.2
4212	0	41.54	40.6
4212	1	41.54	40.6
4212	2	41.54	40.6
4212	3	41.54	40.6
4212	4	41.54	40.6
4212	5	41.54	40.6
4213	0	45.81	43.93
4213	1	47.01	44.81
4213	2	46.08	47.83
4213	3	45.86	42.68
4213	4	45.87	42.69
4213	5	45.87	42.69
4214	0	43	41
4214	1	43	41
4214	2	40.5	50.24
4214	3	43.66	37.27
4214	4	43.66	37.27
4214	5	43.66	37.27
4221	0	58.08	45.06
4221	1	58.08	45.06
4221	2	58.08	45.06
4221	3	58.08	45.06
4221	4	58.08	45.06
4221	5	58.08	45.06
4222	0	39.85	42.5
4222	1	39.85	42.5
4222	2	39.85	42.5
4222	3	39.85	42.5
4222	4	39.85	42.5
4222	5	39.85	42.5
4223	0	54.14	55.08
4223	1	54.14	55.08
4223	2	54.14	55.08
4223	3	54.14	55.08
4223	4	54.14	55.08
4223	5	54.14	55.08
4224	0	49.17	45.55
4224	1	50.27	45.58
4224	2	48.89	45.55
4224	3	52.08	46.49
4224	4	48.89	45.55
4224	5	48.89	45.55
4225	0	47.47	40.16
4225	1	56.37	40.35
4225	2	46.67	40.16
4225	3	56.37	46.72
4225	4	46.67	40.16
4225	5	46.67	40.16
4226	0	44.15	45.74
4226	1	42.97	45.74
4226	2	42.97	45.74
4226	3	55.6	45.74
4226	4	42.97	45.74
4226	5	42.97	45.74
4227	0	46.67	40.16
4227	1	46.67	40.16
4227	2	46.67	40.16
4227	3	46.67	40.16
4227	4	46.67	40.16
4227	5	46.67	40.16
4229	0	53.83	50.18
4229	1	53.83	50.18
4229	2	53.83	50.18
4229	3	53.83	50.18
4229	4	53.83	50.18
4229	5	53.83	50.18
4311	0	55.13	48.42
4311	1	63.9	57.02
4311	2	63.89	56.94
4311	3	58.74	54
4311	4	58.51	53.63
4311	5	58.66	53.87
4312	0	59.14	47.24
4312	1	59.14	47.24
4312	2	59.14	47.24
4312	3	59.14	47.24
4312	4	59.14	47.24
4312	5	59.14	47.24
4313	0	57.13	47.83
4313	1	61.52	52.13
4313	2	61.52	52.09
4313	3	58.94	50.62
4313	4	58.82	50.44
4313	5	58.9	50.56
4321	0	35.4	42.26
4321	1	35.4	42.26
4321	2	35.4	42.26
4321	3	35.4	42.26
4321	4	35.4	42.26
4321	5	35.4	42.26
4322	0	36.87	43.1
4322	1	36.87	43.1
4322	2	36.87	43.1
4322	3	36.87	43.1
4322	4	36.87	43.1
4322	5	36.87	43.1
4323	0	38.34	43.94
4323	1	38.34	43.94
4323	2	38.34	43.94
4323	3	38.34	43.94
4323	4	38.34	43.94
4323	5	38.34	43.94
4411	0	53.83	50.18
4411	1	53.83	50.18
4411	2	53.83	50.18
4411	3	53.83	50.18
4411	4	53.83	50.18
4411	5	53.83	50.18
4412	0	39.41	33.28
4412	1	39.41	33.28
4412	2	39.41	33.28
4412	3	39.41	33.28
4412	4	39.41	33.28
4412	5	39.41	33.28
4413	0	48.28	46.04
4413	1	50.67	46.94
4413	2	48.28	46.04
4413	3	50.67	46.94
4413	4	48.28	46.04
4413	5	48.28	46.04
4414	0	48.28	46.04
4414	1	50.67	46.94
4414	2	48.28	46.04
4414	3	50.67	46.94
4414	4	48.28	46.04
4414	5	48.28	46.04
4415	0	48.28	46.04
4415	1	50.67	46.94
4415	2	48.28	46.04
4415	3	50.67	46.94
4415	4	48.28	46.04
4415	5	48.28	46.04
4416	0	53.83	50.18
4416	1	53.83	50.18
4416	2	53.83	50.18
4416	3	53.83	50.18
4416	4	53.83	50.18
4416	5	53.83	50.18
4419	0	46.04	50.54
4419	1	55.6	54.12
4419	2	46.04	50.54
4419	3	55.6	54.12
4419	4	46.04	50.54
4419	5	46.04	50.54
5111	0	36.2	42.97
5111	1	36.2	42.97
5111	2	36.2	42.97
5111	3	36.2	42.97
5111	4	36.2	42.97
5111	5	36.2	42.97
5112	0	30.17	33.65
5112	1	30.17	33.65
5112	2	30.17	33.65
5112	3	30.17	33.65
5112	4	30.17	33.65
5112	5	30.17	33.65
5113	0	40.31	33.65
5113	1	40.31	33.65
5113	2	40.31	33.65
5113	3	40.31	33.65
5113	4	40.31	33.65
5113	5	40.31	33.65
5120	0	31.82	29.45
5120	1	38.2	37.35
5120	2	39.55	40.43
5120	3	39.55	40.43
5120	4	34.55	35.57
5120	5	28.09	24.37
5131	0	34.18	29.15
5131	1	34.18	29.15
5131	2	34.18	29.15
5131	3	34.18	29.15
5131	4	34.18	29.15
5131	5	34.18	29.15
5132	0	37.32	34.08
5132	1	37.32	34.08
5132	2	37.32	34.08
5132	3	37.32	34.08
5132	4	37.32	34.08
5132	5	37.32	34.08
5141	0	52.55	41.22
5141	1	56.14	41.22
5141	2	56.14	41.22
5141	3	56.14	41.22
5141	4	43.09	33.27
5141	5	43.09	33.27
5142	0	51.79	43.11
5142	1	56.14	48.29
5142	2	56.14	48.29
5142	3	51.79	48.29
5142	4	51.79	34.7
5142	5	43.09	34.7
5151	0	33.75	27.99
5151	1	33.75	27.99
5151	2	33.75	27.99
5151	3	33.75	27.99
5151	4	33.75	27.99
5151	5	33.75	27.99
5152	0	38.06	33.66
5152	1	38.06	33.66
5152	2	38.06	33.66
5152	3	38.06	33.66
5152	4	38.06	33.66
5152	5	38.06	33.66
5153	0	38.06	29.62
5153	1	38.06	29.62
5153	2	38.06	29.62
5153	3	38.06	29.62
5153	4	38.06	29.62
5153	5	38.06	29.62
5161	0	50.62	40.76
5161	1	46.77	40.76
5161	2	50.71	40.76
5161	3	50.62	40.76
5161	4	50.71	40.76
5161	5	50.71	40.76
5162	0	50.62	40.76
5162	1	46.77	40.76
5162	2	50.71	40.76
5162	3	50.62	40.76
5162	4	50.71	40.76
5162	5	50.71	40.76
5163	0	42.96	40.46
5163	1	42.96	40.46
5163	2	42.96	40.46
5163	3	42.96	40.46
5163	4	42.96	40.46
5163	5	42.96	40.46
5164	0	51.21	49.33
5164	1	51.21	49.33
5164	2	51.21	49.33
5164	3	51.21	49.33
5164	4	51.21	49.33
5164	5	51.21	49.33
5165	0	57.68	32.49
5165	1	46.13	32.49
5165	2	57.95	32.49
5165	3	57.68	32.49
5165	4	57.95	32.49
5165	5	57.95	32.49
5169	0	50.62	40.76
5169	1	46.77	40.76
5169	2	50.71	40.76
5169	3	50.62	40.76
5169	4	50.71	40.76
5169	5	50.71	40.76
5211	0	40.78	47.35
5211	1	40.5	50.24
5211	2	40.5	50.24
5211	3	42.27	49.59
5211	4	40.78	49.59
5211	5	42.27	47.35
5212	0	40.78	47.35
5212	1	40.5	50.24
5212	2	40.5	50.24
5212	3	42.27	49.59
5212	4	40.78	49.59
5212	5	42.27	47.35
5221	0	46.38	54.57
5221	1	43.88	50.62
5221	2	55.69	56.45
5221	3	46.38	54.57
5221	4	46.38	54.57
5221	5	46.38	54.57
5222	0	29.11	37.93
5222	1	29.11	37.93
5222	2	29.11	37.93
5222	3	29.11	37.93
5222	4	29.11	37.93
5222	5	29.11	37.93
5223	0	43.4	34.86
5223	1	45.43	42.79
5223	2	43.97	38.1
5223	3	46.66	40.63
5223	4	43.51	37.46
5223	5	43.54	37.7
5230	0	22.89	28.33
5230	1	22.89	28.4
5230	2	21.47	28.33
5230	3	45.23	38.87
5230	4	21.47	28.33
5230	5	21.47	28.33
5241	0	41.52	45.84
5241	1	40.91	45.89
5241	2	40.56	46.77
5241	3	43.43	43.41
5241	4	41.69	45.25
5241	5	41.67	44.04
5242	0	42.64	48.1
5242	1	40.68	50
5242	2	40.5	50.24
5242	3	42.65	47.35
5242	4	42.65	47.35
5242	5	42.65	47.35
5243	0	42.38	48.76
5243	1	41.72	50.24
5243	2	40.5	50.24
5243	3	43	42.98
5243	4	43.04	47.05
5243	5	42.98	42.21
5244	0	38.21	42.07
5244	1	38.4	38.87
5244	2	38.4	42.16
5244	3	45.23	38.87
5244	4	38.21	42.16
5244	5	38.21	42.16
5245	0	41.52	45.84
5245	1	40.91	45.89
5245	2	40.56	46.77
5245	3	43.43	43.41
5245	4	41.69	45.25
5245	5	41.67	44.04
5246	0	41.52	45.84
5246	1	40.91	45.89
5246	2	40.56	46.77
5246	3	43.43	43.41
5246	4	41.69	45.25
5246	5	41.67	44.04
5249	0	42.85	44.44
5249	1	42.85	44.44
5249	2	42.85	44.44
5249	3	42.85	44.44
5249	4	42.85	44.44
5249	5	42.85	44.44
5311	0	55.1	53.06
5311	1	55.1	53.07
5311	2	55.1	53.15
5311	3	55.1	53.07
5311	4	55.1	53.04
5311	5	55.1	53.07
5312	0	55.1	51.39
5312	1	55.1	45.94
5312	2	55.1	48.92
5312	3	55.1	47.78
5312	4	55.1	47.76
5312	5	55.1	49.36
5321	0	40.83	36.97
5321	1	40.83	36.97
5321	2	40.83	36.97
5321	3	40.83	36.97
5321	4	40.83	36.97
5321	5	40.83	36.97
5322	0	46	30.76
5322	1	45.72	30.62
5322	2	43.37	29.49
5322	3	45.82	30.67
5322	4	45.7	30.61
5322	5	45.4	30.47
5329	0	43.09	34.91
5329	1	43.09	34.3
5329	2	43.09	33.55
5329	3	43.09	32.78
5329	4	43.09	34
5329	5	43.09	34.06
5411	0	57.78	48.23
5411	1	57.78	48.23
5411	2	57.78	48.23
5411	3	57.78	48.23
5411	4	57.78	48.23
5411	5	57.78	48.23
5412	0	52.99	46.14
5412	1	52.99	46.14
5412	2	52.99	46.14
5412	3	56.94	47.22
5412	4	55.69	46.87
5412	5	54.65	46.59
5413	0	45.78	44.04
5413	1	45.78	44.04
5413	2	45.78	44.04
5413	3	45.78	44.04
5413	4	45.78	44.04
5413	5	45.78	44.04
5414	0	27.89	37.36
5414	1	27.89	37.36
5414	2	33.46	37.36
5414	3	46.82	37.36
5414	4	22.77	37.36
5414	5	26.82	37.36
5419	0	43.22	41.75
5419	1	41.87	40.82
5419	2	43.38	41.86
5419	3	43.57	41.98
5419	4	43.51	41.94
5419	5	43.33	41.82
6111	0	48.07	59.52
6111	1	59.42	64.82
6111	2	48.52	66.24
6111	3	38.61	65.81
6111	4	38.6	66.72
6111	5	38.59	66.54
6112	0	48.07	59.52
6112	1	59.42	64.82
6112	2	48.52	66.24
6112	3	38.61	65.81
6112	4	38.6	66.72
6112	5	38.59	66.54
6113	0	48.07	59.52
6113	1	59.42	64.82
6113	2	48.52	66.24
6113	3	38.61	65.81
6113	4	38.6	66.72
6113	5	38.59	66.54
6121	0	51.15	39.93
6121	1	55.43	39.93
6121	2	51.15	39.93
6121	3	51.15	39.93
6121	4	51.15	39.93
6121	5	51.15	39.93
6122	0	51.15	39.93
6122	1	55.43	39.93
6122	2	51.15	39.93
6122	3	51.15	39.93
6122	4	51.15	39.93
6122	5	51.15	39.93
6123	0	51.15	39.93
6123	1	55.43	39.93
6123	2	51.15	39.93
6123	3	51.15	39.93
6123	4	51.15	39.93
6123	5	51.15	39.93
6129	0	51.15	39.93
6129	1	55.43	39.93
6129	2	51.15	39.93
6129	3	51.15	39.93
6129	4	51.15	39.93
6129	5	51.15	39.93
6130	0	49.83	48.32
6130	1	57.14	50.6
6130	2	50.02	51.21
6130	3	45.78	51.02
6130	4	45.77	51.41
6130	5	45.77	51.33
6210	0	38.97	61.88
6210	1	45.15	62.61
6210	2	45.15	62.64
6210	3	32.36	62.6
6210	4	32.04	62.11
6210	5	31.39	61.12
6221	0	38.97	61.88
6221	1	45.15	62.61
6221	2	45.15	62.64
6221	3	32.36	62.6
6221	4	32.04	62.11
6221	5	31.39	61.12
6222	0	38.97	61.88
6222	1	45.15	62.61
6222	2	45.15	62.64
6222	3	32.36	62.6
6222	4	32.04	62.11
6222	5	31.39	61.12
6223	0	38.97	61.88
6223	1	45.15	62.61
6223	2	45.15	62.64
6223	3	32.36	62.6
6223	4	32.04	62.11
6223	5	31.39	61.12
6224	0	38.97	61.88
6224	1	45.15	62.61
6224	2	45.15	62.64
6224	3	32.36	62.6
6224	4	32.04	62.11
6224	5	31.39	61.12
6310	0	45.65	53.54
6310	1	52.53	55.22
6310	2	48.15	55.6
6310	3	40.62	55.48
6310	4	40.49	55.53
6310	5	40.24	55.1
6320	0	45.65	53.54
6320	1	52.53	55.22
6320	2	48.15	55.6
6320	3	40.62	55.48
6320	4	40.49	55.53
6320	5	40.24	55.1
6330	0	45.65	53.54
6330	1	52.53	55.22
6330	2	48.15	55.6
6330	3	40.62	55.48
6330	4	40.49	55.53
6330	5	40.24	55.1
6340	0	45.65	53.54
6340	1	52.53	55.22
6340	2	48.15	55.6
6340	3	40.62	55.48
6340	4	40.49	55.53
6340	5	40.24	55.1
7111	0	27.19	40.87
7111	1	43.87	40.87
7111	2	42.67	40.87
7111	3	56.12	40.87
7111	4	56.12	40.87
7111	5	27.19	40.87
7112	0	40.48	40.87
7112	1	43.87	40.87
7112	2	42.37	40.87
7112	3	36.36	40.87
7112	4	36.36	40.87
7112	5	36.36	40.87
7113	0	33.86	38.78
7113	1	47.26	38.78
7113	2	38.69	38.78
7113	3	46.03	38.78
7113	4	42.71	38.78
7113	5	32.15	38.78
7114	0	33.86	38.78
7114	1	47.26	38.78
7114	2	38.69	38.78
7114	3	46.03	38.78
7114	4	42.71	38.78
7114	5	32.15	38.78
7115	0	38.42	40.87
7115	1	46.97	40.87
7115	2	43.08	40.87
7115	3	51.75	40.87
7115	4	51.75	40.87
7115	5	38.42	40.87
7119	0	29.36	32.5
7119	1	54.35	32.5
7119	2	26.62	32.5
7119	3	39.9	32.5
7119	4	26.62	32.5
7119	5	26.62	32.5
7121	0	43.47	40.87
7121	1	43.87	40.87
7121	2	38.41	40.87
7121	3	51.77	40.87
7121	4	51.77	40.87
7121	5	51.77	40.87
7122	0	45.67	40.87
7122	1	43.87	40.87
7122	2	46.49	40.87
7122	3	43.93	40.87
7122	4	43.93	40.87
7122	5	43.93	40.87
7123	0	37.58	40.87
7123	1	43.87	40.87
7123	2	39.91	40.87
7123	3	30.42	40.87
7123	4	30.42	40.87
7123	5	30.42	40.87
7124	0	40.89	37.88
7124	1	45.45	38.74
7124	2	41.08	38.17
7124	3	40.49	38.24
7124	4	40.49	38.05
7124	5	39.94	38.12
7125	0	32.5	40.87
7125	1	43.87	40.87
7125	2	36.11	40.87
7125	3	29.8	40.87
7125	4	29.8	40.87
7125	5	29.8	40.87
7126	0	42.73	34.9
7126	1	46.59	40.01
7126	2	43.69	36.62
7126	3	43.68	37.05
7126	4	43.69	35.91
7126	5	40.37	36.29
7127	0	43.39	28.93
7127	1	50.64	28.93
7127	2	41.86	28.93
7127	3	43.33	28.93
7127	4	43.33	28.93
7127	5	43.33	28.93
7131	0	40.93	40.87
7131	1	43.87	40.87
7131	2	40.93	40.87
7131	3	35.47	40.87
7131	4	35.47	40.87
7131	5	35.47	40.87
7132	0	36.43	28.93
7132	1	50.64	28.93
7132	2	35.77	28.93
7132	3	43	28.93
7132	4	37.87	28.93
7132	5	35.31	28.93
7133	0	38.68	34.9
7133	1	47.25	34.9
7133	2	38.35	34.9
7133	3	39.24	34.9
7133	4	36.67	34.9
7133	5	35.39	34.9
7211	0	39.68	28.93
7211	1	39.68	28.93
7211	2	39.68	28.93
7211	3	39.68	28.93
7211	4	39.68	28.93
7211	5	39.68	28.93
7212	0	34.71	28.93
7212	1	34.71	28.93
7212	2	34.71	28.93
7212	3	34.71	28.93
7212	4	34.71	28.93
7212	5	34.71	28.93
7213	0	39.32	28.93
7213	1	45.11	28.93
7213	2	37.14	28.93
7213	3	41.29	28.93
7213	4	38.76	28.93
7213	5	39.47	28.93
7214	0	38.66	39.16
7214	1	43.13	39.9
7214	2	42.17	40.12
7214	3	35.2	29.95
7214	4	36.72	34.13
7214	5	36.7	34.08
7215	0	38.09	31.49
7215	1	40.66	31.67
7215	2	38.43	31.73
7215	3	37.72	29.19
7215	4	37.47	30.23
7215	5	37.64	30.22
7221	0	39.68	28.93
7221	1	39.68	28.93
7221	2	39.68	28.93
7221	3	39.68	28.93
7221	4	39.68	28.93
7221	5	39.68	28.93
7222	0	33.03	28.93
7222	1	33.03	28.93
7222	2	41.86	28.93
7222	3	32.89	28.93
7222	4	32.89	28.93
7222	5	32.89	28.93
7223	0	31.28	24.99
7223	1	52.31	25.39
7223	2	35.4	24.46
7223	3	34.81	25.9
7223	4	31.09	25.27
7223	5	31.06	25.09
7224	0	34.67	27.62
7224	1	41.67	27.75
7224	2	38.98	27.44
7224	3	35.79	27.92
7224	4	34.55	27.71
7224	5	34.54	27.65
7231	0	38.63	29.16
7231	1	49.94	29.05
7231	2	34.33	29.77
7231	3	42.29	29.74
7231	4	36.11	29.64
7231	5	36.76	29.75
7232	0	40.1	28.93
7232	1	40.1	28.93
7232	2	40.1	28.93
7232	3	40.1	28.93
7232	4	40.1	28.93
7232	5	40.1	28.93
7233	0	37.43	28.93
7233	1	50.08	28.93
7233	2	41.26	28.93
7233	3	41.53	28.93
7233	4	38.08	28.93
7233	5	38.23	28.93
7234	0	38.72	29.01
7234	1	46.7	28.97
7234	2	38.56	29.21
7234	3	41.31	29.2
7234	4	38.1	29.17
7234	5	38.37	29.2
7311	0	42.34	28.93
7311	1	50.64	28.93
7311	2	41.86	28.93
7311	3	42.41	28.93
7311	4	42.41	28.93
7311	5	42.41	28.93
7312	0	47.91	41.29
7312	1	53.86	48.72
7312	2	51.66	52.77
7312	3	46.58	44.47
7312	4	44.03	41.29
7312	5	44.03	37.91
7313	0	47.91	41.29
7313	1	53.86	48.72
7313	2	51.66	52.77
7313	3	46.58	44.47
7313	4	44.03	41.29
7313	5	44.03	37.91
7314	0	57.68	49.77
7314	1	63.04	49.77
7314	2	63.04	65.98
7314	3	57.68	49.77
7314	4	47.5	49.77
7314	5	47.5	36.26
7315	0	47.91	41.29
7315	1	53.86	48.72
7315	2	51.66	52.77
7315	3	46.58	44.47
7315	4	44.03	41.29
7315	5	44.03	37.91
7316	0	52.92	36.26
7316	1	63.04	65.98
7316	2	63.04	65.98
7316	3	47.5	49
7316	4	47.5	36.26
7316	5	47.5	36.26
7317	0	47.91	41.29
7317	1	53.86	48.72
7317	2	51.66	52.77
7317	3	46.58	44.47
7317	4	44.03	41.29
7317	5	44.03	37.91
7318	0	38.71	50.19
7318	1	38.71	50.19
7318	2	38.71	50.19
7318	3	38.71	50.19
7318	4	38.71	50.19
7318	5	38.71	50.19
7319	0	47.91	41.29
7319	1	53.86	48.72
7319	2	51.66	52.77
7319	3	46.58	44.47
7319	4	44.03	41.29
7319	5	44.03	37.91
7321	0	41.95	37.23
7321	1	41.95	37.23
7321	2	41.95	37.23
7321	3	49.05	37.23
7321	4	40.18	37.23
7321	5	40.18	37.23
7322	0	37.41	29.15
7322	1	45.58	31.07
7322	2	37.25	31.69
7322	3	45.38	30.74
7322	4	36.68	30.63
7322	5	36.5	30.27
7323	0	39.18	37.23
7323	1	38.83	37.23
7323	2	39.18	37.23
7323	3	49.05	37.23
7323	4	38.83	37.23
7323	5	38.83	37.23
7411	0	39.4	28.93
7411	1	61.46	28.93
7411	2	42.73	28.93
7411	3	51.44	28.93
7411	4	43.54	28.93
7411	5	39.4	28.93
7412	0	39.4	28.93
7412	1	61.46	28.93
7412	2	42.73	28.93
7412	3	51.44	28.93
7412	4	43.54	28.93
7412	5	39.4	28.93
7413	0	39.4	28.93
7413	1	61.46	28.93
7413	2	42.73	28.93
7413	3	51.44	28.93
7413	4	43.54	28.93
7413	5	39.4	28.93
7421	0	44.6	28.93
7421	1	51.65	28.93
7421	2	43.74	28.93
7421	3	44.11	28.93
7421	4	41.38	28.93
7421	5	43.02	28.93
7422	0	56.98	28.93
7422	1	56.98	28.93
7422	2	58.28	28.93
7422	3	51.44	28.93
7422	4	43.54	28.93
7422	5	58.28	28.93
7511	0	27.19	32.03
7511	1	37.33	36.19
7511	2	25.41	38.51
7511	3	26.36	34.57
7511	4	26.44	33.71
7511	5	26.63	33.24
7512	0	25.43	39.96
7512	1	38.2	37.35
7512	2	25.43	40.47
7512	3	25.43	40.47
7512	4	25.43	40.47
7512	5	25.43	40.47
7513	0	26.31	35.99
7513	1	37.76	36.77
7513	2	25.42	39.49
7513	3	25.9	37.52
7513	4	25.94	37.09
7513	5	26.03	36.85
7514	0	26.31	35.99
7514	1	37.76	36.77
7514	2	25.42	39.49
7514	3	25.9	37.52
7514	4	25.94	37.09
7514	5	26.03	36.85
7515	0	26.31	35.99
7515	1	37.76	36.77
7515	2	25.42	39.49
7515	3	25.9	37.52
7515	4	25.94	37.09
7515	5	26.03	36.85
7516	0	26.31	35.99
7516	1	37.76	36.77
7516	2	25.42	39.49
7516	3	25.9	37.52
7516	4	25.94	37.09
7516	5	26.03	36.85
7521	0	34.6	38.56
7521	1	38.53	43.52
7521	2	38.21	43.52
7521	3	37.68	38.56
7521	4	29.25	28.66
7521	5	29.25	28.66
7522	0	45.52	56.07
7522	1	53.38	65.98
7522	2	53.38	65.98
7522	3	35.45	56.07
7522	4	35.45	36.26
7522	5	35.45	36.26
7523	0	23.67	21.06
7523	1	23.67	21.06
7523	2	23.04	21.06
7523	3	39.9	21.06
7523	4	23.04	21.06
7523	5	23.04	21.06
7531	0	40.92	47.12
7531	1	40.92	47.12
7531	2	45.33	50.19
7531	3	38.71	47.12
7531	4	40.92	43.53
7531	5	38.71	43.53
7532	0	41.32	46.63
7532	1	44.23	47.79
7532	2	45.33	50.19
7532	3	39.38	45.38
7532	4	39.26	44.98
7532	5	38.71	43.53
7533	0	40.92	45.53
7533	1	45.33	50.19
7533	2	45.33	50.19
7533	3	38.71	43.53
7533	4	38.71	45.53
7533	5	38.71	43.53
7534	0	41.41	46.53
7534	1	45.33	46.53
7534	2	45.33	50.19
7534	3	41.41	43.53
7534	4	38.71	43.53
7534	5	38.71	43.53
7535	0	41.32	46.63
7535	1	44.23	47.79
7535	2	45.33	50.19
7535	3	39.38	45.38
7535	4	39.26	44.98
7535	5	38.71	43.53
7536	0	42.02	47.34
7536	1	45.33	47.34
7536	2	45.33	50.19
7536	3	38.71	47.34
7536	4	38.71	47.34
7536	5	38.71	43.53
7541	0	44.52	37.82
7541	1	50.13	47.73
7541	2	43.91	47.73
7541	3	46.49	37.82
7541	4	46.67	37.82
7541	5	43.91	37.82
7542	0	44.52	37.82
7542	1	50.13	47.73
7542	2	43.91	47.73
7542	3	46.49	37.82
7542	4	46.67	37.82
7542	5	43.91	37.82
7543	0	34.84	27.87
7543	1	51.67	27.87
7543	2	33.01	27.87
7543	3	40.76	27.87
7543	4	41.31	27.87
7543	5	33.01	27.87
7544	0	51.21	49.33
7544	1	51.21	49.33
7544	2	51.21	49.33
7544	3	51.21	49.33
7544	4	51.21	49.33
7544	5	51.21	49.33
7549	0	47.5	36.26
7549	1	47.5	65.98
7549	2	47.5	65.98
7549	3	47.5	36.26
7549	4	47.5	36.26
7549	5	47.5	36.26
8111	0	29.64	21.06
8111	1	29.64	21.06
8111	2	28.92	21.06
8111	3	39.42	21.06
8111	4	28.92	21.06
8111	5	28.92	21.06
8112	0	29.97	23.42
8112	1	29.97	23.42
8112	2	29.05	23.42
8112	3	39.74	23.42
8112	4	29.05	23.42
8112	5	29.05	23.42
8113	0	30	21.06
8113	1	30	21.06
8113	2	28.92	21.06
8113	3	39.9	21.06
8113	4	28.92	21.06
8113	5	28.92	21.06
8114	0	30.26	28.14
8114	1	30.26	28.14
8114	2	29.3	28.14
8114	3	39.9	28.14
8114	4	29.3	28.14
8114	5	29.3	28.14
8121	0	27.03	28.14
8121	1	27.03	28.14
8121	2	25.43	28.14
8121	3	39.9	28.14
8121	4	25.43	28.14
8121	5	25.43	28.14
8122	0	27.31	17.28
8122	1	27.31	17.28
8122	2	27.31	17.28
8122	3	39.9	17.28
8122	4	25.43	17.28
8122	5	25.43	17.28
8131	0	30.93	28.14
8131	1	30.93	28.14
8131	2	30.93	28.14
8131	3	39.9	28.14
8131	4	30.37	28.14
8131	5	30.37	28.14
8132	0	30.93	28.14
8132	1	30.93	28.14
8132	2	30.93	28.14
8132	3	39.9	28.14
8132	4	30.37	28.14
8132	5	30.37	28.14
8141	0	34.21	28.14
8141	1	34.21	28.14
8141	2	34.21	28.14
8141	3	34.21	28.14
8141	4	34.21	28.14
8141	5	34.21	28.14
8142	0	34.69	28.14
8142	1	54.35	28.14
8142	2	34.5	28.14
8142	3	34.69	28.14
8142	4	34.5	28.14
8142	5	34.5	28.14
8143	0	34.45	28.14
8143	1	44.28	28.14
8143	2	34.35	28.14
8143	3	34.45	28.14
8143	4	34.35	28.14
8143	5	34.35	28.14
8151	0	40.47	28.14
8151	1	40.47	28.14
8151	2	40.47	28.14
8151	3	39.9	28.14
8151	4	40.48	28.14
8151	5	40.48	28.14
8152	0	35.05	30.36
8152	1	35.05	30.36
8152	2	35.05	30.36
8152	3	34.76	30.36
8152	4	35.06	30.36
8152	5	35.06	30.36
8153	0	29.63	32.59
8153	1	29.63	32.59
8153	2	29.63	32.59
8153	3	29.63	32.59
8153	4	29.63	32.59
8153	5	29.63	32.59
8154	0	35.05	30.36
8154	1	35.05	30.36
8154	2	35.05	30.36
8154	3	34.76	30.36
8154	4	35.06	30.36
8154	5	35.06	30.36
8155	0	35.05	30.36
8155	1	35.05	30.36
8155	2	35.05	30.36
8155	3	34.76	30.36
8155	4	35.06	30.36
8155	5	35.06	30.36
8156	0	35.05	30.36
8156	1	35.05	30.36
8156	2	35.05	30.36
8156	3	34.76	30.36
8156	4	35.06	30.36
8156	5	35.06	30.36
8157	0	35.05	30.36
8157	1	35.05	30.36
8157	2	35.05	30.36
8157	3	34.76	30.36
8157	4	35.06	30.36
8157	5	35.06	30.36
8159	0	35.05	30.36
8159	1	35.05	30.36
8159	2	35.05	30.36
8159	3	34.76	30.36
8159	4	35.06	30.36
8159	5	35.06	30.36
8160	0	28.38	14.32
8160	1	54.35	14.32
8160	2	28.38	14.32
8160	3	39.9	14.32
8160	4	28.38	14.32
8160	5	28.38	14.32
8171	0	31	25.51
8171	1	34.98	25.51
8171	2	30.64	25.51
8171	3	36.12	25.51
8171	4	30.51	25.51
8171	5	30.51	25.51
8172	0	31	25.51
8172	1	34.98	25.51
8172	2	30.64	25.51
8172	3	36.12	25.51
8172	4	30.51	25.51
8172	5	30.51	25.51
8181	0	15.44	14.32
8181	1	15.44	14.32
8181	2	15.44	14.32
8181	3	15.44	14.32
8181	4	15.44	14.32
8181	5	15.44	14.32
8182	0	32.13	21.06
8182	1	32.13	21.06
8182	2	30.48	21.06
8182	3	39.9	21.06
8182	4	30.48	21.06
8182	5	30.48	21.06
8183	0	23.93	18.81
8183	1	33.97	18.81
8183	2	23.16	18.81
8183	3	31.75	18.81
8183	4	23.16	18.81
8183	5	23.16	18.81
8189	0	24.23	21.06
8189	1	54.35	21.06
8189	2	23.56	21.06
8189	3	39.9	21.06
8189	4	23.56	21.06
8189	5	23.56	21.06
8211	0	36.13	32.5
8211	1	36.13	32.5
8211	2	36.13	32.5
8211	3	39.9	32.5
8211	4	35.9	32.5
8211	5	35.9	32.5
8212	0	25.52	28.19
8212	1	27.48	28.19
8212	2	25.52	28.19
8212	3	39.9	28.19
8212	4	25.52	28.19
8212	5	25.52	28.19
8219	0	31.83	32.5
8219	1	31.83	32.5
8219	2	31.01	32.5
8219	3	39.9	32.5
8219	4	31.01	32.5
8219	5	31.01	32.5
8311	0	44.72	31.7
8311	1	44.72	31.7
8311	2	44.72	31.7
8311	3	36.6	31.7
8311	4	44.86	31.7
8311	5	44.86	31.7
8312	0	54.34	31.7
8312	1	54.34	31.7
8312	2	57.18	31.7
8312	3	36.6	31.7
8312	4	57.18	31.7
8312	5	57.18	31.7
8321	0	32.99	31.7
8321	1	46.13	31.7
8321	2	31.51	31.7
8321	3	36.6	31.7
8321	4	30.19	31.7
8321	5	32.69	31.7
8322	0	32.99	31.7
8322	1	46.13	31.7
8322	2	31.51	31.7
8322	3	36.6	31.7
8322	4	30.19	31.7
8322	5	32.69	31.7
8331	0	30.27	31.7
8331	1	30.27	31.7
8331	2	36.29	31.7
8331	3	36.6	31.7
8331	4	30.19	31.7
8331	5	30.03	31.7
8332	0	32.29	31.7
8332	1	46.13	31.7
8332	2	36.52	31.7
8332	3	36.6	31.7
8332	4	30.19	31.7
8332	5	31.65	31.7
8341	0	27.61	31.7
8341	1	54.35	31.7
8341	2	24.01	31.7
8341	3	36.6	31.7
8341	4	26.63	31.7
8341	5	26.63	31.7
8342	0	26.26	31.7
8342	1	26.26	31.7
8342	2	24.01	31.7
8342	3	36.6	31.7
8342	4	26.63	31.7
8342	5	26.63	31.7
8343	0	29.18	31.7
8343	1	29.18	31.7
8343	2	24.01	31.7
8343	3	29.18	31.7
8343	4	29.41	31.7
8343	5	29.41	31.7
8344	0	23.4	31.7
8344	1	23.4	31.7
8344	2	24.01	31.7
8344	3	36.6	31.7
8344	4	23.35	31.7
8344	5	23.35	31.7
8350	0	43.56	31.7
8350	1	46.13	31.7
8350	2	43.56	31.7
8350	3	36.6	31.7
8350	4	44.86	31.7
8350	5	44.86	31.7
9111	0	27	21.61
9111	1	41.9	30.07
9111	2	33.6	27.54
9111	3	30.79	22.75
9111	4	29.72	22.9
9111	5	29.05	21.74
9112	0	27	21.61
9112	1	41.9	30.07
9112	2	33.6	27.54
9112	3	30.79	22.75
9112	4	29.72	22.9
9112	5	29.05	21.74
9121	0	21.67	15.7
9121	1	21.67	30.39
9121	2	21.67	30.39
9121	3	21.67	22.64
9121	4	21.67	22.64
9121	5	21.67	15.7
9122	0	25.42	23.62
9122	1	21.07	30.39
9122	2	21.07	23.62
9122	3	28.41	23.62
9122	4	28.41	23.62
9122	5	28.41	21.37
9123	0	22.31	21.37
9123	1	22.31	21.37
9123	2	22.31	21.37
9123	3	22.31	21.37
9123	4	22.31	21.37
9123	5	22.31	21.37
9129	0	23.13	20.23
9129	1	21.68	27.38
9129	2	21.68	25.13
9129	3	24.13	22.54
9129	4	24.13	22.54
9129	5	24.13	19.48
9211	0	32.95	47.94
9211	1	48.62	50.12
9211	2	48.62	50.12
9211	3	27.34	47.94
9211	4	27.34	47.94
9211	5	27.34	47.94
9212	0	32.95	47.94
9212	1	48.62	50.12
9212	2	48.62	50.12
9212	3	27.34	47.94
9212	4	27.34	47.94
9212	5	27.34	47.94
9213	0	21.78	50.83
9213	1	48.62	57.35
9213	2	48.62	57.35
9213	3	21.78	50.83
9213	4	21.78	50.83
9213	5	21.78	50.83
9214	0	41.12	46.5
9214	1	48.62	46.5
9214	2	48.62	46.5
9214	3	38.46	46.5
9214	4	38.46	46.5
9214	5	38.46	46.5
9215	0	35.94	46.5
9215	1	48.62	46.5
9215	2	48.62	46.5
9215	3	21.78	46.5
9215	4	21.78	46.5
9215	5	21.78	46.5
9216	0	32.95	47.94
9216	1	48.62	50.12
9216	2	48.62	50.12
9216	3	27.34	47.94
9216	4	27.34	47.94
9216	5	27.34	47.94
9311	0	32.36	20.63
9311	1	52.9	20.63
9311	2	33.51	20.63
9311	3	32.36	20.63
9311	4	32.35	20.63
9311	5	32.43	20.63
9312	0	33.04	32.5
9312	1	51.45	32.5
9312	2	33.56	32.5
9312	3	33.04	32.5
9312	4	33.01	32.5
9312	5	33.18	32.5
9313	0	31.68	8.76
9313	1	54.35	8.76
9313	2	33.46	8.76
9313	3	31.68	8.76
9313	4	31.68	8.76
9313	5	31.68	8.76
9321	0	19.09	16.21
9321	1	19.09	16.21
9321	2	33.46	16.21
9321	3	18.82	16.21
9321	4	18.82	16.21
9321	5	18.82	16.21
9329	0	28.91	8.76
9329	1	51.78	8.76
9329	2	31.52	8.76
9329	3	24.41	8.76
9329	4	24.85	8.76
9329	5	24.39	8.76
9331	0	26.97	28.9
9331	1	38.11	28.92
9331	2	29.32	29.46
9331	3	30.18	29.85
9331	4	30.29	29.76
9331	5	30.58	29.68
9332	0	26.97	28.9
9332	1	38.11	28.92
9332	2	29.32	29.46
9332	3	30.18	29.85
9332	4	30.29	29.76
9332	5	30.58	29.68
9333	0	30.83	28.16
9333	1	53.1	28.19
9333	2	35.51	29.28
9333	3	37.25	30.04
9333	4	37.46	29.87
9333	5	38.03	29.71
9334	0	23.12	29.65
9334	1	23.12	29.65
9334	2	23.12	29.65
9334	3	23.12	29.65
9334	4	23.12	29.65
9334	5	23.12	29.65
9411	0	20.46	29.22
9411	1	20.46	29.22
9411	2	20.46	29.22
9411	3	20.46	29.22
9411	4	20.46	29.22
9411	5	20.46	29.22
9412	0	20.46	29.22
9412	1	20.46	29.22
9412	2	20.46	29.22
9412	3	20.46	29.22
9412	4	20.46	29.22
9412	5	20.46	29.22
9510	0	23.12	29.65
9510	1	23.12	29.65
9510	2	23.12	29.65
9510	3	23.12	29.65
9510	4	23.12	29.65
9510	5	23.12	29.65
9520	0	23.12	29.65
9520	1	23.12	29.65
9520	2	23.12	29.65
9520	3	23.12	29.65
9520	4	23.12	29.65
9520	5	23.12	29.65
9611	0	26.84	21.51
9611	1	54.35	21.51
9611	2	33.46	21.51
9611	3	26.11	21.51
9611	4	26.11	22.64
9611	5	26.11	21.37
9612	0	17.83	21.44
9612	1	31.59	21.44
9612	2	21.15	21.44
9612	3	17.47	21.44
9612	4	17.47	22.01
9612	5	17.47	21.37
9613	0	8.83	21.37
9613	1	8.83	21.37
9613	2	8.83	21.37
9613	3	8.83	21.37
9613	4	8.83	21.37
9613	5	8.83	21.37
9621	0	30.49	36.1
9621	1	27.74	33.08
9621	2	28.73	34.17
9621	3	27.98	33.35
9621	4	28.77	34.22
9621	5	28.75	34.19
9622	0	29.63	32.5
9622	1	54.35	32.5
9622	2	41.93	32.5
9622	3	39.9	32.5
9622	4	28.97	32.5
9622	5	29.63	32.5
9623	0	28.05	31.76
9623	1	38.61	32.96
9623	2	34.23	32.98
9623	3	35.09	32.99
9623	4	30.91	33.49
9623	5	31.05	33.51
9624	0	28.05	31.76
9624	1	38.61	32.96
9624	2	34.23	32.98
9624	3	35.09	32.99
9624	4	30.91	33.49
9624	5	31.05	33.51
9629	0	24.03	26.68
9629	1	33.73	33.3
9629	2	32.05	32.26
9629	3	37.38	33.13
9629	4	34.98	33.74
9629	5	34.78	33.82
