us_occ	uso_m	uso_f
1	69.413459777832	70.528434753418
2	61.3671188354492	60.3017349243164
3	69.159553527832	74.8285903930664
4	71.2792587280273	71.1263122558594
5	67.8794937133789	68.923469543457
6	71.6153259277344	71.8890075683594
10	61.731575012207	62.942066192627
11	71.352912902832	71.9833145141602
12	70.9488067626953	59.6046142578125
13	58.7575721740723	61.6476516723633
14	55.0346527099609	57.0717735290527
15	63.3745384216309	59.9559860229492
16	51.8559875488281	51.0370330810547
20	51.1435775756836	45.0595169067383
21	48.9420738220215	46.5984001159668
22	56.8009414672852	58.0797958374023
23	77.8055572509766	70.1730270385742
30	71.1220932006836	81.8997192382813
31	44.9428253173828	39.8761787414551
32	60.7725296020508	55.840404510498
33	54.1843681335449	48.9628067016602
34	52.3710746765137	50.3544235229492
35	69.1276931762695	62.8533897399902
36	82.4758529663086	90.2813339233398
40	51.4837951660156	40.5715484619141
41	61.819637298584	54.7453536987305
42	70.1133880615234	66.2759552001953
43	63.1881484985352	64.0179290771484
50	73.8919372558594	72.43115234375
51	51.2961692810059	45.1610450744629
52	55.6802787780762	57.3767204284668
53	58.8300132751465	54.7670707702637
54	63.6112899780273	52.3774337768555
56	60.9730796813965	60.5246658325195
60	58.394401550293	53.3881607055664
62	60.699462890625	62.5291175842285
70	58.7497100830078	56.1362571716309
71	75.1116790771484	78.3508834838867
72	54.144172668457	71.7116546630859
73	54.8970336914063	56.2379531860352
80	68.5360565185547	61.9544372558594
81	66.1399917602539	56.5722122192383
82	69.0462036132813	64.3993911743164
83	70.4915466308594	56.9222526550293
84	82.2180786132813	75.1631164550781
85	76.6220169067383	69.5863571166992
86	66.8683929443359	56.3995361328125
90	72.5552444458008	62.2149276733398
91	68.9959564208984	55.8646354675293
93	64.2053909301758	50.487907409668
94	63.4873466491699	52.7190284729004
95	65.8525848388672	58.1991882324219
100	67.9807662963867	67.6488265991211
101	66.1222152709961	68.2417602539063
102	72.7057571411133	75.4117431640625
104	61.8614654541016	59.2117691040039
106	68.6476745605469	65.8856582641602
110	65.5798034667969	64.9317245483398
111	67.397705078125	70.5882339477539
120	79.0039596557617	84.4085693359375
122	71.2573928833008	72.1030502319336
124	78.2782516479492	81.8829803466797
130	77.2337417602539	82.1282653808594
131	65.6193923950195	65.5135269165039
132	70.3922882080078	83.8040313720703
135	72.5621337890625	79.4822616577148
136	69.5206832885742	73.7128295898438
140	68.0714263916016	68.5270843505859
141	68.6666030883789	71.6237258911133
142	73.6207122802734	80.6812438964844
143	61.498966217041	60.2849273681641
144	66.7408752441406	60.2849273681641
145	60.8176040649414	69.5044631958008
146	65.662467956543	71.9187240600586
151	68.4552841186523	46.1115226745605
152	69.0066833496094	68.5802536010742
153	69.7987594604492	76.3054504394531
154	54.6899642944336	57.2506484985352
155	49.3180351257324	46.1115226745605
156	50.2544097900391	46.8092956542969
160	64.105827331543	64.0430679321289
161	77.6831436157227	80.9090957641602
164	66.7475051879883	61.1952934265137
165	89.3227233886719	95.4070587158203
170	83.1168518066406	78.829345703125
171	68.7199783325195	63.5743827819824
172	71.0565948486328	74.7896957397461
174	76.919563293457	78.2966079711914
176	87.1968002319336	89.1448287963867
180	88.4861602783203	94.6669540405273
181	74.4552383422852	75.8890762329102
182	84.4990158081055	90.8080215454102
184	73.8886871337891	79.8408508300781
186	82.7641296386719	78.0185012817383
190	47.6137886047363	39.4849700927734
191	60.851375579834	54.043628692627
192	51.3021354675293	46.0358238220215
193	49.2309036254883	48.9268188476563
196	57.5572204589844	63.4767913818359
200	68.3017578125	68.90966796875
201	65.4911499023438	61.5908622741699
202	61.497142791748	53.9983863830566
204	64.50830078125	73.3183746337891
205	67.4280395507813	71.6614151000977
206	62.2744445800781	69.0739212036133
210	82.554443359375	87.7205200195313
211	74.9203643798828	68.5831069946289
214	66.1606369018555	59.6668128967285
215	67.9470291137695	55.5143280029297
220	80.6331558227539	80.0164489746094
230	58.3009834289551	56.9263801574707
231	66.0141830444336	68.8703765869141
232	66.6853485107422	73.1208343505859
233	69.0600280761719	64.5104675292969
234	58.7424736022949	66.933479309082
240	77.1386489868164	80.1673736572266
243	77.3701858520508	76.0140991210938
244	56.2489242553711	53.2818374633789
254	59.0055694580078	49.0096397399902
255	75.0138778686523	72.8123626708984
260	66.6041412353516	70.718132019043
263	61.6103324890137	64.3115386962891
270	72.5990753173828	82.2271347045898
271	75.3410034179688	79.5337524414063
272	67.835075378418	68.3898086547852
274	62.5294914245605	44.594165802002
275	65.8146743774414	75.1101760864258
276	62.3568992614746	56.9570655822754
280	56.7007217407227	57.7398796081543
281	75.3022079467773	77.6501312255859
282	72.8825149536133	76.1636428833008
283	75.1452560424805	80.0179901123047
284	68.5564651489258	78.9929504394531
285	80.6044845581055	84.9337844848633
286	60.8264541625977	63.0250015258789
290	60.7251129150391	55.2201728820801
291	70.3661804199219	56.5049781799316
292	71.5299758911133	71.2458114624023
300	67.2807388305664	70.3224639892578
301	75.0731506347656	81.8405532836914
303	49.4587745666504	62.7490997314453
304	71.1776809692383	83.852897644043
305	68.0195465087891	74.8716735839844
306	81.2613983154297	88.415168762207
311	62.0519866943359	65.8336944580078
312	72.0222625732422	83.7760009765625
313	59.6358413696289	62.5798797607422
314	75.6293411254883	85.0810317993164
315	69.8576202392578	76.129508972168
316	71.2482452392578	77.7166519165039
320	64.6735305786133	62.5963859558105
321	68.598014831543	61.7536468505859
322	64.8454513549805	54.5015907287598
323	83.7254257202148	81.2553176879883
324	70.5900344848633	70.3312301635742
325	71.3430862426758	76.8229904174805
326	69.2654647827148	71.8920745849609
330	61.7630615234375	61.4434089660645
331	58.9590721130371	66.7906036376953
332	60.9710159301758	55.5522232055664
340	53.7077941894531	44.6304359436035
341	52.277271270752	45.5659141540527
350	47.8887825012207	40.2566680908203
351	50.8994903564453	43.4708938598633
352	59.3838958740234	47.8080062866211
353	62.4482498168945	49.7459144592285
354	64.6341400146484	64.4359817504883
360	45.1038208007813	30.8454284667969
361	62.1117553710938	55.0052719116211
362	66.6829071044922	50.1609916687012
363	71.4411163330078	62.812686920166
364	56.6619071960449	48.7230987548828
365	51.5104103088379	44.9176788330078
370	49.835521697998	47.9470825195313
371	58.9234657287598	53.8177337646484
372	60.1617774963379	55.6388702392578
373	52.9744186401367	55.6388702392578
374	56.9251747131348	49.7137260437012
375	55.2380180358887	51.4800338745117
380	46.4031829833984	36.5595321655273
382	64.3701019287109	60.528751373291
384	55.7019920349121	39.9492454528809
385	56.8818054199219	52.7410583496094
390	41.6606140136719	41.7943534851074
391	64.2743453979492	59.5264739990234
392	41.1126441955566	38.6721839904785
394	35.176685333252	39.0211639404297
395	55.718936920166	40.0062370300293
400	39.0107192993164	41.5943450927734
401	41.1858406066895	36.4384727478027
402	22.5237236022949	28.1524562835693
403	24.7925395965576	30.9665145874023
404	43.1699371337891	35.6339645385742
405	31.8737049102783	29.2494201660156
406	35.7710456848145	32.2941513061523
411	38.1965370178223	33.8660087585449
412	28.9664192199707	33.1563987731934
413	19.5791511535645	32.5625953674316
414	12.8040084838867	19.3570537567139
415	42.3936996459961	39.3883399963379
420	45.7350616455078	34.2740898132324
421	49.3027877807617	51.2402191162109
422	35.6534118652344	29.0244941711426
423	28.4354591369629	25.6017017364502
424	48.3481407165527	41.1352386474609
425	35.6754379272461	39.6647453308105
430	48.5221557617188	46.1729278564453
432	55.3439064025879	49.5642623901367
434	51.2358932495117	57.165470123291
435	45.621223449707	43.3470764160156
440	39.3838920593262	37.9766159057617
441	60.4650726318359	37.9766159057617
442	40.8765983581543	46.3081207275391
443	46.3048248291016	41.9744186401367
446	50.0939674377441	59.0884819030762
450	46.0966644287109	41.8644104003906
451	54.5577507019043	43.1010704040527
452	35.2731704711914	48.0341453552246
453	37.5945854187012	44.7467842102051
454	53.1058120727539	62.0087394714355
455	53.732250213623	70.8972778320313
460	49.8351516723633	42.3971710205078
461	41.8220100402832	31.8056297302246
462	60.0134773254395	60.7359161376953
464	51.6081047058105	40.5234336853027
465	35.2785491943359	50.0364532470703
470	55.5841331481934	45.4379806518555
471	59.8281860351563	55.3611946105957
472	41.3987846374512	29.414701461792
474	45.5384254455566	34.3069343566895
475	45.3610916137695	32.7128562927246
476	55.3039703369141	50.2822113037109
480	65.2105102539063	62.7876129150391
481	64.3722381591797	52.2693824768066
482	74.5737838745117	63.3731918334961
483	64.0236282348633	63.6478118896484
484	62.7811508178711	59.1794815063477
485	60.7815818786621	58.2017555236816
490	53.1838455200195	50.4262771606445
492	65.7125854492188	67.5573577880859
493	70.1240539550781	76.8181228637695
494	47.3051910400391	37.2117691040039
495	41.5046844482422	48.0991134643555
496	61.7222862243652	66.7177200317383
500	54.8918190002441	55.7701110839844
501	47.0329818725586	38.8913421630859
502	50.385326385498	39.4882507324219
503	51.1055679321289	43.4412612915039
510	52.0431289672852	43.5620498657227
511	56.3174743652344	45.8170356750488
512	55.1407890319824	50.607234954834
513	34.7158546447754	26.6122570037842
514	51.5610427856445	47.4286651611328
515	58.0066757202148	49.565559387207
516	50.619457244873	43.415412902832
520	62.2597999572754	58.9869232177734
522	55.3534164428711	47.7544784545898
523	63.3839302062988	48.1022109985352
524	55.4017105102539	46.7563209533691
525	60.3813819885254	48.4040336608887
526	51.0489120483398	47.0482940673828
530	41.721435546875	36.681224822998
531	54.4368629455566	43.6216201782227
532	64.0530166625977	58.8200988769531
533	64.1770172119141	52.0217475891113
534	64.2268829345703	48.7302589416504
535	41.626766204834	42.4093284606934
536	54.5549621582031	48.5418128967285
540	57.0418510437012	47.2954177856445
541	55.4747314453125	53.0021667480469
542	58.9897842407227	50.0416946411133
550	49.9061737060547	43.4033088684082
551	48.2242584228516	42.1548194885254
552	45.9396057128906	40.2117729187012
553	43.2079772949219	36.3939781188965
554	50.3517799377441	40.9564018249512
555	50.3448944091797	38.0546112060547
556	47.2565422058105	39.4587707519531
560	54.3590812683105	50.7444190979004
561	35.8510589599609	32.666633605957
562	37.3171043395996	35.0586700439453
563	38.6632957458496	31.7698020935059
570	59.6008338928223	53.3380126953125
580	54.7378044128418	46.1789855957031
581	52.5186347961426	44.3863983154297
582	50.295841217041	49.6329536437988
583	67.2131805419922	63.7738761901855
584	61.8753890991211	47.7767639160156
585	43.8227081298828	37.0272827148438
586	50.9696998596191	48.336799621582
590	45.8955612182617	38.2524490356445
591	63.5893440246582	59.9048271179199
592	57.4687614440918	54.4043235778809
593	58.5216217041016	54.3676452636719
600	41.343204498291	38.9442138671875
601	51.3020820617676	37.0821495056152
604	28.3435478210449	18.5078659057617
605	27.254186630249	26.2038326263428
610	39.1334037780762	35.769474029541
612	35.0056953430176	39.9738426208496
613	28.2476005554199	32.8475456237793
620	47.0508460998535	53.4553604125977
621	39.2122840881348	32.893238067627
622	33.7572174072266	32.1927642822266
623	39.6082763671875	35.3117485046387
624	37.0634803771973	39.481819152832
625	30.5975952148438	29.4986705780029
626	31.3064384460449	32.893238067627
630	26.5989646911621	37.532527923584
632	36.9618225097656	27.6391582489014
633	29.8094692230225	32.0627517700195
635	45.815860748291	37.532527923584
636	42.7449073791504	38.8882217407227
640	32.8864822387695	28.9692916870117
642	34.5300598144531	40.9457130432129
643	48.0962104797363	51.6735610961914
644	41.2249984741211	37.0911140441895
646	30.206787109375	40.9457130432129
651	26.5455513000488	31.4513149261475
652	40.0963706970215	29.665433883667
653	38.244010925293	35.9300079345703
660	27.5758934020996	31.1251945495605
666	55.5268173217773	48.1376914978027
670	52.5511283874512	30.8604145050049
671	29.1780261993408	30.8604145050049
672	34.8383140563965	43.414249420166
673	36.6061897277832	30.8604145050049
674	33.897144317627	30.8604145050049
675	35.3814086914063	30.8604145050049
676	34.8547477722168	29.2367076873779
680	29.511116027832	32.3822288513184
682	37.5689163208008	32.3822288513184
683	40.6631698608398	29.9706363677979
684	35.6084785461426	32.3822288513184
694	31.2099304199219	25.8874645233154
700	47.7158622741699	52.496208190918
701	52.9679336547852	50.649845123291
702	49.7917060852051	47.4546394348145
703	47.5580291748047	39.4980430603027
704	42.6809120178223	31.5156288146973
710	45.2772903442383	32.0445327758789
711	42.1653366088867	39.7107238769531
712	43.5351066589355	44.8815155029297
713	48.8111534118652	39.7107238769531
714	48.4258079528809	39.7107238769531
715	36.2981567382813	31.1634674072266
716	37.231143951416	39.7107238769531
720	36.94921875	33.9408378601074
721	37.5769195556641	36.0962371826172
722	38.8266716003418	39.576545715332
724	39.2194328308105	33.9408378601074
726	28.1297454833984	26.4499778747559
730	45.0279769897461	29.5377292633057
731	43.477653503418	37.8445510864258
732	44.2268180847168	46.5419540405273
733	35.4463768005371	29.5377292633057
734	38.3873519897461	40.482536315918
735	34.8403625488281	22.5940856933594
736	38.7163391113281	33.7392768859863
741	45.9225769042969	32.8066139221191
742	46.0958862304688	43.4420547485352
743	52.1471710205078	39.1283836364746
751	41.4173736572266	37.5122909545898
754	47.5691032409668	37.4427719116211
755	27.4006042480469	30.1525478363037
756	35.8322372436523	37.5122909545898
761	26.2047176361084	23.6747379302979
762	41.3219375610352	33.1635284423828
770	43.2216300964355	38.6571235656738
771	43.2701606750488	26.8726234436035
772	35.2376899719238	29.5594348907471
773	38.2712059020996	25.3668003082275
774	40.2835731506348	11.8846874237061
775	33.1549263000488	26.512996673584
780	30.3895816802979	32.116886138916
781	31.2055511474609	19.1661682128906
783	28.9027214050293	28.3462066650391
784	25.4492454528809	32.6637420654297
785	27.9111881256104	23.9425830841064
790	36.5274505615234	30.2181396484375
792	27.4830532073975	26.7060813903809
793	27.6905689239502	21.5284023284912
794	30.4320449829102	21.8958129882813
795	24.8087863922119	21.5284023284912
796	28.1155757904053	20.6611061096191
800	27.1497325897217	21.5039730072021
801	28.7102451324463	27.2345504760742
803	38.3154373168945	27.1072788238525
804	30.0412158966064	17.8500137329102
806	45.2993392944336	48.9185371398926
810	28.5623760223389	23.425666809082
813	40.6017799377441	26.0766849517822
814	31.9392604827881	24.3368129730225
815	33.7192611694336	28.8046627044678
816	33.4491691589355	32.2033615112305
820	27.6652965545654	23.8542289733887
821	35.9035797119141	24.9600315093994
822	27.3977870941162	23.8114833831787
823	38.0942192077637	31.3416843414307
824	44.298038482666	32.7179412841797
825	46.5219841003418	42.1610832214355
826	41.1203575134277	31.6307048797607
830	33.9012145996094	23.8687229156494
831	25.1141204833984	20.7973575592041
832	21.1211109161377	23.8757877349854
833	37.3639755249023	26.2676658630371
834	21.2284259796143	21.4518222808838
835	35.5560836791992	41.3915748596191
836	22.7130527496338	19.9037952423096
840	18.6878318786621	22.4560413360596
841	17.895055770874	23.6504211425781
842	20.2611999511719	19.9956016540527
845	31.2864856719971	32.9152679443359
846	23.5414218902588	27.465446472168
850	42.583381652832	28.331937789917
851	40.9661598205566	26.5580539703369
853	22.3218021392822	24.1285762786865
854	22.5824184417725	22.9874515533447
855	42.3406944274902	33.597297668457
860	49.6476211547852	41.43310546875
861	44.6465263366699	37.3205223083496
862	44.5091819763184	39.810359954834
863	44.8378219604492	36.5495452880859
864	42.0912628173828	34.5070037841797
865	29.5938491821289	26.3026218414307
871	25.4862899780273	19.6015586853027
872	29.605037689209	22.4320735931396
873	33.2929420471191	28.6763820648193
874	42.6602096557617	30.2702827453613
875	45.7419586181641	43.9447059631348
876	52.0393905639648	46.9038581848145
880	21.8724594116211	20.1326122283936
881	29.5207939147949	27.0120620727539
883	53.0827102661133	40.3705139160156
885	22.8291530609131	20.7626495361328
886	24.6714935302734	22.5448055267334
891	44.8909187316895	45.6652717590332
892	38.7046318054199	42.5956115722656
893	36.138988494873	24.5576190948486
894	37.4303321838379	21.7253723144531
895	24.8243541717529	29.5552501678467
896	30.2289562225342	25.8238105773926
900	47.2033996582031	41.2954902648926
903	72.2467803955078	66.4521102905273
904	57.1928825378418	56.4938926696777
912	42.620491027832	35.8759994506836
913	35.9678535461426	36.115535736084
914	36.6924667358398	36.3781318664551
915	40.2376670837402	35.8351898193359
920	47.5419158935547	36.2695617675781
923	42.7441444396973	46.1984481811523
924	48.122859954834	46.1984481811523
926	42.7015914916992	46.1984481811523
930	38.3821907043457	43.2332611083984
931	48.9278564453125	35.0047912597656
933	47.1662101745605	28.076135635376
935	30.4626846313477	31.1796340942383
936	30.1818466186523	28.076135635376
941	49.0947799682617	38.0580749511719
942	45.7709846496582	44.8462600708008
951	36.3873100280762	34.4741020202637
952	35.6382331848145	34.4741020202637
956	30.9264755249023	34.4741020202637
960	26.9859218597412	26.4643516540527
961	26.5235385894775	25.3132648468018
962	32.5260314941406	28.280611038208
963	26.0419750213623	24.5757637023926
964	23.8820400238037	23.5708332061768
965	42.2597160339355	34.3052291870117
972	29.7731647491455	26.3386383056641
975	30.5044040679932	23.3248043060303
980	61.6969184875488	67.5804138183594
981	50.9511108398438	60.6025314331055
982	45.1556549072266	47.3973045349121
983	47.052604675293	51.8589057922363
