    1    2    2 29.7 34.2
    1    6    1 29.7 34.2
    1    0    0 29.7 34.2
    2    2    2 34.2 35.1
    2    6    1 34.2 35.1
    2    0    0 34.2 35.1
    3    2    2 36.4 42.3
    3    6    1 36.4 42.3
    3    0    0 36.4 42.3
    4    2    2 31.0 35.0
    4    6    1 31.0 35.0
    4    0    0 31.0 35.0
    5    2    2 28.5 33.3
    5    6    1 28.5 33.3
    5    0    0 28.5 33.3
    6    2    2 36.7 35.5
    6    6    1 36.7 35.5
    6    0    0 36.7 35.5
    7    2    2 35.1 39.4
    7    6    1 35.1 39.4
    7    0    0 35.1 39.4
    8    2    2 38.0 35.2
    8    6    1 38.0 35.2
    8    0    0 38.0 35.2
    9    2    2 34.3 34.8
    9    6    1 34.3 34.8
    9    0    0 34.3 34.8
   10    2    2 35.1 36.7
   10    6    1 35.1 36.7
   10    0    0 35.1 36.7
   11    2    2 30.4 32.5
   11    6    1 30.4 32.5
   11    0    0 30.4 32.5
   12    2    2 32.7 34.0
   12    6    1 32.7 34.0
   12    0    0 32.7 34.0
   13    2    2 31.4 37.4
   13    6    1 31.4 37.4
   13    0    0 31.4 37.4
   14    2    2 34.0 34.3
   14    6    1 34.0 34.3
   14    0    0 34.0 34.3
   15    2    2 40.9 35.0
   15    6    1 40.9 35.0
   15    0    0 40.9 35.0
   16    2    2 39.2 46.4
   16    6    1 38.6 41.8
   16    0    0 38.9 44.1
   17    2    2 45.2 46.4
   17    6    1 34.2 35.9
   17    0    0 39.7 41.2
   18    2    2 33.8 44.1
   18    6    1 33.8 44.1
   18    0    0 33.8 44.1
   19    2    2 51.2 39.5
   19    6    1 37.2 39.5
   19    0    0 44.2 39.5
   20    2    2 41.4 47.7
   20    6    1 41.4 47.7
   20    0    0 41.4 47.7
   21    2    2 34.0 35.9
   21    6    1 34.0 35.9
   21    0    0 34.0 35.9
   22    2    2 51.2 36.4
   22    6    1 35.1 36.4
   22    0    0 43.2 36.4
   23    2    2 38.2 34.1
   23    6    1 34.4 35.9
   23    0    0 36.3 35.0
   24    2    2 48.5 46.1
   24    6    1 48.5 46.1
   24    0    0 48.5 46.1
   25    2    2 53.7 45.5
   25    6    1 53.7 45.5
   25    0    0 53.7 45.5
   26    2    2 45.5 45.4
   26    6    1 45.5 45.4
   26    0    0 45.5 45.4
   27    2    2 43.4 38.7
   27    6    1 43.4 38.7
   27    0    0 43.4 38.7
   28    2    2 39.3 46.3
   28    6    1 39.8 38.9
   28    0    0 39.6 42.6
   29    2    2 40.7 36.8
   29    6    1 40.7 36.8
   29    0    0 40.7 36.8
   30    2    2 30.1 40.6
   30    6    1 35.7 34.4
   30    0    0 32.9 37.5
   31    2    2 33.9 36.2
   31    6    1 33.9 36.2
   31    0    0 33.9 36.2
   32    2    2 41.5 37.4
   32    6    1 48.5 33.1
   32    0    0 45.0 35.3
   33    2    2 53.6 53.9
   33    6    1 53.6 53.9
   33    0    0 53.6 53.9
   34    2    2 51.2 58.6
   34    6    1 51.2 58.6
   34    0    0 51.2 58.6
   35    2    2 45.7 51.1
   35    6    1 45.7 51.1
   35    0    0 45.7 51.1
   36    2    2 48.2 47.8
   36    6    1 48.2 47.8
   36    0    0 48.2 47.8
   37    2    2 36.3 37.4
   37    6    1 36.3 37.4
   37    0    0 36.3 37.4
   38    2    2 38.6 32.2
   38    6    1 38.6 32.2
   38    0    0 38.6 32.2
   39    2    2 40.6 38.8
   39    6    1 40.6 38.8
   39    0    0 40.6 38.8
   40    2    2 39.6 36.9
   40    6    1 39.6 36.9
   40    0    0 39.6 36.9
   41    2    2 38.1 51.5
   41    6    1 38.1 51.5
   41    0    0 38.1 51.5
   42    2    2 54.8 56.0
   42    6    1 54.8 56.0
   42    0    0 54.8 56.0
   43    2    2 68.2 59.8
   43    6    1 68.2 59.8
   43    0    0 68.2 59.8
   44    2    2 57.3 52.4
   44    6    1 57.3 52.4
   44    0    0 57.3 52.4
   45    2    2 47.6 47.9
   45    6    1 47.6 47.9
   45    0    0 47.6 47.9
   46    2    2 47.3 56.0
   46    6    1 47.3 69.5
   46    0    0 47.3 62.8
   47    2    2 38.0 36.3
   47    6    1 38.0 36.3
   47    0    0 38.0 36.3
   48    2    2 47.6 42.6
   48    6    1 47.6 42.6
   48    0    0 47.6 42.6
   49    2    2 67.9 67.1
   49    6    1 48.9 67.1
   49    0    0 58.4 67.1
   50    2    2 46.4 46.3
   50    6    1 46.4 46.3
   50    0    0 46.4 46.3
   51    2    2 55.7 56.2
   51    6    1 69.9 60.0
   51    0    0 62.8 58.1
   52    2    2 53.3 55.0
   52    6    1 53.3 55.0
   52    0    0 53.3 55.0
   53    2    2 60.4 53.2
   53    6    1 60.4 53.2
   53    0    0 60.4 53.2
   54    2    2 64.0 79.5
   54    6    1 64.0 79.5
   54    0    0 64.0 79.5
   55    2    2 50.0 67.3
   55    6    1 50.0 67.3
   55    0    0 50.0 67.3
   56    2    2 38.2 34.1
   56    6    1 49.8 34.2
   56    0    0 44.0 34.2
   57    2    2 64.7 63.5
   57    6    1 64.9 62.1
   57    0    0 64.8 62.8
   58    2    2 60.4 56.0
   58    6    1 47.3 43.9
   58    0    0 53.9 50.0
   59    2    2 51.0 48.9
   59    6    1 51.0 48.9
   59    0    0 51.0 48.9
   60    2    2 60.4 56.0
   60    6    1 47.3 43.2
   60    0    0 53.9 49.6
   61    2    2 60.4 56.0
   61    6    1 52.8 69.5
   61    0    0 56.6 62.8
   62    2    2 45.3 44.3
   62    6    1 45.3 44.3
   62    0    0 45.3 44.3
   63    2    2 65.5 65.0
   63    6    1 65.5 65.0
   63    0    0 65.5 65.0
   64    2    2 55.7 56.2
   64    6    1 68.2 63.5
   64    0    0 62.0 59.9
   65    2    2 63.4 62.7
   65    6    1 71.0 66.8
   65    0    0 67.2 64.8
   66    2    2 48.6 48.1
   66    6    1 48.6 48.1
   66    0    0 48.6 48.1
   67    2    2 55.7 56.2
   67    6    1 73.1 71.5
   67    0    0 64.4 63.9
   68    2    2 79.4 72.6
   68    6    1 79.4 72.6
   68    0    0 79.4 72.6
   69    2    2 85.5 86.6
   69    6    1 85.5 86.6
   69    0    0 85.5 86.6
   70    2    2 58.8 49.2
   70    6    1 62.4 93.0
   70    0    0 60.6 71.1
   71    2    2 91.2 92.0
   71    6    1 97.5 98.6
   71    0    0 94.4 95.3
   72    2    2 70.9 63.5
   72    6    1 68.5 61.6
   72    0    0 69.7 62.6
   73    2    2 70.9 63.5
   73    6    1 69.1 71.0
   73    0    0 70.0 67.3
   74    2    2 60.0 56.1
   74    6    1 60.0 56.1
   74    0    0 60.0 56.1
   75    2    2 88.2 78.6
   75    6    1 88.2 78.6
   75    0    0 88.2 78.6
   76    2    2 55.7 56.2
   76    6    1 67.2 66.6
   76    0    0 61.5 61.4
   77    2    2 84.6 77.5
   77    6    1 84.6 77.5
   77    0    0 84.6 77.5
   78    2    2 37.1 40.5
   78    6    1 47.9 44.3
   78    0    0 42.5 42.4
   79    2    2 36.8 42.5
   79    6    1 47.2 49.3
   79    0    0 42.0 45.9
   80    2    2 40.5 36.2
   80    6    1 55.3 45.8
   80    0    0 47.9 41.0
   81    2    2 50.0 49.2
   81    6    1 50.0 49.2
   81    0    0 50.0 49.2
