ISCO88	MCAMSIS	FCAMSIS	ISEI	TREI
0	62.5	63.5	-999	-999
1	72.23	55.9	-999	-999
2	78.09	70.01	-999	-999
3	59.61	50.95	-999	-999
4	59.32	46.57	-999	-999
5	55.74	44.23	-999	-999
6	55	36.9	-999	-999
7	43.52	38.35	-999	-999
8	40.77	37.91	-999	-999
9	41.28	36.3	-999	-999
10	72.23	55.9	-999	-999
11	83	52.3	-999	-999
12	83	55.6	-999	-999
13	71.7	56.35	-999	-999
20	78.09	70.01	-999	-999
21	79.71	73.71	-999	-999
22	82.08	74.14	-999	-999
23	72.73	68.92	-999	-999
24	75.57	65.87	-999	-999
30	59.61	50.95	-999	-999
31	55.2	46.82	-999	-999
32	68.55	48.84	-999	-999
33	69.1	54.63	-999	-999
34	61.02	53.32	-999	-999
40	59.32	46.57	-999	-999
41	60.52	45.79	-999	-999
42	51.4	49.93	-999	-999
50	55.74	44.23	-999	-999
51	54.94	43.88	-999	-999
52	59.3	44.53	-999	-999
60	55	36.9	-999	-999
61	55	36.9	-999	-999
62	55	36.9	-999	-999
70	43.52	38.35	-999	-999
71	39.46	32.49	-999	-999
72	45.14	43.1	-999	-999
73	56.4	34.6	-999	-999
74	40.24	40.58	-999	-999
80	40.77	37.91	-999	-999
81	31.93	34.75	-999	-999
82	45.55	40.29	-999	-999
83	40.67	33.86	-999	-999
90	41.28	36.3	-999	-999
91	43.58	35.79	-999	-999
92	42.88	36.9	-999	-999
93	38.87	37.07	-999	-999
100	72.23	55.9	-999	-999
110	62.5	63.5	-999	-999
112	83	52.3	-999	-999
113	83	52.3	-999	-999
114	83	52.3	-999	-999
120	83	55.6	-999	-999
121	83	55.6	-999	-999
122	72.2	55.6	-999	-999
123	83	55.6	-999	-999
125	72.2	55.6	-999	-999
130	71.7	56.35	-999	-999
131	71.7	56.35	-999	-999
200	78.09	70.01	-999	-999
210	79.71	73.71	-999	-999
211	78.4	94.4	-999	-999
212	90.1	95.5	-999	-999
213	90.1	95.5	-999	-999
214	79.03	69.74	-999	-999
220	82.08	74.14	-999	-999
221	73.9	61.6	-999	-999
222	84.09	78.27	-999	-999
223	80.3	51.6	-999	-999
230	72.73	68.92	-999	-999
231	79.7	81.6	-999	-999
232	65.8	66.2	-999	-999
233	71.6	64.3	-999	-999
234	71.6	54	-999	-999
235	65	54	-999	-999
240	75.57	65.87	-999	-999
241	72.3	50.2	-999	-999
242	95	52.3	-999	-999
243	71.5	56	-999	-999
244	71.5	77.3	-999	-999
245	68.5	99	-999	-999
246	68.5	66.7	-999	-999
249	75.5	99	-999	-999
300	59.61	50.95	-999	-999
310	55.2	46.82	-999	-999
311	60.4	41.94	-999	-999
312	55.1	63.8	-999	-999
313	55.1	63.8	-999	-999
314	53.19	46.6	-999	-999
315	54.1	46.6	-999	-999
320	68.55	48.84	-999	-999
321	60.4	41.72	-999	-999
322	69.1	46.64	-999	-999
323	69.1	50.64	-999	-999
324	69.1	49.1	-999	-999
330	69.1	54.63	-999	-999
331	59.7	76.5	-999	-999
332	59.7	51.7	-999	-999
333	59.7	76.5	-999	-999
334	69.1	76.5	-999	-999
340	61.02	53.32	-999	-999
341	59.7	66.6	-999	-999
342	55.85	54.2	-999	-999
343	64.4	52.6	-999	-999
344	64.4	50	-999	-999
345	70.2	50	-999	-999
346	69.1	76.5	-999	-999
347	56.4	43.7	-999	-999
400	59.32	46.57	-999	-999
410	60.52	45.79	-999	-999
411	51.4	55.89	-999	-999
412	51.4	43.5	-999	-999
413	63.8	44.53	-999	-999
414	51.4	32.1	-999	-999
419	51.4	49.1	-999	-999
420	51.4	49.93	-999	-999
421	51.4	49.9	-999	-999
422	51.4	50.08	-999	-999
500	55.74	44.23	-999	-999
510	54.94	43.88	-999	-999
511	59.3	47.9	-999	-999
512	59.3	37.67	-999	-999
513	69.1	51.7	-999	-999
514	59.3	47.9	-999	-999
515	54.5	44.5	-999	-999
516	54.52	63.5	-999	-999
520	59.3	44.53	-999	-999
522	59.3	44.4	-999	-999
523	59.3	45.7	-999	-999
600	55	36.9	-999	-999
610	55	36.9	-999	-999
611	55	36.9	-999	-999
612	55	36.9	-999	-999
613	55	36.9	-999	-999
614	55	36.9	-999	-999
615	55	36.9	-999	-999
620	55	36.9	-999	-999
621	55	36.9	-999	-999
700	43.52	38.35	-999	-999
710	39.46	32.49	-999	-999
711	29.7	27.8	-999	-999
712	40.2	27.8	-999	-999
713	38.84	29.97	-999	-999
714	32.1	37.3	-999	-999
720	45.14	43.1	-999	-999
721	36.91	36.6	-999	-999
722	49.1	36.6	-999	-999
723	47.63	40.1	-999	-999
724	48.56	48	-999	-999
726	43.3	45	-999	-999
730	56.4	34.6	-999	-999
731	56.4	34.6	-999	-999
732	56.4	34.6	-999	-999
733	56.4	34.6	-999	-999
734	56.4	34.6	-999	-999
740	40.24	40.58	-999	-999
741	34.4	33.1	-999	-999
742	36.03	47.7	-999	-999
743	45	45.29	-999	-999
744	45	42.94	-999	-999
800	40.77	37.91	-999	-999
810	31.93	34.75	-999	-999
811	27.7	31	-999	-999
812	28.5	31	-999	-999
813	31.8	34.7	-999	-999
814	28.5	31	-999	-999
815	34.1	36	-999	-999
816	34.1	36	-999	-999
817	42.1	35.5	-999	-999
820	45.55	40.29	-999	-999
821	42.35	35.5	-999	-999
822	43.2	35.5	-999	-999
823	43.2	35.5	-999	-999
824	42.1	35.5	-999	-999
825	42.1	35.5	-999	-999
826	45	34.6	-999	-999
827	43.2	30.7	-999	-999
828	49.25	39.8	-999	-999
829	45.1	53.1	-999	-999
830	40.67	33.86	-999	-999
831	41.32	41.6	-999	-999
832	41.33	41.6	-999	-999
833	36.59	30.3	-999	-999
834	68.4	41.6	-999	-999
900	41.28	36.3	-999	-999
910	43.58	35.79	-999	-999
911	43.7	45.7	-999	-999
913	51.4	35.9	-999	-999
914	51.4	34.6	-999	-999
915	41.1	39.58	-999	-999
916	42.9	23.9	-999	-999
920	42.88	36.9	-999	-999
921	42.88	36.9	-999	-999
930	38.87	37.07	-999	-999
931	45	37.1	-999	-999
932	43.51	37.07	-999	-999
933	31.52	37.1	-999	-999
1000	72.23	55.9	55	51
1100	83	52.3	70	67
1120	83	52.3	77	71
1130	83	52.3	66	63
1140	83	52.3	58	63
1141	83	52.3	58	63
1142	83	52.3	58	63
1143	83	52.3	58	63
1200	83	55.6	68	60
1210	83	55.6	70	70
1220	72.2	55.6	67	63
1221	72.2	55.6	67	60
1222	72.2	55.6	67	60
1223	72.2	55.6	67	60
1224	72.2	55.6	59	60
1225	72.2	55.6	59	60
1226	72.2	55.6	59	60
1227	72.2	55.6	87	60
1228	72.2	55.6	59	60
1229	72.2	55.6	67	60
1230	83	55.6	61	60
1231	72.2	55.6	69	60
1232	72.2	55.6	69	60
1233	72.2	55.6	56	60
1234	72.2	55.6	69	60
1235	72.2	55.6	69	60
1236	72.2	55.6	69	60
1237	72.2	55.6	69	60
1239	83	55.6	69	60
1250	72.2	55.6	64	65
1251	72.2	55.6	70	73
1252	72.2	55.6	60	63
1300	71.7	56.35	51	50
1310	71.7	56.35	51	50
1311	72.7	54.8	43	47
1312	66.6	54.8	56	52
1313	83.6	56.5	51	52
1314	57	58.3	49	46
1315	57	58.3	44	38
1316	57	58.3	51	52
1317	83	58.3	51	52
1318	71.3	56.5	51	52
1319	72.7	54.8	51	52
2000	78.09	70.01	70	62
2100	79.71	73.71	69	63
2110	78.4	94.4	74	69
2111	78.4	94.4	74	75
2112	78.4	94.4	74	72
2113	78.4	94.4	74	69
2114	78.4	94.4	74	67
2120	90.1	95.5	71	56
2121	90.1	95.5	71	69
2122	80.3	95.5	71	55
2130	90.1	95.5	71	51
2131	90.1	74	71	51
2132	90.1	95.5	71	51
2139	90.1	95.5	71	51
2140	79.03	69.74	73	63
2141	80.9	81.9	69	72
2142	80.9	81.9	69	70
2143	93.3	67.4	68	65
2144	93.3	67.4	68	65
2145	88.2	67.4	67	66
2146	79.7	67.4	71	66
2147	72.9	67.4	67	61
2148	79.7	69.8	56	58
2149	72.9	67.4	69	56
2200	82.08	74.14	80	70
2210	73.9	61.6	78	62
2211	73.9	61.6	77	69
2212	80.3	61.6	77	68
2213	73.9	61.6	79	56
2220	84.09	78.27	85	73
2221	87.4	85.9	88	78
2222	73.9	51.6	85	70
2223	73.9	51.6	83	61
2224	73.9	51.6	74	64
2229	80.3	75	85	73
2230	80.3	51.6	43	54
2231	80.3	51.6	-999	-999
2300	72.73	68.92	69	61
2310	79.7	81.6	77	78
2320	65.8	66.2	69	60
2321	65.8	66.2	70	60
2322	65.8	66.2	66	57
2323	65.8	66.2	-999	-999
2330	71.6	64.3	66	57
2331	71.6	64.3	66	57
2332	71.6	64.3	43	49
2340	71.6	54	66	62
2350	65	54	66	62
2351	65	54	70	68
2352	65	54	70	68
2359	65	54	65	62
2400	75.57	65.87	68	60
2410	72.3	50.2	69	57
2411	71.5	52.4	69	62
2412	71.5	41.4	69	56
2419	75.5	41.4	69	57
2420	95	52.3	85	73
2421	95	52.3	85	73
2422	95	66.7	90	76
2429	95	52.3	82	71
2430	71.5	56	65	54
2431	71.5	56	65	54
2432	71.5	56	65	54
2440	71.5	77.3	65	58
2441	71.5	78.6	78	60
2442	71.5	78.6	71	67
2443	71.5	78.6	71	67
2444	71.5	56	65	62
2445	71.5	61.6	71	67
2446	71.5	78.6	51	52
2449	71.5	56	-999	-999
2450	68.5	99	61	57
2451	68.5	99	65	58
2452	68.5	99	54	57
2453	68.5	99	64	45
2454	68.5	99	64	40
2455	68.5	99	64	57
2460	68.5	66.7	53	60
2490	75.5	99	-999	-999
3000	59.61	50.95	54	48
3100	55.2	46.82	50	48
3110	60.4	41.94	49	47
3111	60.4	36.5	45	46
3112	60.4	45.1	45	39
3113	60.4	41.6	46	46
3114	60.4	45.1	46	46
3115	60.4	36.5	54	46
3116	60.4	36.5	54	46
3117	60.4	41.6	54	53
3118	60.4	45.1	51	55
3119	60.4	45.1	53	46
3120	55.1	63.8	52	53
3121	55.1	46.4	52	53
3122	55.3	63.8	52	53
3123	55.3	46.4	52	53
3130	55.1	63.8	52	46
3131	55.1	63.8	48	46
3132	55.1	63.8	57	49
3133	55.1	63.8	57	58
3139	55.1	63.8	52	44
3140	53.19	46.6	57	57
3141	53.2	46.4	52	60
3142	50.9	46.4	52	55
3143	56.9	46.4	69	60
3144	53.2	46.4	69	50
3145	56.9	46.6	50	46
3150	54.1	46.6	50	54
3151	54.1	46.6	50	54
3152	54.1	46.6	50	54
3200	68.55	48.84	48	51
3210	60.4	41.72	50	52
3211	69.1	60	50	52
3212	60.4	36.5	50	47
3213	69.1	36.5	50	55
3220	69.1	46.64	55	51
3221	69.1	57.7	51	53
3222	69.1	35.6	51	48
3223	69.1	45.9	51	52
3224	69.1	45.9	60	60
3225	69.1	45.9	51	44
3226	69.1	45.9	60	51
3227	69.1	60	51	48
3228	69.1	60	51	44
3229	69.1	38.1	51	45
3230	69.1	50.64	38	44
3231	69.1	51.6	38	44
3232	69.1	38.1	38	44
3239	69.1	38.1	-999	-999
3240	69.1	49.1	49	29
3241	69.1	49.1	51	29
3242	69.1	49.1	38	22
3300	69.1	54.63	38	50
3310	59.7	76.5	38	50
3320	59.7	51.7	38	50
3330	59.7	76.5	38	50
3340	69.1	76.5	38	50
3400	61.02	53.32	55	48
3410	59.7	66.6	55	47
3411	59.7	66.6	61	50
3412	59.7	66.6	54	44
3413	59.7	66.6	59	49
3414	60.9	66.6	56	43
3415	59.7	66.6	56	46
3416	60.9	66.6	50	49
3417	60.9	66.6	56	46
3419	59.7	66.6	55	46
3420	55.85	54.2	55	42
3421	54	54.2	55	55
3422	59.7	54.2	55	50
3423	56.8	54.2	55	49
3429	56.8	54.2	55	42
3430	64.4	52.6	54	49
3431	60.9	78.3	54	53
3432	64.4	78.3	59	49
3433	64.4	49.6	51	49
3434	64.4	78.3	61	51
3439	64.4	78.3	54	53
3440	64.4	50	56	52
3441	64.4	50	56	44
3442	64.4	50	57	52
3443	64.4	50	56	55
3444	64.4	50	46	54
3449	64.4	50	56	55
3450	70.2	50	56	45
3451	70.2	53.1	55	60
3452	70.2	53.1	56	44
3460	69.1	76.5	43	49
3470	56.4	43.7	52	45
3471	56.4	43.7	53	49
3472	56.4	43.7	64	50
3473	56.4	43.7	50	32
3474	56.4	43.7	50	33
3475	56.4	43.7	54	49
4000	59.32	46.57	45	37
4100	60.52	45.79	45	37
4110	51.4	55.89	51	45
4111	63.8	50.3	51	42
4112	51.4	50.3	50	42
4113	63.8	52	50	45
4114	51.4	52	51	45
4115	51.4	66.3	53	53
4120	51.4	43.5	51	44
4121	63.8	43.5	51	45
4122	51.4	43.5	51	36
4130	63.8	44.53	36	32
4131	63.8	40.7	32	30
4132	63.8	47.7	43	44
4133	63.8	53.9	45	37
4140	51.4	32.1	39	37
4141	63.8	49.1	39	36
4142	51.4	25.5	39	33
4143	63.8	49.1	39	41
4144	63.8	25.5	39	37
4190	51.4	49.1	39	37
4200	51.4	49.93	49	39
4210	51.4	49.9	48	37
4211	51.4	49.9	53	34
4212	51.4	49.9	46	42
4213	51.4	49.9	40	34
4214	51.4	49.9	40	15
4215	51.4	49.9	40	27
4220	51.4	50.08	52	38
4221	51.4	49.9	52	38
4222	51.4	50.1	52	38
4223	51.4	50.1	52	38
4229	51.4	50.1	-999	-999
5000	55.74	44.23	40	32
5100	54.94	43.88	38	32
5110	59.3	47.9	34	32
5111	59.3	47.9	34	50
5112	54.5	47.9	34	32
5113	54.5	44.5	34	29
5120	59.3	37.67	32	26
5121	54.5	37.6	30	37
5122	59.3	38	30	31
5123	59.3	35.9	34	21
5130	69.1	51.7	25	27
5131	54.5	51.7	25	23
5132	69.1	44.5	25	42
5133	54.5	44.5	25	17
5139	54.5	44.5	25	29
5140	59.3	47.9	30	29
5141	54.5	47.9	29	32
5142	54.5	47.9	19	17
5143	54.5	47.9	54	34
5149	59.3	47.9	19	29
5150	54.5	44.5	43	37
5151	54.5	44.5	43	37
5152	54.5	44.5	43	37
5160	54.52	63.5	47	37
5161	66.1	63.5	42	35
5162	46.9	63.5	50	40
5163	66.1	63.5	40	39
5164	54.5	63.5	40	39
5169	66.1	63.5	40	30
5200	59.3	44.53	43	31
5220	59.3	44.4	43	32
5230	59.3	45.7	37	24
6000	55	36.9	23	37
6100	55	36.9	23	38
6110	55	36.9	23	40
6111	55	36.9	23	40
6112	55	36.9	23	40
6113	55	36.9	23	40
6114	55	36.9	23	40
6120	55	36.9	23	40
6121	55	36.9	23	40
6122	55	36.9	23	40
6123	55	36.9	23	40
6124	55	36.9	23	40
6129	55	36.9	23	40
6130	55	36.9	23	38
6131	55	36.9	23	40
6132	55	36.9	27	41
6133	55	36.9	28	40
6134	55	36.9	28	30
6140	55	36.9	22	24
6141	55	36.9	22	24
6142	55	36.9	22	16
6149	55	36.9	-999	-999
6150	55	36.9	28	28
6151	55	36.9	28	23
6152	55	36.9	28	23
6153	55	36.9	28	28
6154	55	36.9	28	6
6200	55	36.9	16	38
6210	55	36.9	16	38
7000	43.52	38.35	34	38
7100	39.46	32.49	31	34
7110	29.7	27.8	30	34
7111	39.4	30.9	30	34
7112	39.4	30.9	30	36
7113	29.7	27.8	27	34
7120	40.2	27.8	30	34
7121	29.7	27.8	29	36
7122	34.5	27.8	29	34
7123	52.1	27.8	26	34
7124	33.2	27.8	29	37
7129	52.1	27.8	30	28
7130	38.84	29.97	34	37
7131	32.1	26.2	19	31
7132	32.1	26.2	30	31
7133	32.1	26.2	31	31
7134	32.1	26.2	34	28
7135	32.1	26.2	26	26
7136	32.6	26.2	33	34
7137	50.9	48	37	44
7139	32.1	26.2	-999	-999
7140	32.1	37.3	29	31
7141	32.1	37.3	29	31
7142	32.1	37.3	32	29
7143	32.1	37.3	29	20
7200	45.14	43.1	34	40
7210	36.91	36.6	31	38
7211	39.7	36.6	29	38
7212	35.7	36.6	30	39
7213	39.7	36.6	33	34
7214	39.7	36.6	30	44
7215	34.4	36.6	30	32
7216	34.4	36.6	30	26
7219	34.4	36.6	-999	-999
7220	49.1	36.6	35	37
7221	49.1	43.3	33	35
7222	49.1	43.3	40	40
7223	49.1	43.3	34	38
7224	49.1	36.6	24	27
7230	47.63	40.1	34	43
7231	49.9	40.1	34	43
7232	49.9	40.1	42	50
7233	43.2	40.1	33	42
7234	47.7	40.1	23	20
7240	48.56	48	40	38
7241	50.8	48	40	38
7242	47	48	39	48
7243	43.3	48	41	42
7244	43.3	48	40	35
7245	43.3	48	38	36
7260	43.3	45	-999	-999
7263	43.3	45	-999	-999
7300	56.4	34.6	34	39
7310	56.4	34.6	38	45
7311	56.4	34.6	38	47
7312	56.4	34.6	38	33
7313	56.4	34.6	38	43
7320	56.4	34.6	28	28
7321	56.4	34.6	27	25
7322	56.4	34.6	29	37
7323	56.4	34.6	29	31
7324	56.4	34.6	29	31
7330	56.4	34.6	29	31
7331	56.4	34.6	29	31
7332	56.4	34.6	29	31
7340	56.4	34.6	40	42
7341	56.4	34.6	40	42
7342	56.4	34.6	40	41
7343	56.4	34.6	42	41
7344	56.4	34.6	40	42
7345	56.4	34.6	37	32
7346	56.4	34.6	38	52
7349	56.4	34.6	-999	-999
7400	40.24	40.58	33	33
7410	34.4	33.1	30	28
7411	45	39.5	30	24
7412	34.4	39.5	31	33
7413	45	25.1	30	34
7414	34.4	25.1	30	35
7415	45	33.1	30	34
7416	45	33.1	30	34
7420	36.03	47.7	33	29
7421	34.4	47.7	33	29
7422	34.4	40.5	33	40
7423	34.4	40.5	33	36
7424	45	40.5	33	21
7430	45	45.29	36	34
7431	45	47.7	29	29
7432	45	47.7	29	32
7433	45	40.9	45	40
7434	45	45	36	35
7435	45	47.7	36	40
7436	45	47.7	33	26
7437	45	47.7	28	31
7439	45	47.7	-999	-999
7440	45	42.94	31	27
7441	45	47.7	31	22
7442	45	40.9	31	27
8000	40.77	37.91	31	34
8100	31.93	34.75	30	36
8110	27.7	31	35	31
8111	27.7	31	35	34
8112	27.7	34.7	35	32
8113	27.7	31	35	31
8120	28.5	31	30	40
8121	28.5	31	31	45
8122	28.5	31	30	36
8123	28.5	31	28	38
8124	28.5	31	30	28
8130	31.8	34.7	22	31
8131	31.8	34.7	22	31
8139	31.8	34.7	22	31
8140	28.5	31	27	28
8141	28.5	34.7	27	29
8142	31.8	34.7	27	28
8143	31.8	31	27	28
8150	34.1	36	35	42
8151	31.8	34.7	35	43
8152	34.1	36	35	43
8153	31.8	36	35	43
8154	31.8	34.7	35	43
8155	34.1	36	35	37
8159	34.1	36	35	43
8160	34.1	36	32	38
8161	34.1	36	33	42
8162	34.1	36	27	35
8163	34.1	36	33	34
8170	42.1	35.5	26	30
8171	42.1	35.5	26	30
8172	31.8	34.7	26	30
8200	45.55	40.29	32	34
8210	42.35	35.5	36	37
8211	42.1	35.5	36	38
8212	43.2	35.5	30	30
8213	43.2	35.5	-999	-999
8219	43.2	35.5	-999	-999
8220	43.2	35.5	30	43
8221	43.2	40	30	43
8222	43.2	40	30	43
8223	43.2	35.5	30	28
8224	43.2	40	30	43
8229	43.2	35.5	30	43
8230	43.2	35.5	30	30
8231	43.2	35.5	30	30
8232	45.6	35.5	30	30
8240	42.1	35.5	29	31
8250	42.1	35.5	38	41
8251	42.1	35.5	38	41
8252	45.6	35.5	38	32
8253	42.1	35.5	38	28
8260	45	34.6	30	28
8261	45	34.6	29	29
8262	45.6	34.6	29	29
8263	45.6	34.6	32	25
8264	45	34.6	24	25
8265	45.6	34.6	32	26
8266	45.6	34.6	32	28
8269	45	34.6	32	26
8270	43.2	30.7	29	33
8271	43.2	30.7	29	31
8272	43.2	30.7	29	34
8273	43.2	30.7	29	33
8274	43.2	30.7	29	33
8275	45.6	30.7	29	35
8276	45.6	30.7	29	45
8277	45.6	30.7	29	34
8278	45.6	30.7	29	34
8279	45.6	30.7	29	39
8280	49.25	39.8	31	33
8281	41.7	39.8	30	30
8282	61.5	39.8	34	48
8283	61.5	39.8	34	48
8284	49.6	39.8	30	30
8285	45.1	39.8	30	31
8286	49.6	39.8	30	28
8289	45.1	39.8	-999	-999
8290	45.1	53.1	26	33
8300	40.67	33.86	32	33
8310	41.32	41.6	36	36
8311	44	41.6	41	43
8312	38.2	41.6	32	29
8320	41.33	41.6	34	32
8321	41.4	33.6	30	31
8322	50.5	33.6	30	31
8323	31.5	41.6	30	32
8324	39.3	41.6	34	33
8330	36.59	30.3	26	32
8331	33.9	30.3	26	31
8332	43.5	30.3	26	32
8333	44.4	30.3	28	33
8334	44.4	30.3	28	28
8340	68.4	41.6	32	29
9000	41.28	36.3	20	21
9100	43.58	35.79	25	23
9110	43.7	45.7	29	25
9111	43.7	35.8	29	24
9112	43.7	45.7	28	24
9113	43.7	35.8	29	26
9130	51.4	35.9	16	21
9131	43.7	35.9	16	22
9132	51.4	36.1	16	21
9133	43.7	33.3	16	22
9140	51.4	34.6	23	23
9141	51.4	34.6	23	25
9142	51.4	34.6	23	19
9150	41.1	39.58	27	20
9151	41.1	39.9	25	22
9152	41.1	39.9	27	20
9153	41.1	23.9	27	21
9160	42.9	23.9	23	13
9161	42.9	23.9	23	13
9162	42.9	23.9	23	13
9200	42.88	36.9	16	23
9210	42.88	36.9	16	23
9211	43.4	36.9	16	23
9212	40.9	36.9	16	18
9213	40.9	36.9	16	23
9300	38.87	37.07	23	18
9310	45	37.1	21	16
9311	38.9	37.1	21	18
9312	45	37.1	21	15
9313	38.9	37.1	21	15
9320	43.51	37.07	20	19
9321	45	37.1	20	18
9322	42.9	37	24	22
9329	42.9	37.1	-999	-999
9330	31.52	37.1	29	20
9331	31.2	37.1	22	17
9332	42.9	37.1	22	22
9333	31.2	37.1	30	20
