secocc	ves_m	ves_f
14	55.64	42.81
19	55.64	42.81
21	55.64	43.08
30	58.38	42.81
32	53.66	42.81
33	55.64	42.81
34	55.64	42.81
35	49.7	42.81
36	55.64	42.81
37	55.64	42.81
39	55.64	42.81
41	55.64	43.08
42	55.64	43.08
43	55.64	43.08
52	60.69	42.81
54	60.69	42.81
59	60.69	42.81
62	46.63	42.81
64	46.63	42.81
66	46.63	42.81
68	46.63	42.81
69	55.64	42.81
70	55.64	42.81
71	46.63	45.93
72	46.63	42.81
73	51.53	45.93
75	55.64	42.81
76	46.63	42.81
77	55.64	42.81
79	55.64	42.81
89	55.64	42.81
92	55.64	43.08
110	58.86	55.01
121	57.74	55.01
122	57.74	55.01
129	57.74	55.01
132	58.86	64.92
133	55.18	55.01
134	58.86	58.85
135	56.68	55.01
138	54.62	45.12
139	58.86	57.84
141	58.86	55.01
149	58.86	55.01
151	58.86	55.01
158	58.86	55.01
159	58.86	55.01
161	46.75	55.01
162	50.22	55.01
163	46.75	55.01
171	52.09	55.01
172	52.09	55.01
173	52.09	55.01
174	52.09	55.01
179	52.09	55.01
180	56.98	55.01
190	53.46	53.81
191	53.46	53.81
193	53.46	56.33
194	53.46	54.67
195	53.46	54.67
197	53.46	53.81
198	54.21	53.81
199	55.59	53.81
201	56.86	57.49
202	56.86	57.49
203	56.86	57.49
204	56.86	57.49
209	56.86	57.49
210	58.84	62.49
211	54.37	62.49
212	58.16	62.49
213	58.84	62.49
214	58.84	62.49
215	58.84	62.49
216	58.84	62.49
217	58.84	62.49
218	58.84	62.49
219	58.84	62.49
220	60.96	57.49
230	60.06	57.49
240	57.87	57.49
250	60.96	57.49
260	51.67	57.49
290	61.62	57.49
299	48.43	57.49
300	59.17	59.67
309	51.12	54.95
310	63.76	53.99
319	55.44	53.99
321	49.66	53.99
322	49.66	55.93
331	55.44	50.19
339	50.8	60.94
341	62.4	54.89
342	62.4	54.89
351	50.74	53.99
352	50.74	53.99
359	50.74	53.99
360	52.8	52.91
370	38.27	44.33
380	50.14	51.88
391	43.97	46.95
392	52.8	54.05
393	52.8	54.05
394	52.8	46.56
395	51.83	49.39
399	52.69	53.97
401	66.13	60.97
402	57	60.97
409	57	60.97
410	46.41	42.95
421	58.32	55.42
422	58.32	55.42
431	53.2	43.1
432	53.2	43.1
439	53.2	43.1
441	59.59	43.1
442	59.59	43.1
443	59.59	43.1
451	49.01	43.1
452	41.5	38.68
490	40.13	49.93
510	36.39	44
520	31.75	46.54
531	35.76	30.17
532	33.04	31.44
540	31.35	27.8
551	30.46	32.44
552	29.65	29.15
560	31.75	28.08
570	39.76	49.23
581	45.8	41.94
582	39.17	41.94
583	49.96	41.94
589	31.75	41.94
591	48.38	44.93
592	48.38	42.05
593	48.38	44.93
594	48.38	44.93
595	48.38	44.93
596	48.38	44.93
598	44.15	44.93
599	34.01	35.57
601	33.35	22.21
602	33.35	22.21
611	33.35	22.21
612	33.35	22.21
613	33.35	22.21
614	33.35	22.21
621	21.95	24.4
622	24.54	24.4
623	24.52	24.4
624	21.95	24.4
625	18.84	24.4
626	21.95	24.4
627	21.66	24.4
628	22.66	24.4
629	21.3	24.4
631	41.82	22.21
632	41.82	22.21
641	26.06	22.21
642	26.06	22.21
649	26.06	22.21
700	50.93	50.36
711	42.51	36.72
712	42.51	36.72
713	42.51	36.72
714	42.51	36.72
715	42.51	36.72
721	38.4	36.72
722	38.4	36.72
723	38.4	36.72
724	38.4	36.72
725	38.4	36.72
728	38.4	36.72
729	38.4	36.72
731	50.93	36.72
732	50.93	36.72
734	50.93	36.72
741	49.46	37.91
743	49.46	37.91
744	49.46	37.91
745	49.46	37.91
749	49.46	37.91
751	28.64	36.1
752	28.64	36.1
753	28.64	36.1
754	28.64	36.1
755	28.64	36.1
756	28.64	36.1
759	28.64	36.1
761	50.93	36.72
762	50.93	36.72
771	30.71	32.32
772	30.71	32.32
773	30.71	32.32
774	30.71	32.32
775	30.71	32.32
776	35.71	32.32
777	30.71	32.32
778	43.28	32.32
779	34.02	32.97
781	50.93	36.72
782	50.93	36.72
783	50.93	36.72
789	50.93	36.72
791	42.4	36.72
792	42.71	36.72
793	42.4	36.52
794	42.4	36.72
795	42.4	34.51
796	43.24	36.72
799	42.4	36.72
801	32.12	38.71
802	38.26	38.71
803	38.26	38.71
811	30.73	38.71
812	30.73	38.71
819	30.73	38.71
820	45.07	39.55
831	39.25	38.71
832	39.25	38.71
833	39.25	38.71
834	39.25	38.71
835	39.25	38.71
839	39.41	38.71
841	45.07	38.71
842	46.78	38.71
843	42.65	38.71
844	45.07	38.71
849	45.07	38.71
851	49.55	38.71
852	43.59	38.71
853	43.59	38.71
854	43.59	38.71
855	43.59	38.71
856	43.59	38.71
857	47.46	38.71
859	43.59	38.71
861	45.07	38.71
862	45.07	38.71
871	35.89	38.71
872	39.23	38.71
873	39.07	38.71
874	39.23	38.71
880	45.07	38.71
891	34.11	41.84
892	34.11	41.84
893	34.11	41.84
894	34.11	41.84
895	34.11	41.84
899	34.11	41.84
901	34.73	33.49
902	34.73	33.49
910	41.82	36.85
921	46.4	40.24
922	46.4	40.24
924	46.4	40.24
925	46.4	40.24
926	46.4	40.24
927	46.4	40.24
929	46.4	40.24
931	29.44	36.85
939	36.08	36.85
941	36.13	43.21
942	36.13	43.21
943	36.13	43.21
949	36.13	43.21
951	25.15	36.85
952	25.01	36.85
953	25.15	36.85
954	30.84	36.85
955	25.15	36.85
956	25.15	36.85
957	25.15	36.85
959	34.56	36.85
961	39.81	36.85
969	39.81	36.85
971	33.28	36.85
972	33.28	36.85
973	38.08	36.85
974	36.58	36.85
979	33.28	36.85
981	38.74	47.9
982	41.82	47.9
983	41.82	47.9
985	41.82	47.9
989	41.82	47.9
991	50.71	49.22
992	50.71	49.22
10011	73.21	81.7
10012	73.21	81.7
10013	73.21	81.7
10014	73.21	81.7
10019	73.21	81.7
10020	77.61	82.74
10021	82.11	82.74
10022	80.3	81.7
10023	80.01	82.74
10024	81.24	82.74
10025	80.3	82.74
10026	80.3	82.74
10027	80.3	82.74
10028	80.3	82.74
10029	79.45	82.74
10030	65.95	76.49
10031	67.55	76.49
10032	64.2	76.49
10033	67.55	76.49
10034	67.55	76.49
10035	67.55	76.49
10036	67.55	76.49
10037	67.55	76.49
10038	67.55	76.49
10039	68.5	76.49
10041	71.92	81.7
10042	71.92	81.7
10043	71.92	81.7
10051	67.34	78.52
10052	67.34	78.52
10053	67.34	78.52
10054	67.34	78.52
10061	75.87	78.59
10062	67	56.52
10063	75.87	78.59
10064	67	56.52
10065	75.87	78.59
10067	75.87	78.59
10068	67	77.39
10069	67	78.59
10070	75.87	78.59
10071	67	58.18
10072	67	56.52
10073	73.84	58.18
10075	75.87	78.59
10076	67	78.59
10077	75.87	78.59
10079	75.87	78.59
10081	73.86	76.78
10082	73.86	76.78
10083	73.86	76.78
10085	73.86	76.78
10089	73.86	76.78
10090	79.15	84.05
10091	76.92	84.05
10092	73.99	84.05
10093	79.15	84.05
10110	72.35	74.56
10121	75.22	79.27
10122	75.22	79.27
10129	68.83	71.95
10131	80.26	81.46
10132	68.24	71.58
10133	61.1	60.54
10134	67	65.11
10135	67	78.23
10139	67	66.29
10141	67	60.54
10151	70.61	60.54
10159	70.61	60.54
10161	68.06	60.54
10162	68.06	60.54
10163	68.06	60.54
10171	69.98	60.54
10172	69.98	60.54
10173	69.98	60.54
10174	69.98	60.54
10175	69.98	60.54
10179	69.98	60.54
10180	68.07	60.54
10190	71.12	65.15
10191	71.12	77.09
10192	71.12	82.54
10193	71.12	65.15
10194	71.12	65.15
10195	71.12	65.15
10196	71.12	65.15
10197	69.72	65.15
10198	71.12	65.15
10199	71.12	75.63
10201	76.27	75.6
10202	76.27	75.6
10203	76.27	75.6
10204	76.27	75.6
10205	76.27	75.6
10209	76.27	75.6
10211	70.16	74.99
10212	71.95	74.99
10213	71.95	74.99
10214	71.95	74.99
10215	71.95	74.99
10216	72.16	74.99
10217	80.31	74.99
10218	75.83	74.99
10219	71.95	74.99
10220	75.01	75.6
10230	73.7	75.6
10240	75.56	75.6
10250	75.01	75.6
10260	75.14	75.6
10290	72.78	75.5
10300	71.29	72.08
10310	69.64	77.69
10319	69.64	77.69
10321	65.14	66.91
10322	65.14	66.91
10331	64.62	63.37
10339	65.83	69.72
10341	66.47	66.91
10342	66.47	66.91
10352	65.07	66.91
10359	65.07	66.91
10360	66.99	66.91
10370	65.07	66.91
10380	65.07	66.91
10391	66.97	65.73
10392	65.07	65.73
10393	65.07	65.73
10394	65.07	65.73
10395	65.07	63.91
10399	66.71	72.51
10401	76.31	73.49
10402	70.8	73.49
10409	70.8	73.49
10410	63.48	66.43
10421	66.66	66.19
10422	66.66	66.19
10431	66.96	66.19
10432	66.96	66.19
10439	66.96	66.19
10441	69.89	66.19
10442	69.89	66.19
10443	69.89	66.19
10451	65.13	66.19
10452	64.04	61.05
10490	65.13	66.19
10510	56.49	48.02
10520	56.49	48.02
10531	46.87	48.02
10532	46.87	48.02
10540	56.49	48.02
10551	57.2	43.42
10552	57.2	43.42
10560	56.49	48.02
10570	56.49	48.02
10581	56.49	48.02
10582	56.49	48.02
10583	56.49	48.02
10589	56.49	48.02
10591	70.33	56.41
10592	70.33	56.41
10593	70.33	56.41
10594	70.33	56.41
10596	70.33	56.41
10599	70.33	56.41
10601	69.52	60.54
10602	69.52	60.54
10611	69.52	60.54
10612	69.52	60.54
10613	69.52	60.54
10614	69.52	60.54
10621	67	60.54
10622	67	60.54
10624	67	60.54
10625	67	60.54
10626	67	60.54
10627	67	60.54
10628	67	60.54
10629	67	60.54
10631	67	60.54
10632	67	60.54
10641	67	60.54
10700	64.01	70.15
10711	64.01	51.27
10712	64.01	51.27
10713	64.01	51.27
10721	64.01	51.27
10726	64.01	51.27
10728	64.01	51.27
10729	64.01	51.27
10732	64.01	51.27
10734	64.01	51.27
10741	62.88	51.27
10744	62.88	51.27
10745	62.88	51.27
10749	62.88	51.27
10754	64.01	51.27
10755	64.01	51.27
10756	64.01	51.27
10759	64.01	51.27
10771	64.01	51.27
10772	64.01	51.27
10773	64.01	51.27
10774	64.01	51.27
10775	64.01	51.27
10776	64.01	51.27
10778	64.01	51.27
10779	64.01	51.27
10783	64.01	51.27
10791	64.01	51.27
10792	64.01	51.27
10794	64.01	51.27
10795	64.01	51.27
10796	64.01	51.27
10799	64.01	51.27
10801	55.54	60.54
10802	55.54	60.54
10803	55.54	60.54
10811	55.54	60.54
10819	55.54	60.54
10820	54.94	60.54
10831	55.54	60.54
10832	55.54	60.54
10834	55.54	60.54
10835	55.54	60.54
10839	55.54	60.54
10841	58.34	60.54
10842	58.34	60.54
10843	52.66	60.54
10844	58.34	60.54
10849	58.34	60.54
10851	55.54	60.54
10852	55.54	60.54
10853	55.54	60.54
10854	55.54	60.54
10855	55.54	60.54
10856	55.54	60.54
10857	55.54	60.54
10859	55.54	60.54
10861	55.54	60.54
10862	55.54	60.54
10871	47.03	60.54
10872	47.03	60.54
10873	47.03	60.54
10874	47.03	60.54
10880	55.54	60.54
10891	55.54	60.54
10892	55.54	60.54
10899	55.54	60.54
10901	55.31	63.68
10902	55.31	63.68
10910	55.31	63.68
10921	55.31	63.68
10922	55.31	63.68
10924	55.31	63.68
10925	55.31	63.68
10926	55.31	63.68
10927	55.31	63.68
10929	55.31	63.68
10931	55.31	63.68
10939	55.31	63.68
10943	55.31	63.68
10949	55.31	63.68
10951	46.24	63.68
10952	57.34	63.68
10953	57.34	63.68
10954	57.34	63.68
10955	57.34	63.68
10957	57.34	63.68
10959	57.34	63.68
10961	55.31	63.68
10969	55.31	63.68
10971	55.31	63.68
10973	55.31	63.68
10974	55.31	63.68
10981	55.31	63.68
10985	55.31	63.68
