    00         0 51.2 53.70            
    02         1 51.2 53.70            
    06         2 51.2 53.70            
    10         0 63.0 62.14            
    12         1 65.0 67.24            
    16         2 62.5 61.10            
    20         0 75.1 70.98            
    22         1 75.9 76.22            
    26         2 75.0 70.55            
    30         0 59.5 55.07            
    32         1 65.5 59.53            
    36         2 58.6 54.84            
    40         0 52.0 51.38            
    42         1 60.2 62.52            
    46         2 51.3 50.63            
    50         0 52.4 45.24            
    52         1 59.2 51.65            
    56         2 47.9 42.38            
    60         0 34.4 33.89            
    62         1 41.2 51.10            
    66         2 25.2 26.74            
    70         0 42.4 37.73            
    72         1 49.5 47.09            
    76         2 40.9 36.45            
    80         0 39.2 30.67            
    82         1 49.2 37.68            
    86         2 37.6 30.36            
    90         0 31.7 28.01            
    92         1 42.2 39.80            
    96         2 30.7 27.73            
   110         0 66.7 69.40            
   112         1 66.1 66.98            
   116         2 66.7 69.40            
   120         0 62.4 61.70            
   122         1 68.1 72.31            
   126         2 61.6 60.71            
   130         0 64.6 62.67            
   132         1 62.6 64.16            
   136         2 67.3 61.30            
   210         0 76.2 74.70            
   212         1 78.6 77.98            
   216         2 75.7 74.16            
   220         0 80.0 82.56            
   222         1 77.8 80.90            
   226         2 80.6 82.98            
   230         0 73.4 68.33            
   232         1 62.5 76.95            
   236         2 73.7 68.25            
   240         0 73.6 72.47            
   242         1 74.7 73.68            
   246         2 73.1 72.19            
   310         0 59.5 56.01            
   312         1 65.1 50.41            
   316         2 59.0 56.33            
   320         0 56.0 53.18            
   322         1 64.5 64.94            
   326         2 54.2 52.90            
   330         0 60.9 53.51            
   332         1 60.9 56.80            
   336         2 60.9 53.37            
   340         0 59.8 56.06            
   342         1 66.2 60.57            
   346         2 58.5 55.74            
   410         0 51.6 51.63            
   412         1 60.8 63.53            
   416         2 50.8 50.74            
   420         0 55.4 50.06            
   422         1 55.4 50.54            
   426         2 55.4 50.05            
   510         0 47.2 43.91            
   512         1 52.6 50.78            
   516         2 45.5 41.43            
   520         0 58.4 46.19            
   522         1 62.3 52.13            
   526         2 52.9 43.14            
   610         0 34.4 33.89            
   612         1 41.2 51.10            
   616         2 25.2 26.74            
   710         0 38.9 45.31            
   712         1 44.7 53.00            
   716         2 36.8 40.76            
   720         0 42.2 38.71            
   722         1 51.2 50.24            
   726         2 41.0 37.69            
   730         0 51.8 37.82            
   732         1 60.1 48.07            
   736         2 48.5 36.85            
   740         0 40.9 34.13            
   742         1 50.5 45.98            
   746         2 38.0 31.95            
   750         0 50.1 46.55            
   752         1 64.2 45.40            
   756         2 49.1 46.60            
   810         0 38.6 32.10            
   812         1 48.7 37.26            
   816         2 38.4 32.10            
   820         0 36.2 30.67            
   822         1 48.7 38.05            
   826         2 35.4 30.46            
   830         0 40.0 29.64            
   832         1 49.2 37.21            
   836         2 38.1 26.78            
   910         0 34.4 28.91            
   912         1 29.4 39.80            
   916         2 34.6 28.73            
   920         0 23.5  1.00            
   922         1 23.5  1.00            
   926         2 23.5  1.00            
   930         0 30.6 26.50            
   932         1 46.3 39.80            
   936         2 28.3 25.48            
  1100         0 51.2 53.70            
  1102         1 51.2 53.70            
  1106         2 51.2 53.70            
  1110         0 72.5 67.95            
  1112         1 65.2 66.50            
  1116         2 72.5 69.40            
  1120         0 72.5 69.40            
  1122         1 72.5 66.50            
  1126         2 72.5 69.40            
  1130         0 63.3 69.40            
  1132         1 63.3 69.40            
  1136         2 63.3 69.40            
  1140         0 72.5 69.40            
  1142         1 65.2 66.50            
  1146         2 72.5 69.40            
  1210         0 72.7 70.07            
  1212         1 70.3 74.70            
  1216         2 73.8 68.60            
  1220         0 61.9 57.91            
  1222         1 62.4 68.70            
  1226         2 61.8 56.71            
  1230         0 68.4 64.17            
  1232         1 74.7 74.15            
  1236         2 67.8 63.77            
  1250         0 51.2 53.70            
  1252         1 51.2 53.70            
  1256         2 51.2 53.70            
  1310         0 64.6 62.67            
  1312         1 62.6 64.16            
  1316         2 67.3 61.30            
  2110         0 95.1 65.60            
  2112         1 77.7 74.60            
  2116         2 95.1 65.60            
  2120         0 95.1 65.60            
  2122         1 95.1 65.60            
  2126         2 95.1 65.60            
  2130         0 80.4 72.30            
  2132         1 86.0 72.30            
  2136         2 79.8 72.30            
  2140         0 74.4 76.97            
  2142         1 77.8 79.57            
  2146         2 73.6 76.47            
  2210         0 82.0 85.20            
  2212         1 77.8 80.90            
  2216         2 82.0 85.20            
  2220         0 79.9 82.64            
  2222         1 77.8 80.90            
  2226         2 80.4 83.13            
  2230         0 79.1 75.30            
  2232         1 77.8 80.90            
  2236         2 80.4 75.30            
  2310         0 89.2 91.70            
  2312         1 89.2 91.70            
  2316         2 89.2 91.70            
  2320         0 70.3 77.58            
  2322         1 62.0 78.70            
  2326         2 70.6 77.57            
  2330         0 71.5 64.04            
  2332         1 71.5 62.80            
  2336         2 71.5 64.04            
  2340         0 58.5 73.90            
  2342         1 58.5 73.90            
  2346         2 58.5 73.90            
  2350         0 59.9 74.34            
  2352         1 58.5 74.40            
  2356         2 60.1 74.33            
  2400         0 74.5 70.07            
  2402         1 71.7 69.70            
  2406         2 75.2 70.10            
  2410         0 66.1 65.39            
  2412         1 65.4 69.70            
  2416         2 66.3 64.25            
  2420         0 80.3 78.40            
  2422         1 82.8 78.40            
  2426         2 78.2 78.40            
  2430         0 77.5 74.40            
  2432         1 77.5 74.40            
  2436         2 77.5 74.40            
  2440         0 84.3 81.11            
  2442         1 84.6 79.04            
  2446         2 84.2 81.41            
  2450         0 75.7 74.81            
  2452         1 77.2 74.62            
  2456         2 74.1 74.92            
  2460         0 79.6 78.10            
  2462         1 73.9 69.70            
  2466         2 79.6 78.10            
  3110         0 61.2 61.13            
  3112         1 68.4 51.10            
  3116         2 60.2 61.72            
  3120         0 59.6 58.04            
  3122         1 59.8 51.10            
  3126         2 59.6 58.62            
  3130         0 63.6 53.55            
  3132         1 68.4 51.10            
  3136         2 58.8 56.00            
  3140         0 54.3 58.08            
  3142         1 54.3 51.10            
  3146         2 54.3 58.50            
  3150         0 54.7 47.80            
  3152         1 54.1 47.80            
  3156         2 54.7 47.80            
  3210         0 61.6 60.40            
  3212         1 67.2 67.90            
  3216         2 56.0 52.90            
  3220         0 58.7 58.20            
  3222         1 63.4 67.90            
  3226         2 57.0 57.88            
  3230         0 51.9 48.45            
  3232         1 51.9 47.95            
  3236         2 51.9 48.46            
  3240         0 68.4 67.90            
  3242         1 68.4 67.90            
  3246         2 56.0 52.90            
  3310         0 60.9 56.80            
  3312         1 67.2 56.80            
  3316         2 60.9 56.80            
  3320         0 60.9 50.30            
  3322         1 67.2 50.30            
  3326         2 60.9 50.30            
  3330         0 64.1 56.80            
  3332         1 67.2 60.90            
  3336         2 60.9 56.80            
  3340         0 60.9 56.80            
  3342         1 60.9 56.80            
  3346         2 60.9 56.80            
  3400         0 54.6 57.57            
  3402         1 54.6 76.10            
  3406         2 54.6 55.50            
  3410         0 59.5 56.13            
  3412         1 65.2 57.55            
  3416         2 58.3 55.99            
  3420         0 72.5 58.80            
  3422         1 72.5 58.56            
  3426         2 72.5 58.81            
  3430         0 68.4 55.53            
  3432         1 70.1 56.35            
  3436         2 67.7 55.49            
  3440         0 57.8 53.40            
  3442         1 57.8 53.40            
  3446         2 57.8 53.40            
  3450         0 43.8 53.40            
  3452         1 56.6 62.10            
  3456         2 43.4 53.40            
  3460         0 64.6 44.20            
  3462         1 66.5 44.20            
  3466         2 64.6 44.20            
  3470         0 70.0 74.10            
  3472         1 70.0 74.10            
  3476         2 70.0 74.10            
  3480         0 62.6 44.20            
  3482         1 66.5 62.10            
  3486         2 58.6 44.20            
  4110         0 65.1 51.86            
  4112         1 65.1 66.30            
  4116         2 65.1 51.06            
  4120         0 67.5 53.02            
  4122         1 67.5 63.60            
  4126         2 67.5 51.75            
  4130         0 46.8 41.70            
  4132         1 51.2 64.70            
  4136         2 46.8 41.70            
  4140         0 43.9 38.27            
  4142         1 46.8 41.70            
  4146         2 43.8 38.16            
  4190         0 57.0 55.50            
  4192         1 57.0 55.50            
  4196         2 57.0 55.50            
  4210         0 55.4 50.40            
  4212         1 55.4 50.40            
  4216         2 55.4 50.40            
  4220         0 55.4 49.18            
  4222         1 55.4 50.82            
  4226         2 55.4 49.12            
  5100         0 45.6 46.30            
  5102         1 45.6 46.30            
  5106         2 45.6 46.30            
  5110         0 40.8 38.50            
  5112         1 38.8 38.50            
  5116         2 40.9 38.50            
  5120         0 51.8 40.98            
  5122         1 54.8 47.30            
  5126         2 49.4 39.42            
  5130         0 48.5 41.80            
  5132         1 51.6 49.24            
  5136         2 48.5 41.80            
  5140         0 50.8 50.59            
  5142         1 56.3 52.40            
  5146         2 46.5 47.16            
  5150         0 48.8 46.10            
  5152         1 52.4 51.10            
  5156         2 45.1 41.10            
  5160         0 44.9 46.30            
  5162         1 41.9 51.10            
  5166         2 45.2 46.30            
  5210         0 70.0 74.10            
  5212         1 62.3 74.10            
  5216         2 70.0 74.10            
  5220         0 58.4 46.10            
  5222         1 62.3 52.10            
  5226         2 52.8 43.00            
  5230         0 59.5 45.65            
  5232         1 62.3 52.10            
  5236         2 52.8 43.00            
  6110         0 34.7 40.71            
  6112         1 40.0 51.10            
  6116         2 27.9 36.70            
  6120         0 27.1 21.37            
  6122         1 41.7 51.10            
  6126         2 21.9 14.43            
  6130         0 40.9 39.96            
  6132         1 41.7 51.10            
  6136         2 27.3 30.80            
  6140         0 33.5 33.92            
  6142         1 41.7 51.10            
  6146         2 29.9 30.80            
  6150         0 28.0 30.80            
  6152         1 41.7 51.10            
  6156         2 27.3 30.80            
  7110         0 37.4 36.60            
  7112         1 52.8 53.00            
  7116         2 34.4 36.60            
  7120         0 34.0 46.70            
  7122         1 42.2 53.00            
  7126         2 30.6 36.20            
  7130         0 42.5 46.52            
  7132         1 46.2 53.00            
  7136         2 41.4 44.36            
  7140         0 40.4 39.56            
  7142         1 44.8 53.00            
  7146         2 37.3 36.20            
  7200         0 38.8 38.70            
  7202         1 47.5 38.70            
  7206         2 37.4 38.70            
  7210         0 39.0 36.20            
  7212         1 47.5 36.20            
  7216         2 38.4 36.20            
  7220         0 40.3 35.11            
  7222         1 48.9 49.95            
  7226         2 39.3 33.65            
  7230         0 43.5 42.76            
  7232         1 51.7 53.00            
  7236         2 42.3 40.20            
  7240         0 49.7 42.31            
  7242         1 56.6 53.00            
  7246         2 47.9 41.41            
  7310         0 52.8 47.40            
  7312         1 61.4 47.40            
  7316         2 49.7 47.40            
  7320         0 52.2 39.21            
  7322         1 58.4 53.00            
  7326         2 49.2 38.00            
  7330         0 44.5 30.03            
  7332         1 58.4 53.00            
  7336         2 35.0 27.27            
  7340         0 54.3 36.99            
  7342         1 58.5 42.04            
  7346         2 53.1 36.51            
  7410         0 39.7 33.62            
  7412         1 54.8 46.70            
  7416         2 37.1 32.30            
  7420         0 40.1 36.20            
  7422         1 44.8 53.00            
  7426         2 38.3 33.40            
  7430         0 45.0 34.64            
  7432         1 56.4 45.55            
  7436         2 39.3 32.30            
  7440         0 42.8 31.30            
  7442         1 56.4 45.40            
  7446         2 39.3 28.90            
  7510         0 56.0 56.18            
  7512         1 64.2 45.40            
  7516         2 55.2 57.70            
  7520         0 42.6 43.40            
  7522         1 64.2 45.40            
  7526         2 41.7 43.40            
  8110         0 36.9 32.10            
  8112         1 48.7 38.30            
  8116         2 35.6 32.10            
  8120         0 36.3 32.10            
  8122         1 48.7 32.10            
  8126         2 35.6 32.10            
  8130         0 36.1 32.10            
  8132         1 36.1 38.30            
  8136         2 36.1 32.10            
  8140         0 43.9 35.20            
  8142         1 49.2 38.30            
  8146         2 38.5 32.10            
  8150         0 42.7 32.10            
  8152         1 42.7 38.30            
  8156         2 42.7 32.10            
  8160         0 39.4 32.10            
  8162         1 38.7 38.30            
  8166         2 39.4 32.10            
  8170         0 43.9 35.20            
  8172         1 49.2 38.30            
  8176         2 38.5 32.10            
  8210         0 39.2 33.30            
  8212         1 48.7 38.30            
  8216         2 38.5 33.19            
  8220         0 43.5 47.10            
  8222         1 48.7 40.06            
  8226         2 43.4 47.10            
  8230         0 38.6 22.03            
  8232         1 48.7 38.30            
  8236         2 35.9 21.20            
  8240         0 27.0 28.07            
  8242         1 48.7 38.30            
  8246         2 24.3 27.10            
  8250         0 46.6 27.80            
  8252         1 48.7 38.30            
  8256         2 46.5 27.10            
  8260         0 29.1 28.86            
  8262         1 48.7 38.30            
  8266         2 26.7 28.60            
  8270         0 35.9 33.11            
  8272         1 48.7 33.00            
  8276         2 35.5 33.12            
  8280         0 42.3 34.40            
  8282         1 49.2 38.30            
  8286         2 35.4 30.50            
  8290         0 34.2 34.13            
  8292         1 48.7 38.30            
  8296         2 33.8 34.00            
  8300         0 42.6 33.80            
  8302         1 48.7 38.30            
  8306         2 37.8 29.30            
  8310         0 45.1 33.80            
  8312         1 47.2 38.30            
  8316         2 45.1 29.30            
  8320         0 42.9 38.40            
  8322         1 50.0 38.40            
  8326         2 41.0 38.40            
  8330         0 30.5 19.06            
  8332         1 41.6 28.30            
  8336         2 29.7 18.30            
  8340         0 38.2 18.30            
  8342         1 41.6 38.30            
  8346         2 37.8 18.30            
  9110         0 32.0 34.25            
  9112         1 29.4 39.80            
  9116         2 34.6 28.70            
  9130         0 32.7 30.60            
  9132         1 29.4 39.80            
  9136         2 32.7 30.50            
  9140         0 32.0 27.17            
  9142         1 29.4 39.80            
  9146         2 32.7 27.00            
  9150         0 35.5 37.06            
  9152         1 29.4 38.66            
  9156         2 35.6 37.06            
  9160         0 30.5 23.93            
  9162         1 29.4 39.80            
  9166         2 30.5 23.30            
  9210         0 23.5  1.00            
  9212         1 23.5  1.00            
  9216         2 23.5  1.00            
  9300         0 28.5 26.22            
  9302         1 29.4 39.80            
  9306         2 28.5 24.80            
  9310         0 21.2 27.30            
  9312         1 29.4 39.80            
  9316         2 20.8 24.80            
  9320         0 40.5 32.70            
  9322         1 52.7 39.80            
  9326         2 28.2 25.60            
  9330         0 35.0 26.72            
  9332         1 49.0 39.80            
  9336         2 29.2 26.12            
 11100         0 72.5 67.95     77   64
 11102         1 65.2 66.50     77   64
 11106         2 72.5 69.40     77   64
 11200         0 72.5 69.40     77   71
 11202         1 72.5 66.50     77   71
 11206         2 72.5 69.40     77   71
 11300         0 63.3 69.40     66   63
 11302         1 63.3 69.40     66   63
 11306         2 63.3 69.40     66   63
 11410         0 66.1 67.95     58   63
 11412         1 65.2 66.50     58   63
 11416         2 66.9 69.40     58   63
 11420         0 72.5 69.40     58   63
 11422         1 65.2 66.50     58   63
 11426         2 72.5 69.40     58   63
 11430         0 72.5 69.40     58   63
 11432         1 65.2 66.50     58   63
 11436         2 72.5 69.40     58   63
 12100         0 72.7 70.07     70   70
 12102         1 70.3 74.70     70   70
 12106         2 73.8 68.60     70   70
 12210         0 57.6 64.10     67   60
 12212         1 63.9 68.70     67   60
 12216         2 57.0 64.10     67   60
 12220         0 59.8 64.28     67   60
 12222         1 63.9 68.70     67   60
 12226         2 59.4 64.10     67   60
 12230         0 62.0 64.10     67   60
 12232         1 63.9 68.70     67   60
 12236         2 61.6 64.10     67   60
 12240         0 59.2 55.39     59   60
 12242         1 60.8 68.70     59   60
 12246         2 58.7 52.40     59   60
 12250         0 70.7 57.97     59   60
 12252         1 60.8 68.70     59   60
 12256         2 75.6 55.50     59   60
 12260         0 58.0 58.00     59   60
 12262         1 63.9 68.70     59   60
 12266         2 57.0 58.00     59   60
 12270         0 58.9 60.54     87   60
 12272         1 60.8 68.70     87   60
 12276         2 58.7 60.30     87   60
 12280         0 75.6 55.50     59   60
 12282         1 62.4 68.70     59   60
 12286         2 75.6 55.50     59   60
 12290         0 75.0 58.76     67   60
 12292         1 60.8 68.70     67   60
 12296         2 75.6 58.00     67   60
 12310         0 74.3 64.67     69   60
 12312         1 74.7 74.70     69   60
 12316         2 74.3 64.10     69   60
 12320         0 72.3 63.80     69   60
 12322         1 74.7 63.80     69   60
 12326         2 72.2 63.80     69   60
 12330         0 74.4 56.10     56   60
 12332         1 74.7 56.10     56   60
 12336         2 74.3 56.10     56   60
 12340         0 74.7 67.60     69   60
 12342         1 74.7 71.40     69   60
 12346         2 67.7 63.80     69   60
 12350         0 63.2 65.19     69   60
 12352         1 74.7 68.70     69   60
 12356         2 62.3 64.80     69   60
 12360         0 65.8 65.90     69   60
 12362         1 74.7 65.90     69   60
 12366         2 64.6 65.90     69   60
 12370         0 65.2 65.90     69   60
 12372         1 74.7 71.40     69   60
 12376         2 64.6 65.90     69   60
 12390         0 62.3 64.80     69   60
 12392         1 74.7 64.80     69   60
 12396         2 62.3 64.80     69   60
 12510         0 60.6 53.70     70   73
 12512         1 51.2 53.70     70   73
 12516         2 60.6 53.70     70   73
 12520         0 44.0 53.70     60   63
 12522         1 51.2 53.70     60   63
 12526         2 44.0 53.70     60   63
 13110         0 66.6 59.30     43   47
 13112         1 66.6 59.30     43   47
 13116         2 66.6 59.30     43   47
 13120         0 62.5 59.30     56   52
 13122         1 61.6 59.30     56   52
 13126         2 64.0 59.30     56   52
 13130         0 63.8 59.30     51   52
 13132         1 63.8 59.30     51   52
 13136         2 64.0 61.60     51   52
 13140         0 61.5 62.36     49   46
 13142         1 58.8 66.20     49   46
 13146         2 66.8 55.40     49   46
 13150         0 54.0 63.80     44   38
 13152         1 54.0 66.20     44   38
 13156         2 54.0 55.40     44   38
 13160         0 62.7 59.30     51   52
 13162         1 61.6 59.30     51   52
 13166         2 64.0 61.60     51   52
 13170         0 73.9 63.91     51   52
 13172         1 73.9 64.50     51   52
 13176         2 73.9 63.50     51   52
 13180         0 68.2 63.84     51   52
 13182         1 67.2 64.50     51   52
 13186         2 69.1 63.50     51   52
 13190         0 68.4 63.60     51   52
 13192         1 67.2 64.50     51   52
 13196         2 69.1 63.50     51   52
 21110         0 95.1 65.60     74   75
 21112         1 77.7 74.60     74   75
 21116         2 95.1 65.60     74   75
 21120         0 76.6 65.60     74   72
 21122         1 77.7 74.60     74   72
 21126         2 75.4 65.60     74   72
 21130         0 95.1 65.60     74   69
 21132         1 77.7 74.60     74   69
 21136         2 95.1 65.60     74   69
 21140         0 95.1 74.60     74   67
 21142         1 77.7 74.60     74   67
 21146         2 95.1 74.60     74   67
 21210         0 95.1 65.60     71   69
 21212         1 95.1 65.60     71   69
 21216         2 95.1 65.60     71   69
 21220         0 95.1 65.60     71   55
 21222         1 77.7 65.60     71   55
 21226         2 95.1 65.60     71   55
 21310         0 86.0 72.30     71   51
 21312         1 77.7 72.30     71   51
 21316         2 86.0 72.30     71   51
 21320         0 86.0 72.30     71   51
 21322         1 77.7 72.30     71   51
 21326         2 86.0 72.30     71   51
 21390         0 78.2 72.30     71   51
 21392         1 86.0 72.30     71   51
 21396         2 77.1 72.30     71   51
 21410         0 79.2 84.10     69   72
 21412         1 78.4 84.10     69   72
 21416         2 79.9 84.10     69   72
 21420         0 79.3 84.10     69   70
 21422         1 78.4 84.10     69   70
 21426         2 79.9 84.10     69   70
 21430         0 77.1 71.70     68   65
 21432         1 79.5 76.70     68   65
 21436         2 76.7 71.70     68   65
 21440         0 82.0 71.70     68   65
 21442         1 79.5 76.70     68   65
 21446         2 82.3 71.70     68   65
 21450         0 73.4 71.70     67   66
 21452         1 79.5 71.70     67   66
 21456         2 72.4 71.70     67   66
 21460         0 70.1 71.70     71   66
 21462         1 79.5 71.70     71   66
 21466         2 69.7 71.70     71   66
 21470         0 71.2 76.50     67   61
 21472         1 75.4 76.70     67   61
 21476         2 70.9 76.50     67   61
 21480         0 72.4 76.50     56   58
 21482         1 75.4 76.70     56   58
 21486         2 70.9 76.50     56   58
 21490         0 71.5 76.50     69   56
 21492         1 75.4 76.50     69   56
 21496         2 70.9 76.50     69   56
 22100         0 82.0 85.20     78   62
 22102         1 77.8 80.90     78   62
 22106         2 82.0 85.20     78   62
 22110         0 82.0 85.20     77   69
 22112         1 77.8 80.90     77   69
 22116         2 82.0 85.20     77   69
 22120         0 82.0 81.70     77   68
 22122         1 77.8 80.90     77   68
 22126         2 82.0 82.50     77   68
 22130         0 79.1 81.70     79   56
 22132         1 77.8 80.90     79   56
 22136         2 80.4 82.50     79   56
 22210         0 81.3 84.39     88   78
 22212         1 77.8 80.90     88   78
 22216         2 82.0 85.20     88   78
 22220         0 77.2 82.47     85   70
 22222         1 77.8 80.90     85   70
 22226         2 76.7 82.90     85   70
 22230         0 76.8 80.90     83   61
 22232         1 77.8 80.90     83   61
 22236         2 76.7 82.50     83   61
 22240         0 77.0 77.04     74   64
 22242         1 77.8 80.90     74   64
 22246         2 76.7 75.30     74   64
 22290         0 76.7 82.67     85   73
 22292         1 77.8 80.90     85   73
 22296         2 76.7 82.90     85   73
 22300         0 79.1 75.30     43   54
 22302         1 77.8 80.90     43   54
 22306         2 80.4 75.30     43   54
 23100         0 89.2 91.70     77   78
 23102         1 89.2 91.70     77   78
 23106         2 89.2 91.70     77   78
 23200         0 70.3 77.58     69   60
 23202         1 62.0 78.70     69   60
 23206         2 70.6 77.57     69   60
 23210         0 73.4 78.70     70   60
 23212         1 73.4 78.70     70   60
 23216         2 73.4 78.70     70   60
 23220         0 57.5 66.00     66   57
 23222         1 57.5 66.00     66   57
 23226         2 57.5 66.00     66   57
 23230         0 69.1 77.40            
 23232         1 69.1 77.40            
 23236         2 69.1 77.40            
 23310         0 71.5 66.30     66   57
 23312         1 71.5 66.30     66   57
 23316         2 71.5 66.30     66   57
 23320         0 71.5 59.30     43   49
 23322         1 71.5 59.30     43   49
 23326         2 71.5 59.30     43   49
 23400         0 58.5 73.90     66   62
 23402         1 58.5 73.90     66   62
 23406         2 58.5 73.90     66   62
 23510         0 89.2 73.90     70   68
 23512         1 58.5 74.40     70   68
 23516         2 89.2 73.90     70   68
 23520         0 58.5 74.40     70   68
 23522         1 58.5 74.40     70   68
 23526         2 58.5 74.40     70   68
 23590         0 58.5 74.40     65   62
 23592         1 58.5 74.40     65   62
 23596         2 58.5 74.40     65   62
 24000         0 73.6 72.47     68   60
 24002         1 74.7 73.68     68   60
 24006         2 73.1 72.19     68   60
 24110         0 72.7 67.23     69   62
 24112         1 71.7 69.70     69   62
 24116         2 73.3 66.50     69   62
 24120         0 65.5 64.90     69   56
 24122         1 65.9 69.70     69   56
 24126         2 65.0 63.30     69   56
 24190         0 64.5 64.58     69   57
 24192         1 62.6 69.70     69   57
 24196         2 65.0 63.30     69   57
 24210         0 80.7 78.40     85   73
 24212         1 82.8 78.40     85   73
 24216         2 78.2 78.40     85   73
 24220         0 78.2 78.40     90   76
 24222         1 82.8 69.70     90   76
 24226         2 78.2 78.40     90   76
 24290         0 78.2 78.40     82   71
 24292         1 82.8 78.40     82   71
 24296         2 78.2 78.40     82   71
 24300         0 77.5 74.40     65   54
 24302         1 77.5 74.40     65   54
 24306         2 77.5 74.40     65   54
 24310         0 77.5 74.40     65   54
 24312         1 77.5 74.40     65   54
 24316         2 77.5 74.40     65   54
 24320         0 77.5 74.40     65   54
 24322         1 73.9 74.40     65   54
 24326         2 77.5 74.40     65   54
 24400         0 84.3 81.11     65   58
 24402         1 84.6 79.04     65   58
 24406         2 84.2 81.41     65   58
 24410         0 88.0 82.80     78   60
 24412         1 88.0 82.80     78   60
 24416         2 88.0 82.80     78   60
 24420         0 88.0 75.40     71   67
 24422         1 73.9 69.70     71   67
 24426         2 88.0 81.10     71   67
 24430         0 79.6 78.10     71   67
 24432         1 73.9 78.10     71   67
 24436         2 79.6 78.10     71   67
 24440         0 79.6 78.10     65   62
 24442         1 79.6 78.10     65   62
 24446         2 79.6 78.10     65   62
 24450         0 88.0 82.80     71   67
 24452         1 73.9 82.80     71   67
 24456         2 88.0 82.80     71   67
 24460         0 79.6 78.10     51   52
 24462         1 73.9 69.70     51   52
 24466         2 79.6 78.10     51   52
 24500         0 75.7 74.81     61   57
 24502         1 77.2 74.62     61   57
 24506         2 74.1 74.92     61   57
 24510         0 79.1 73.60     65   58
 24512         1 79.1 73.60     65   58
 24516         2 79.1 73.60     65   58
 24520         0 80.6 76.20     54   57
 24522         1 80.6 76.20     54   57
 24526         2 80.6 76.20     54   57
 24530         0 67.9 75.01     64   45
 24532         1 67.9 69.70     64   45
 24536         2 67.9 76.20     64   45
 24540         0 73.5 75.50     64   40
 24542         1 80.6 76.20     64   40
 24546         2 73.5 74.80     64   40
 24550         0 67.9 76.20     64   57
 24552         1 67.9 76.20     64   57
 24556         2 67.9 76.20     64   57
 24600         0 79.6 78.10     53   60
 24602         1 73.9 69.70     53   60
 24606         2 79.6 78.10     53   60
 31110         0 72.3 65.80     45   46
 31112         1 70.7 51.10     45   46
 31116         2 72.5 65.80     45   46
 31120         0 63.0 58.45     45   39
 31122         1 70.7 51.10     45   39
 31126         2 60.8 65.80     45   39
 31130         0 65.8 61.40     46   46
 31132         1 70.7 51.10     46   46
 31136         2 65.5 61.40     46   46
 31140         0 58.4 63.35     46   46
 31142         1 66.8 51.10     46   46
 31146         2 57.5 65.80     46   46
 31150         0 57.6 58.50     54   46
 31152         1 66.8 51.10     54   46
 31156         2 56.6 58.50     54   46
 31160         0 65.1 65.80     54   46
 31162         1 70.7 65.80     54   46
 31166         2 64.4 65.80     54   46
 31170         0 60.1 58.50     54   53
 31172         1 66.8 51.10     54   53
 31176         2 59.3 58.50     54   53
 31180         0 60.8 64.00     51   55
 31182         1 66.8 51.10     51   55
 31186         2 59.3 64.70     51   55
 31190         0 60.0 58.34     53   46
 31192         1 66.8 51.10     53   46
 31196         2 59.3 58.50     53   46
 31210         0 60.8 57.04     52   53
 31212         1 60.8 51.10     52   53
 31216         2 60.8 57.60     52   53
 31220         0 51.6 60.63     52   53
 31222         1 51.6 51.10     52   53
 31226         2 51.6 61.20     52   53
 31230         0 64.0 54.90     52   53
 31232         1 68.4 51.10     52   53
 31236         2 59.6 58.70     52   53
 31310         0 63.6 53.55     48   46
 31312         1 68.4 51.10     48   46
 31316         2 58.8 56.00     48   46
 31320         0 63.6 53.55     57   49
 31322         1 68.4 51.10     57   49
 31326         2 58.8 56.00     57   49
 31330         0 63.6 53.55     57   58
 31332         1 68.4 51.10     57   58
 31336         2 58.8 56.00     57   58
 31390         0 63.6 53.55     52   44
 31392         1 68.4 51.10     52   44
 31396         2 58.8 56.00     52   44
 31400         0 54.3 58.08     57   57
 31402         1 54.3 51.10     57   57
 31406         2 54.3 58.50     57   57
 31410         0 61.4 53.55     52   60
 31412         1 68.4 51.10     52   60
 31416         2 54.3 56.00     52   60
 31420         0 54.3 53.55     52   55
 31422         1 68.4 51.10     52   55
 31426         2 54.3 56.00     52   55
 31430         0 54.3 53.55     69   60
 31432         1 54.3 51.10     69   60
 31436         2 54.3 56.00     69   60
 31440         0 54.3 58.50     69   50
 31442         1 68.4 51.10     69   50
 31446         2 54.3 58.50     69   50
 31450         0 61.4 53.55     50   46
 31452         1 68.4 51.10     50   46
 31456         2 54.3 56.00     50   46
 31500         0 54.7 47.80     50   54
 31502         1 54.1 47.80     50   54
 31506         2 54.7 47.80     50   54
 31510         0 60.6 49.45     50   54
 31512         1 68.4 51.10     50   54
 31516         2 60.6 47.80     50   54
 31520         0 41.0 47.80     50   54
 31522         1 41.0 51.10     50   54
 31526         2 41.0 47.80     50   54
 32110         0 61.6 60.40     50   52
 32112         1 67.2 67.90     50   52
 32116         2 56.0 52.90     50   52
 32120         0 61.6 60.40     50   47
 32122         1 67.2 67.90     50   47
 32126         2 56.0 52.90     50   47
 32130         0 61.6 60.40     50   55
 32132         1 67.2 67.90     50   55
 32136         2 56.0 52.90     50   55
 32210         0 50.2 58.80     51   53
 32212         1 58.9 67.90     51   53
 32216         2 50.2 58.70     51   53
 32220         0 50.2 54.50     51   48
 32222         1 58.9 67.90     51   48
 32226         2 50.2 54.50     51   48
 32230         0 68.4 59.40     51   52
 32232         1 68.4 67.90     51   52
 32236         2 68.4 59.40     51   52
 32240         0 58.9 62.90     60   60
 32242         1 58.9 67.90     60   60
 32246         2 58.9 57.90     60   60
 32250         0 58.9 56.80     51   44
 32252         1 58.9 67.90     51   44
 32256         2 58.9 56.80     51   44
 32260         0 58.9 61.10     60   51
 32262         1 58.9 67.90     60   51
 32266         2 58.9 59.40     60   51
 32270         0 50.2 54.50     51   48
 32272         1 50.2 67.90     51   48
 32276         2 50.2 54.50     51   48
 32280         0 68.4 59.08     51   44
 32282         1 68.4 67.90     51   44
 32286         2 68.4 58.70     51   44
 32290         0 68.4 55.39     51   45
 32292         1 68.4 67.90     51   45
 32296         2 68.4 54.50     51   45
 32310         0 51.9 47.50     38   44
 32312         1 51.9 47.50     38   44
 32316         2 51.9 47.50     38   44
 32320         0 51.9 49.30     38   44
 32322         1 51.9 49.30     38   44
 32326         2 51.9 49.30     38   44
 32410         0 68.4 67.90     51   29
 32412         1 68.4 67.90     51   29
 32416         2 56.0 52.90     51   29
 32420         0 61.6 60.40     38   22
 32422         1 67.2 67.90     38   22
 32426         2 56.0 52.90     38   22
 33100         0 60.9 56.80     38   50
 33102         1 67.2 56.80     38   50
 33106         2 60.9 56.80     38   50
 33200         0 60.9 50.30     38   50
 33202         1 67.2 50.30     38   50
 33206         2 60.9 50.30     38   50
 33300         0 64.1 56.80     38   50
 33302         1 67.2 60.90     38   50
 33306         2 60.9 56.80     38   50
 33400         0 60.9 56.80     38   50
 33402         1 60.9 56.80     38   50
 33406         2 60.9 56.80     38   50
 34000         0 59.8 56.06     55   48
 34002         1 66.2 60.57     55   48
 34006         2 58.5 55.74     55   48
 34110         0 61.7 56.45     61   50
 34112         1 65.0 56.90     61   50
 34116         2 58.3 56.00     61   50
 34120         0 63.1 58.83     54   44
 34122         1 61.8 52.90     54   44
 34126         2 63.4 59.40     54   44
 34130         0 51.8 50.70     59   49
 34132         1 61.8 50.70     59   49
 34136         2 50.7 50.70     59   49
 34140         0 61.6 56.70     56   43
 34142         1 61.8 56.70     56   43
 34146         2 61.5 56.70     56   43
 34150         0 62.0 61.90     56   46
 34152         1 67.1 63.60     56   46
 34156         2 58.8 61.50     56   46
 34160         0 56.5 56.70     50   49
 34162         1 61.8 56.70     50   49
 34166         2 56.2 56.70     50   49
 34170         0 61.6 56.70     56   46
 34172         1 61.8 56.70     56   46
 34176         2 61.5 56.70     56   46
 34190         0 61.5 54.50     55   46
 34192         1 61.8 52.90     55   46
 34196         2 61.5 54.60     55   46
 34210         0 72.5 57.20     55   55
 34212         1 72.5 57.20     55   55
 34216         2 72.5 57.20     55   55
 34220         0 72.5 60.70     55   50
 34222         1 72.5 60.70     55   50
 34226         2 72.5 60.70     55   50
 34230         0 72.5 57.80     55   49
 34232         1 66.5 57.80     55   49
 34236         2 72.5 57.80     55   49
 34290         0 72.5 57.20     55   42
 34292         1 72.5 57.20     55   42
 34296         2 72.5 57.20     55   42
 34310         0 73.7 54.00     54   53
 34312         1 70.1 54.00     54   53
 34316         2 74.2 54.00     54   53
 34320         0 67.7 55.80     59   49
 34322         1 70.1 62.10     59   49
 34326         2 64.6 55.80     59   49
 34330         0 64.6 60.10     51   49
 34332         1 70.1 60.10     51   49
 34336         2 64.6 60.10     51   49
 34340         0 67.4 50.00     61   51
 34342         1 70.1 50.00     61   51
 34346         2 67.4 50.00     61   51
 34390         0 66.6 55.80     54   53
 34392         1 70.1 55.80     54   53
 34396         2 64.6 55.80     54   53
 34410         0 57.8 53.40     56   44
 34412         1 57.8 53.40     56   44
 34416         2 57.8 53.40     56   44
 34420         0 62.2 57.75     57   52
 34422         1 66.5 62.10     57   52
 34426         2 57.8 53.40     57   52
 34430         0 62.2 57.75     56   55
 34432         1 66.5 62.10     56   55
 34436         2 57.8 53.40     56   55
 34440         0 62.2 57.75     46   54
 34442         1 66.5 62.10     46   54
 34446         2 57.8 53.40     46   54
 34490         0 62.2 57.75     56   55
 34492         1 66.5 62.10     56   55
 34496         2 57.8 53.40     56   55
 34500         0 43.8 53.40     56   45
 34502         1 56.6 62.10     56   45
 34506         2 43.4 53.40     56   45
 34510         0 55.2 58.95     55   60
 34512         1 66.5 62.10     55   60
 34516         2 43.9 55.80     55   60
 34520         0 39.9 53.40     56   44
 34522         1 39.9 62.10     56   44
 34526         2 39.9 53.40     56   44
 34600         0 64.6 44.20     43   49
 34602         1 66.5 44.20     43   49
 34606         2 64.6 44.20     43   49
 34700         0 70.0 74.10     52   45
 34702         1 70.0 74.10     52   45
 34706         2 70.0 74.10     52   45
 34710         0 68.3 68.10     53   49
 34712         1 66.5 62.10     53   49
 34716         2 70.0 74.10     53   49
 34720         0 70.0 74.10     64   50
 34722         1 70.0 62.10     64   50
 34726         2 70.0 74.10     64   50
 34730         0 70.0 68.10     50   32
 34732         1 66.5 62.10     50   32
 34736         2 70.0 74.10     50   32
 34740         0 70.0 68.10     50   33
 34742         1 66.5 62.10     50   33
 34746         2 70.0 74.10     50   33
 34750         0 70.0 74.10     54   49
 34752         1 70.0 62.10     54   49
 34756         2 70.0 74.10     54   49
 34800         0 62.6 44.20     38   50
 34802         1 66.5 62.10     38   50
 34806         2 58.6 44.20     38   50
 41110         0 65.1 58.70     51   42
 41112         1 65.1 66.30     51   42
 41116         2 65.1 51.10     51   42
 41120         0 65.1 49.79     50   42
 41122         1 65.1 61.10     50   42
 41126         2 65.1 49.30     50   42
 41130         0 65.1 51.61     50   45
 41132         1 65.1 61.10     50   45
 41136         2 65.1 51.00     50   45
 41140         0 65.1 58.70     51   45
 41142         1 65.1 66.30     51   45
 41146         2 65.1 51.10     51   45
 41150         0 65.1 56.78     53   53
 41152         1 65.1 74.10     53   53
 41156         2 65.1 55.40     53   53
 41210         0 67.5 54.07     51   45
 41212         1 67.5 63.60     51   45
 41216         2 67.5 52.70     51   45
 41220         0 67.5 47.53     51   36
 41222         1 67.5 63.60     51   36
 41226         2 67.5 47.40     51   36
 41310         0 46.8 41.70     32   30
 41312         1 51.2 64.70     32   30
 41316         2 46.8 41.70     32   30
 41320         0 51.2 57.80     43   44
 41322         1 51.2 64.70     43   44
 41326         2 51.2 50.90     43   44
 41330         0 51.2 57.80     45   37
 41332         1 51.2 64.70     45   37
 41336         2 51.2 50.90     45   37
 41400         0 43.9 38.27     39   37
 41402         1 46.8 41.70     39   37
 41406         2 43.8 38.16     39   37
 41410         0 44.2 55.50     39   36
 41412         1 44.2 64.70     39   36
 41416         2 44.2 55.50     39   36
 41420         0 39.3 33.80     39   33
 41422         1 39.3 33.80     39   33
 41426         2 39.3 33.80     39   33
 41430         0 44.2 51.15     39   41
 41432         1 44.2 64.70     39   41
 41436         2 44.2 37.60     39   41
 41440         0 44.2 51.15     39   37
 41442         1 44.2 64.70     39   37
 41446         2 44.2 37.60     39   37
 41900         0 57.0 55.50     39   37
 41902         1 57.0 55.50     39   37
 41906         2 57.0 55.50     39   37
 42110         0 55.4 50.40     53   34
 42112         1 55.4 50.40     53   34
 42116         2 55.4 50.40     53   34
 42120         0 55.4 50.40     46   42
 42122         1 55.4 50.40     46   42
 42126         2 55.4 50.40     46   42
 42130         0 55.4 50.40     40   34
 42132         1 55.4 50.40     40   34
 42136         2 55.4 50.40     40   34
 42140         0 55.4 50.40     40   15
 42142         1 55.4 50.40     40   15
 42146         2 55.4 50.40     40   15
 42150         0 55.4 50.40     40   27
 42152         1 55.4 50.40     40   27
 42156         2 55.4 50.40     40   27
 42200         0 55.4 49.18     52   38
 42202         1 55.4 50.82     52   38
 42206         2 55.4 49.12     52   38
 42210         0 55.4 49.00     52   38
 42212         1 55.4 49.00     52   38
 42216         2 55.4 49.00     52   38
 42220         0 55.4 50.40     52   38
 42222         1 55.4 49.00     52   38
 42226         2 55.4 50.40     52   38
 42230         0 55.4 44.00     52   38
 42232         1 55.4 44.00     52   38
 42236         2 55.4 44.00     52   38
 51000         0 47.2 43.91     38   32
 51002         1 52.6 50.78     38   32
 51006         2 45.5 41.43     38   32
 51110         0 47.9 38.50     34   50
 51112         1 47.9 38.50     34   50
 51116         2 47.9 38.50     34   50
 51120         0 33.4 38.50     34   32
 51122         1 33.4 51.10     34   32
 51126         2 33.4 38.50     34   32
 51130         0 46.5 44.80     34   29
 51132         1 52.4 51.10     34   29
 51136         2 40.6 38.50     34   29
 51200         0 51.8 40.98     32   26
 51202         1 54.8 47.30     32   26
 51206         2 49.4 39.42     32   26
 51210         0 52.0 57.50     30   37
 51212         1 54.8 47.30     30   37
 51216         2 49.2 57.50     30   37
 51220         0 46.7 30.04     30   31
 51222         1 54.8 47.30     30   31
 51226         2 44.9 29.20     30   31
 51230         0 53.7 45.21     34   21
 51232         1 54.8 47.30     34   21
 51236         2 52.3 44.20     34   21
 51300         0 48.5 41.80     25   27
 51302         1 51.6 49.24     25   27
 51306         2 48.5 41.80     25   27
 51310         0 50.5 46.45     25   23
 51312         1 52.4 51.10     25   23
 51316         2 48.5 41.80     25   23
 51320         0 50.5 46.45     25   42
 51322         1 52.4 51.10     25   42
 51326         2 48.5 41.80     25   42
 51330         0 50.5 46.45     25   17
 51332         1 52.4 51.10     25   17
 51336         2 48.5 41.80     25   17
 51390         0 50.5 46.45     25   29
 51392         1 52.4 51.10     25   29
 51396         2 48.5 41.80     25   29
 51410         0 53.8 51.76     29   32
 51412         1 56.3 52.40     29   32
 51416         2 48.5 49.30     29   32
 51420         0 51.3 49.80     19   17
 51422         1 56.3 52.40     19   17
 51426         2 46.2 47.20     19   17
 51430         0 50.2 47.73     54   34
 51432         1 56.3 52.40     54   34
 51436         2 46.2 45.40     54   34
 51490         0 49.7 46.83     19   29
 51492         1 56.3 52.40     19   29
 51496         2 46.2 45.40     19   29
 51510         0 48.8 46.10     43   37
 51512         1 52.4 51.10     43   37
 51516         2 45.1 41.10     43   37
 51520         0 48.8 46.10     43   37
 51522         1 52.4 51.10     43   37
 51526         2 45.1 41.10     43   37
 51610         0 44.5 46.30     42   35
 51612         1 41.9 51.10     42   35
 51616         2 44.5 46.30     42   35
 51620         0 49.2 46.30     50   40
 51622         1 41.9 51.10     50   40
 51626         2 49.2 46.30     50   40
 51630         0 49.2 46.30     40   39
 51632         1 41.9 51.10     40   39
 51636         2 49.2 46.30     40   39
 51640         0 43.6 46.10     40   39
 51642         1 41.9 51.10     40   39
 51646         2 45.2 41.10     40   39
 51690         0 44.1 46.30     40   30
 51692         1 41.9 51.10     40   30
 51696         2 44.5 46.30     40   30
 52100         0 70.0 74.10     43   28
 52102         1 62.3 74.10     43   28
 52106         2 70.0 74.10     43   28
 52200         0 58.4 46.10     43   32
 52202         1 62.3 52.10     43   32
 52206         2 52.8 43.00     43   32
 52300         0 59.5 45.65     37   24
 52302         1 62.3 52.10     37   24
 52306         2 52.8 43.00     37   24
 61100         0 34.7 40.71     23   40
 61102         1 40.0 51.10     23   40
 61106         2 27.9 36.70     23   40
 61110         0 36.0 41.14     23   40
 61112         1 40.0 51.10     23   40
 61116         2 27.9 36.70     23   40
 61120         0 36.1 38.42     23   40
 61122         1 40.0 51.10     23   40
 61126         2 27.9 36.70     23   40
 61130         0 31.0 41.70     23   40
 61132         1 40.0 51.10     23   40
 61136         2 27.9 36.70     23   40
 61140         0 34.0 43.90     23   40
 61142         1 40.0 51.10     23   40
 61146         2 27.9 36.70     23   40
 61210         0 25.5  9.96     23   40
 61212         1 41.7 51.10     23   40
 61216         2 21.4  1.30     23   40
 61220         0 31.2 34.40     23   40
 61222         1 41.7 51.10     23   40
 61226         2 21.4 30.80     23   40
 61230         0 32.1 26.20     23   40
 61232         1 41.2 51.10     23   40
 61236         2 23.0  1.30     23   40
 61240         0 41.7 39.50     23   40
 61242         1 41.7 51.10     23   40
 61246         2 23.0 30.80     23   40
 61290         0 30.9 35.87     23   40
 61292         1 41.7 51.10     23   40
 61296         2 27.3 30.80     23   40
 61300         0 40.9 39.96     23   38
 61302         1 41.7 51.10     23   38
 61306         2 27.3 30.80     23   38
 61310         0 33.6 40.95     23   40
 61312         1 41.7 51.10     23   40
 61316         2 25.4 30.80     23   40
 61320         0 33.6 40.95     27   41
 61322         1 41.7 51.10     27   41
 61326         2 25.4 30.80     27   41
 61330         0 33.6 40.95     28   40
 61332         1 41.7 51.10     28   40
 61336         2 25.4 30.80     28   40
 61340         0 33.6 40.95     28   30
 61342         1 41.7 51.10     28   30
 61346         2 25.4 30.80     28   30
 61410         0 33.5 33.92     22   24
 61412         1 41.7 51.10     22   24
 61416         2 29.9 30.80     22   24
 61420         0 35.6 38.35     22   16
 61422         1 41.2 51.10     22   16
 61426         2 29.9 25.60     22   16
 61510         0 33.3 38.35     28   23
 61512         1 41.2 51.10     28   23
 61516         2 25.4 25.60     28   23
 61520         0 28.6 38.35     28   23
 61522         1 41.7 51.10     28   23
 61526         2 27.3 25.60     28   23
 61530         0 33.3 38.35     28   28
 61532         1 41.2 51.10     28   28
 61536         2 25.4 25.60     28   28
 61540         0 27.3 30.80     28    6
 61542         1 41.2 51.10     28    6
 61546         2 27.3 30.80     28    6
 71100         0 37.4 36.60     30   34
 71102         1 52.8 53.00     30   34
 71106         2 34.4 36.60     30   34
 71110         0 34.1 44.80     30   34
 71112         1 52.8 53.00     30   34
 71116         2 33.5 36.60     30   34
 71120         0 43.2 44.80     30   36
 71122         1 52.8 53.00     30   36
 71126         2 33.5 36.60     30   36
 71130         0 44.6 36.60     27   34
 71132         1 52.8 53.00     27   34
 71136         2 33.5 36.60     27   34
 71210         0 45.3 53.00     29   36
 71212         1 45.7 53.00     29   36
 71216         2 45.2 53.00     29   36
 71220         0 31.6 48.20     29   34
 71222         1 40.5 53.00     29   34
 71226         2 27.4 36.20     29   34
 71230         0 36.5 53.00     26   34
 71232         1 42.2 53.00     26   34
 71236         2 30.8 53.00     26   34
 71240         0 37.5 44.60     29   37
 71242         1 45.7 53.00     29   37
 71246         2 34.7 36.20     29   37
 71290         0 36.2 41.80     30   28
 71292         1 45.7 53.00     30   28
 71296         2 32.6 36.20     30   28
 71310         0 36.6 36.60     19   31
 71312         1 42.2 53.00     19   31
 71316         2 33.1 36.60     19   31
 71320         0 39.8 36.60     30   31
 71322         1 42.2 53.00     30   31
 71326         2 37.6 36.60     30   31
 71330         0 43.9 44.80     31   31
 71332         1 46.3 53.00     31   31
 71336         2 41.4 36.60     31   31
 71340         0 37.6 44.80     34   28
 71342         1 46.3 53.00     34   28
 71346         2 37.6 36.60     34   28
 71350         0 39.6 53.00     26   26
 71352         1 42.2 53.00     26   26
 71356         2 37.6 36.60     26   26
 71360         0 42.9 47.97     33   34
 71362         1 47.0 53.00     33   34
 71366         2 41.4 46.30     33   34
 71370         0 43.2 47.51     37   44
 71372         1 47.9 53.00     37   44
 71376         2 42.4 46.30     37   44
 71390         0 43.9 44.80            
 71392         1 46.3 53.00            
 71396         2 41.4 36.60            
 71410         0 40.4 39.56     29   31
 71412         1 44.8 53.00     29   31
 71416         2 37.3 36.20     29   31
 71420         0 41.1 44.80     32   29
 71422         1 44.8 53.00     32   29
 71426         2 37.3 36.60     32   29
 71430         0 41.1 44.80     29   20
 71432         1 44.8 53.00     29   20
 71436         2 37.3 36.60     29   20
 72000         0 42.2 38.71     34   40
 72002         1 51.2 50.24     34   40
 72006         2 41.0 37.69     34   40
 72100         0 39.0 36.20     31   38
 72102         1 47.5 36.20     31   38
 72106         2 38.4 36.20     31   38
 72110         0 38.1 36.20     29   38
 72112         1 47.5 36.20     29   38
 72116         2 37.4 36.20     29   38
 72120         0 38.5 36.20     30   39
 72122         1 47.5 36.20     30   39
 72126         2 37.7 36.20     30   39
 72130         0 37.7 36.20     33   34
 72132         1 51.2 36.20     33   34
 72136         2 37.7 36.20     33   34
 72140         0 43.0 36.20     30   44
 72142         1 47.5 36.20     30   44
 72146         2 42.5 36.20     30   44
 72150         0 44.9 36.20     30   32
 72152         1 51.2 36.20     30   32
 72156         2 38.5 36.20     30   32
 72160         0 44.9 36.20     30   26
 72162         1 51.2 36.20     30   26
 72166         2 38.5 36.20     30   26
 72200         0 40.3 35.11     35   37
 72202         1 48.9 49.95     35   37
 72206         2 39.3 33.65     35   37
 72210         0 34.3 34.70     33   35
 72212         1 54.7 34.70     33   35
 72216         2 31.8 34.70     33   35
 72220         0 47.9 40.20     40   40
 72222         1 54.7 34.70     40   40
 72226         2 46.8 40.20     40   40
 72230         0 39.6 42.12     34   38
 72232         1 47.5 53.00     34   38
 72236         2 38.7 40.20     34   38
 72240         0 42.9 39.51     24   27
 72242         1 47.5 34.70     24   27
 72246         2 42.6 40.20     24   27
 72300         0 43.5 42.76     34   43
 72302         1 51.7 53.00     34   43
 72306         2 42.3 40.20     34   43
 72310         0 46.9 45.32     34   43
 72312         1 51.7 53.00     34   43
 72316         2 45.6 40.20     34   43
 72320         0 47.4 42.55     42   50
 72322         1 51.7 47.10     42   50
 72326         2 45.6 38.00     42   50
 72330         0 33.0 42.55     33   42
 72332         1 51.7 47.10     33   42
 72336         2 31.9 38.00     33   42
 72340         0 47.1 42.55     23   20
 72342         1 51.7 47.10     23   20
 72346         2 42.4 38.00     23   20
 72400         0 49.7 42.31     40   38
 72402         1 56.6 53.00     40   38
 72406         2 47.9 41.41     40   38
 72410         0 52.3 41.90     40   38
 72412         1 56.6 41.90     40   38
 72416         2 48.0 41.90     40   38
 72420         0 51.9 47.25     39   48
 72422         1 56.7 53.00     39   48
 72426         2 51.1 46.30     39   48
 72430         0 54.5 36.00     41   42
 72432         1 56.4 41.90     41   42
 72436         2 51.1 36.00     41   42
 72440         0 52.3 41.90     40   35
 72442         1 56.6 41.90     40   35
 72446         2 48.0 41.90     40   35
 72450         0 45.3 37.88     38   36
 72452         1 56.7 53.00     38   36
 72456         2 43.2 36.00     38   36
 73100         0 52.8 47.40     38   45
 73102         1 61.4 47.40     38   45
 73106         2 49.7 47.40     38   45
 73110         0 51.9 47.40     38   47
 73112         1 60.1 47.40     38   47
 73116         2 49.2 47.40     38   47
 73120         0 80.6 47.40     38   33
 73122         1 80.6 47.40     38   33
 73126         2 80.6 47.40     38   33
 73130         0 51.9 47.40     38   43
 73132         1 60.1 47.40     38   43
 73136         2 49.2 47.40     38   43
 73210         0 52.9 39.87     27   25
 73212         1 58.4 53.00     27   25
 73216         2 49.2 38.00     27   25
 73220         0 51.0 38.00     29   37
 73222         1 58.4 38.00     29   37
 73226         2 49.2 38.00     29   37
 73230         0 55.3 38.00     29   31
 73232         1 58.4 38.00     29   31
 73236         2 49.2 38.00     29   31
 73240         0 54.0 38.00     29   31
 73242         1 59.4 38.00     29   31
 73246         2 48.5 38.00     29   31
 73300         0 44.5 30.03     29   31
 73302         1 58.4 53.00     29   31
 73306         2 35.0 27.27     29   31
 73310         0 46.7 27.40     29   31
 73312         1 58.4 27.40     29   31
 73316         2 35.0 27.40     29   31
 73320         0 46.7 29.93     29   31
 73322         1 58.4 53.00     29   31
 73326         2 35.0 25.50     29   31
 73400         0 54.3 36.99     40   42
 73402         1 58.5 42.04     40   42
 73406         2 53.1 36.51     40   42
 73410         0 54.5 28.00     40   42
 73412         1 58.4 28.00     40   42
 73416         2 53.1 28.00     40   42
 73420         0 53.1 37.70     40   41
 73422         1 59.4 37.70     40   41
 73426         2 53.1 37.70     40   41
 73430         0 56.3 37.70     42   41
 73432         1 59.4 37.70     42   41
 73436         2 53.1 37.70     42   41
 73440         0 56.3 44.10     40   42
 73442         1 59.4 37.70     40   42
 73446         2 53.1 44.10     40   42
 73450         0 53.1 44.10     37   32
 73452         1 59.4 44.10     37   32
 73456         2 53.1 44.10     37   32
 73460         0 56.3 37.70     38   52
 73462         1 59.4 37.70     38   52
 73466         2 53.1 37.70     38   52
 74100         0 39.7 33.62     30   28
 74102         1 54.8 46.70     30   28
 74106         2 37.1 32.30     30   28
 74110         0 40.8 25.90     30   24
 74112         1 54.8 25.90     30   24
 74116         2 38.3 25.90     30   24
 74120         0 36.9 36.43     31   33
 74122         1 54.8 47.30     31   33
 74126         2 33.7 35.00     31   33
 74130         0 42.8 37.54     30   34
 74132         1 54.8 45.50     30   34
 74136         2 41.5 37.10     30   34
 74140         0 41.5 38.55     30   35
 74142         1 54.8 47.30     30   35
 74146         2 41.5 37.10     30   35
 74150         0 44.2 40.46     30   34
 74152         1 54.8 45.50     30   34
 74156         2 41.5 37.10     30   34
 74160         0 41.5 37.10     30   34
 74162         1 54.8 45.50     30   34
 74166         2 41.5 37.10     30   34
 74200         0 40.1 36.20     33   29
 74202         1 44.8 53.00     33   29
 74206         2 38.3 33.40     33   29
 74210         0 41.6 39.45     33   29
 74212         1 44.8 45.50     33   29
 74216         2 38.3 33.40     33   29
 74220         0 40.2 36.66     33   40
 74222         1 44.8 53.00     33   40
 74226         2 38.3 33.40     33   40
 74230         0 40.7 33.40     33   36
 74232         1 44.8 45.50     33   36
 74236         2 38.3 33.40     33   36
 74240         0 41.6 39.45     33   21
 74242         1 44.8 45.50     33   21
 74246         2 38.3 33.40     33   21
 74300         0 45.0 34.64     36   34
 74302         1 56.4 45.55     36   34
 74306         2 39.3 32.30     36   34
 74310         0 39.3 39.00     29   29
 74312         1 56.4 45.60     29   29
 74316         2 39.3 32.40     29   29
 74320         0 44.6 33.73     29   32
 74322         1 56.4 45.40     29   32
 74326         2 39.3 31.40     29   32
 74330         0 43.6 35.47     45   40
 74332         1 56.4 45.60     45   40
 74336         2 39.3 33.20     45   40
 74340         0 47.9 39.82     36   35
 74342         1 56.4 45.40     36   35
 74346         2 39.3 32.40     36   35
 74350         0 46.1 31.67     36   40
 74352         1 56.4 45.40     36   40
 74356         2 39.3 27.10     36   40
 74360         0 39.3 29.25     33   26
 74362         1 56.4 45.40     33   26
 74366         2 39.3 27.10     33   26
 74370         0 46.2 30.76     28   31
 74372         1 56.4 45.40     28   31
 74376         2 39.3 27.10     28   31
 74400         0 42.8 31.30     31   27
 74402         1 56.4 45.40     31   27
 74406         2 39.3 28.90     31   27
 74410         0 39.3 37.15     31   22
 74412         1 49.9 45.40     31   22
 74416         2 39.3 28.90     31   22
 74420         0 44.2 31.30     31   27
 74422         1 56.4 45.40     31   27
 74426         2 39.3 28.90     31   27
 75100         0 56.0 56.18     42   46
 75102         1 64.2 45.40     42   46
 75106         2 55.2 57.70     42   46
 75200         0 42.6 43.40     39   46
 75202         1 64.2 45.40     39   46
 75206         2 41.7 43.40     39   46
 81110         0 36.9 32.10     35   34
 81112         1 48.7 38.30     35   34
 81116         2 35.6 32.10     35   34
 81120         0 43.9 35.20     35   32
 81122         1 49.2 38.30     35   32
 81126         2 38.5 32.10     35   32
 81130         0 43.9 35.20     35   31
 81132         1 49.2 38.30     35   31
 81136         2 38.5 32.10     35   31
 81210         0 36.7 32.10     31   45
 81212         1 48.7 32.10     31   45
 81216         2 35.6 32.10     31   45
 81220         0 36.2 32.10     30   36
 81222         1 48.7 32.10     30   36
 81226         2 35.6 32.10     30   36
 81230         0 35.6 32.10     28   38
 81232         1 35.6 32.10     28   38
 81236         2 35.6 32.10     28   38
 81240         0 35.6 32.10     30   28
 81242         1 35.6 32.10     30   28
 81246         2 35.6 32.10     30   28
 81310         0 36.1 32.10     22   31
 81312         1 36.1 38.30     22   31
 81316         2 36.1 32.10     22   31
 81390         0 36.1 35.20     22   31
 81392         1 36.1 38.30     22   31
 81396         2 36.1 32.10     22   31
 81410         0 43.9 35.20     27   29
 81412         1 49.2 38.30     27   29
 81416         2 38.5 32.10     27   29
 81420         0 43.9 35.20     27   28
 81422         1 49.2 38.30     27   28
 81426         2 38.5 32.10     27   28
 81430         0 43.9 35.20     27   28
 81432         1 49.2 38.30     27   28
 81436         2 38.5 32.10     27   28
 81510         0 42.7 35.20     35   43
 81512         1 42.7 38.30     35   43
 81516         2 42.7 32.10     35   43
 81520         0 42.7 35.20     35   43
 81522         1 42.7 38.30     35   43
 81526         2 42.7 32.10     35   43
 81530         0 42.7 35.20     35   43
 81532         1 42.7 38.30     35   43
 81536         2 42.7 32.10     35   43
 81540         0 42.7 35.20     35   43
 81542         1 42.7 38.30     35   43
 81546         2 42.7 32.10     35   43
 81550         0 42.7 32.10     35   37
 81552         1 42.7 38.30     35   37
 81556         2 42.7 32.10     35   37
 81590         0 42.7 35.20     35   43
 81592         1 42.7 38.30     35   43
 81596         2 42.7 32.10     35   43
 81600         0 39.4 32.10     32   38
 81602         1 38.7 38.30     32   38
 81606         2 39.4 32.10     32   38
 81610         0 42.7 32.10     33   42
 81612         1 38.7 38.30     33   42
 81616         2 42.7 32.10     33   42
 81620         0 42.7 35.20     27   35
 81622         1 38.7 38.30     27   35
 81626         2 42.7 32.10     27   35
 81630         0 38.7 32.10     33   34
 81632         1 38.7 38.30     33   34
 81636         2 38.7 32.10     33   34
 81710         0 43.9 35.20     26   30
 81712         1 49.2 38.30     26   30
 81716         2 38.5 32.10     26   30
 81720         0 43.9 35.20     26   30
 81722         1 49.2 38.30     26   30
 81726         2 38.5 32.10     26   30
 82100         0 39.2 33.30     36   37
 82102         1 48.7 38.30     36   37
 82106         2 38.5 33.19     36   37
 82110         0 42.2 35.39     36   38
 82112         1 42.2 38.30     36   38
 82116         2 42.2 35.30     36   38
 82120         0 43.1 35.30     30   30
 82122         1 48.7 38.30     30   30
 82126         2 42.2 35.30     30   30
 82210         0 50.6 47.10     30   43
 82212         1 50.6 38.30     30   43
 82216         2 50.6 47.10     30   43
 82220         0 43.4 42.70     30   43
 82222         1 43.4 38.30     30   43
 82226         2 43.4 47.10     30   43
 82230         0 43.4 42.70     30   28
 82232         1 43.4 38.30     30   28
 82236         2 43.4 47.10     30   28
 82240         0 43.4 42.70     30   43
 82242         1 43.4 38.30     30   43
 82246         2 43.4 47.10     30   43
 82290         0 38.2 47.10     30   43
 82292         1 48.7 47.10     30   43
 82296         2 37.8 47.10     30   43
 82310         0 38.0 21.20     30   30
 82312         1 48.7 38.30     30   30
 82316         2 35.9 21.20     30   30
 82320         0 38.8 22.20     30   30
 82322         1 48.7 38.30     30   30
 82326         2 35.9 21.20     30   30
 82400         0 27.0 28.07     29   31
 82402         1 48.7 38.30     29   31
 82406         2 24.3 27.10     29   31
 82510         0 46.5 27.10     38   41
 82512         1 46.5 38.30     38   41
 82516         2 46.5 27.10     38   41
 82520         0 46.5 34.40     38   32
 82522         1 46.5 38.30     38   32
 82526         2 46.5 30.50     38   32
 82530         0 46.7 28.03     38   28
 82532         1 48.7 38.30     38   28
 82536         2 46.5 27.10     38   28
 82610         0 26.7 33.45     29   29
 82612         1 26.7 38.30     29   29
 82616         2 26.7 28.60     29   29
 82620         0 26.7 26.80     29   29
 82622         1 26.7 38.30     29   29
 82626         2 26.7 26.80     29   29
 82630         0 34.0 30.55     32   25
 82632         1 48.7 38.30     32   25
 82636         2 26.7 30.30     32   25
 82640         0 26.7 33.45     24   25
 82642         1 26.7 38.30     24   25
 82646         2 26.7 28.60     24   25
 82650         0 26.7 30.30     32   26
 82652         1 26.7 38.30     32   26
 82656         2 26.7 30.30     32   26
 82660         0 26.7 22.82     32   28
 82662         1 26.7 38.30     32   28
 82666         2 26.7 22.40     32   28
 82690         0 35.5 30.30     32   26
 82692         1 48.7 38.30     32   26
 82696         2 26.7 30.30     32   26
 82700         0 35.9 33.11     29   33
 82702         1 48.7 33.00     29   33
 82706         2 35.5 33.12     29   33
 82710         0 35.5 35.65     29   31
 82712         1 35.5 38.30     29   31
 82716         2 35.5 33.00     29   31
 82720         0 35.5 35.65     29   34
 82722         1 35.5 38.30     29   34
 82726         2 35.5 33.00     29   34
 82730         0 35.5 35.65     29   33
 82732         1 35.5 38.30     29   33
 82736         2 35.5 33.00     29   33
 82740         0 35.5 35.65     29   33
 82742         1 35.5 38.30     29   33
 82746         2 35.5 33.00     29   33
 82750         0 35.5 35.65     29   35
 82752         1 35.5 38.30     29   35
 82756         2 35.5 33.00     29   35
 82760         0 35.5 35.65     29   45
 82762         1 35.5 38.30     29   45
 82766         2 35.5 33.00     29   45
 82770         0 35.5 35.65     29   34
 82772         1 35.5 38.30     29   34
 82776         2 35.5 33.00     29   34
 82780         0 38.1 33.00     29   34
 82782         1 48.7 38.30     29   34
 82786         2 35.5 33.00     29   34
 82790         0 35.5 34.00     29   39
 82792         1 35.5 38.30     29   39
 82796         2 35.5 34.00     29   39
 82810         0 42.3 34.40     30   30
 82812         1 49.2 38.30     30   30
 82816         2 35.4 30.50     30   30
 82820         0 42.3 34.40     34   48
 82822         1 49.2 38.30     34   48
 82826         2 35.4 30.50     34   48
 82830         0 42.3 34.40     34   48
 82832         1 49.2 38.30     34   48
 82836         2 35.4 30.50     34   48
 82840         0 42.3 34.40     30   30
 82842         1 49.2 38.30     30   30
 82846         2 35.4 30.50     30   30
 82850         0 42.3 34.40     30   31
 82852         1 49.2 38.30     30   31
 82856         2 35.4 30.50     30   31
 82860         0 42.3 34.40     30   28
 82862         1 49.2 38.30     30   28
 82866         2 35.4 30.50     30   28
 82900         0 34.2 34.13     26   33
 82902         1 48.7 38.30     26   33
 82906         2 33.8 34.00     26   33
 83000         0 40.0 29.64     32   33
 83002         1 49.2 37.21     32   33
 83006         2 38.1 26.78     32   33
 83110         0 45.1 33.80     41   43
 83112         1 45.1 38.30     41   43
 83116         2 45.1 29.30     41   43
 83120         0 47.2 33.80     32   29
 83122         1 49.2 38.30     32   29
 83126         2 45.1 29.30     32   29
 83200         0 42.9 38.40     34   32
 83202         1 50.0 38.40     34   32
 83206         2 41.0 38.40     34   32
 83210         0 45.5 38.40     30   31
 83212         1 49.9 38.40     30   31
 83216         2 41.0 38.40     30   31
 83220         0 46.5 38.40     30   31
 83222         1 53.7 38.40     30   31
 83226         2 43.7 38.40     30   31
 83230         0 39.8 38.40     30   32
 83232         1 48.7 38.40     30   32
 83236         2 39.3 38.40     30   32
 83240         0 42.7 38.40     34   33
 83242         1 48.7 38.40     34   33
 83246         2 40.9 38.40     34   33
 83310         0 27.5 28.30     26   31
 83312         1 41.6 38.30     26   31
 83316         2 26.6 18.30     26   31
 83320         0 34.7 18.30     26   32
 83322         1 41.6 18.30     26   32
 83326         2 33.6 18.30     26   32
 83330         0 30.8 18.30     28   33
 83332         1 41.6 18.30     28   33
 83336         2 30.5 18.30     28   33
 83340         0 31.2 18.30     28   28
 83342         1 41.6 18.30     28   28
 83346         2 30.8 18.30     28   28
 83400         0 38.2 18.30     32   29
 83402         1 41.6 38.30     32   29
 83406         2 37.8 18.30     32   29
 91110         0 32.0 34.25     29   24
 91112         1 29.4 39.80     29   24
 91116         2 34.6 28.70     29   24
 91120         0 32.0 34.25     28   24
 91122         1 29.4 39.80     28   24
 91126         2 34.6 28.70     28   24
 91130         0 32.0 34.25     29   26
 91132         1 29.4 39.80     29   26
 91136         2 34.6 28.70     29   26
 91310         0 32.0 31.00     16   22
 91312         1 29.4 39.80     16   22
 91316         2 34.6 31.00     16   22
 91320         0 32.7 31.02     16   21
 91322         1 29.4 39.80     16   21
 91326         2 32.7 31.00     16   21
 91330         0 32.7 28.24     16   22
 91332         1 29.4 39.80     16   22
 91336         2 32.7 27.60     16   22
 91410         0 31.9 27.17     23   25
 91412         1 29.4 39.80     23   25
 91416         2 32.7 27.00     23   25
 91420         0 32.7 27.00     23   19
 91422         1 29.4 39.80     23   19
 91426         2 32.7 27.00     23   19
 91510         0 33.7 34.20     25   22
 91512         1 29.4 34.20     25   22
 91516         2 34.0 34.20     25   22
 91520         0 33.9 34.80     27   20
 91522         1 29.4 34.80     27   20
 91526         2 34.0 34.80     27   20
 91530         0 49.9 47.00     27   21
 91532         1 49.9 47.00     27   21
 91536         2 49.9 47.00     27   21
 91600         0 30.5 23.93     23   13
 91602         1 29.4 39.80     23   13
 91606         2 30.5 23.30     23   13
 91610         0 30.5 23.30     23   13
 91612         1 29.4 39.80     23   13
 91616         2 30.5 23.30     23   13
 91620         0 30.0 31.55     23   13
 91622         1 29.4 39.80     23   13
 91626         2 30.5 23.30     23   13
 92110         0 23.5  1.00     16   23
 92112         1 23.5  1.00     16   23
 92116         2 23.5  1.00     16   23
 92120         0 23.5  1.00     16   18
 92122         1 23.5  1.00     16   18
 92126         2 23.5  1.00     16   18
 92130         0 23.5  1.00     16   23
 92132         1 23.5  1.00     16   23
 92136         2 23.5  1.00     16   23
 93000         0 30.6 26.50     23   18
 93002         1 46.3 39.80     23   18
 93006         2 28.3 25.48     23   18
 93110         0 36.8 32.70     21   18
 93112         1 52.7 39.80     21   18
 93116         2 20.8 25.60     21   18
 93120         0 36.8 32.70     21   15
 93122         1 52.7 39.80     21   15
 93126         2 20.8 25.60     21   15
 93130         0 21.2 27.30     21   15
 93132         1 29.4 39.80     21   15
 93136         2 20.8 24.80     21   15
 93210         0 40.5 32.70     20   18
 93212         1 52.7 39.80     20   18
 93216         2 28.2 25.60     20   18
 93220         0 40.5 32.70     24   22
 93222         1 52.7 39.80     24   22
 93226         2 28.2 25.60     24   22
 93300         0 35.0 26.72     29   20
 93302         1 49.0 39.80     29   20
 93306         2 29.2 26.12     29   20
 93310         0 29.4 26.70     22   17
 93312         1 52.7 39.80     22   17
 93316         2 29.4 26.20     22   17
 93320         0 48.2 39.80     22   22
 93322         1 52.7 39.80     22   22
 93326         2 29.4 26.20     22   22
 93330         0 41.0 26.20     30   20
 93332         1 52.7 26.20     30   20
 93336         2 29.2 26.20     30   20
