    0    2   -3 68.6 67.8          
    0    4   -2 72.5 77.7          
    0    6   -1 40.2 49.5          
    0    0    0 46.2 67.8          
    0   -6    1 72.5 77.7    1  4.2
    0   -5    2 72.5 77.7    2  4.2
    0    3    3 67.0 57.9   12  4.2
    0   -4    4 58.2 55.9    1  3.2
    0   -3    5 58.2 55.9    2  3.2
    0   -2    6 42.5 44.9    8  3.2
    0   -1    7 38.4 41.1   10  4.2
    1    2   -3 68.2 65.6          
    1    4   -2 75.7 77.7          
    1    6   -1 57.8 55.6          
    1    0    0 67.1 64.7          
    1   -6    1 75.7 77.7   13  2.3
    1   -5    2 75.7 77.7   13  2.3
    1    3    3 61.2 57.0   14  2.3
    1   -4    4 58.2 55.9   13  2.3
    1   -3    5 58.2 55.9   13  2.3
    1   -2    6 42.5 60.9    0   .0
    1   -1    7 40.7 41.1   13  2.3
    2    2   -3 44.5 60.9          
    2    4   -2 58.1 77.7          
    2    6   -1 40.6 40.5          
    2    0    0 40.7 40.6          
    2   -6    1 72.5 77.7   13  4.3
    2   -5    2 58.1 77.7   13  4.3
    2    3    3 43.4 59.5   14  4.3
    2   -4    4 58.2 55.9   13  2.3
    2   -3    5 58.2 55.9   13  2.3
    2   -2    6 38.9 41.6   15  3.3
    2   -1    7 40.7 40.5   15  4.3
    3    2   -3 62.0 77.7          
    3    4   -2 72.5 77.7          
    3    6   -1 41.3 41.1          
    3    0    0 43.2 43.0          
    3   -6    1 72.5 77.7   13  4.3
    3   -5    2 72.5 77.7   13  4.3
    3    3    3 56.3 57.9   14  4.3
    3   -4    4 58.2 55.9   13  2.3
    3   -3    5 58.2 55.9   13  2.3
    3   -2    6 42.5 44.9   15  3.3
    3   -1    7 41.2 41.1   15  4.3
    4    2   -3 53.2 61.7          
    4    4   -2 72.5 77.7          
    4    6   -1 41.3 51.5          
    4    0    0 42.4 52.5          
    4   -6    1 72.5 77.7    1  4.2
    4   -5    2 72.5 77.7    2  4.2
    4    3    3 51.4 57.9   12  4.2
    4   -4    4 58.2 55.9    1  3.2
    4   -3    5 58.2 55.9    2  3.2
    4   -2    6 44.6 51.5    8  3.2
    4   -1    7 41.1 51.5   10  4.2
    5    2   -3 39.7 71.1          
    5    4   -2 72.5 77.7          
    5    6   -1 38.2 41.2          
    5    0    0 38.3 41.2          
    5   -6    1 72.5 77.7   13  4.3
    5   -5    2 72.5 77.7   13  4.3
    5    3    3 32.5 57.9   14  4.3
    5   -4    4 58.2 55.9   13  3.3
    5   -3    5 58.2 55.9   13  3.3
    5   -2    6 42.5 44.9   15  3.3
    5   -1    7 36.9 41.1   15  4.3
    6    2   -3 67.0 71.1          
    6    4   -2 72.5 77.7          
    6    6   -1 49.3 49.5          
    6    0    0 67.0 58.7          
    6   -6    1 72.5 77.7    1  4.2
    6   -5    2 72.5 77.7    2  4.2
    6    3    3 67.0 57.9   12  4.2
    6   -4    4 58.2 55.9    0   .0
    6   -3    5 58.2 55.9    0   .0
    6   -2    6 42.5 44.9    0   .0
    6   -1    7 38.4 41.1    0   .0
    7    2   -3 61.2 57.0          
    7    4   -2 75.7 77.7          
    7    6   -1 49.9 53.5          
    7    0    0 61.2 57.0          
    7   -6    1 75.7 77.7   13  2.3
    7   -5    2 75.7 77.7   13  2.3
    7    3    3 61.2 57.0   14  2.3
    7   -4    4 58.2 55.9    0   .0
    7   -3    5 58.2 55.9    0   .0
    7   -2    6 42.5 60.9    0   .0
    7   -1    7 40.7 41.1    0   .0
   10    2   -3 30.2 56.9          
   10    4   -2 30.2 56.9          
   10    6   -1 29.8 56.9          
   10    0    0 29.8 56.9          
   10   -6    1 30.2 56.9    1  3.2
   10   -5    2 30.2 56.9    2  3.2
   10    3    3 30.2 56.9   12  3.2
   10   -4    4 30.2 56.9    1  2.2
   10   -3    5 30.2 56.9    2  2.2
   10   -2    6 32.9 56.9    8  3.2
   10   -1    7 29.6 56.9    9  3.2
   11    2   -3 30.2 56.9          
   11    4   -2 30.2 56.9          
   11    6   -1 30.3 56.9          
   11    0    0 30.3 56.9          
   11   -6    1 30.2 56.9    1  4.2
   11   -5    2 30.2 56.9    2  4.2
   11    3    3 30.2 56.9   12  4.2
   11   -4    4 30.2 56.9    1  3.2
   11   -3    5 30.2 56.9    2  3.2
   11   -2    6 32.9 56.9    8  3.2
   11   -1    7 29.6 56.9   10  4.2
   12    2   -3 29.1 56.9          
   12    4   -2 29.1 56.9          
   12    6   -1 29.3 56.9          
   12    0    0 29.3 56.9          
   12   -6    1 29.1 56.9    1  4.2
   12   -5    2 29.1 56.9    2  4.2
   12    3    3 29.1 56.9   12  4.2
   12   -4    4 29.1 56.9    1  3.2
   12   -3    5 29.1 56.9    2  3.2
   12   -2    6 32.9 56.9    8  3.2
   12   -1    7 29.1 56.9   10  4.2
   13    2   -3 30.2 56.9          
   13    4   -2 30.2 56.9          
   13    6   -1 29.6 56.9          
   13    0    0 29.6 56.9          
   13   -6    1 30.2 56.9    1  4.2
   13   -5    2 30.2 56.9    2  4.2
   13    3    3 30.2 56.9   12  4.2
   13   -4    4 30.2 56.9    1  3.2
   13   -3    5 30.2 56.9    2  3.2
   13   -2    6 32.9 56.9    8  3.2
   13   -1    7 29.6 56.9   10  4.2
   14    2   -3 30.2 56.9          
   14    4   -2 30.2 56.9          
   14    6   -1 30.4 56.9          
   14    0    0 30.4 56.9          
   14   -6    1 30.2 56.9    1  3.2
   14   -5    2 30.2 56.9    2  3.2
   14    3    3 30.2 56.9   12  3.2
   14   -4    4 30.2 56.9    1  2.2
   14   -3    5 30.2 56.9    2  2.2
   14   -2    6 32.9 56.9    8  3.2
   14   -1    7 30.2 56.9    9  3.2
   15    2   -3 35.7 56.9          
   15    4   -2 35.7 56.9          
   15    6   -1 35.5 56.9          
   15    0    0 35.5 56.9          
   15   -6    1 35.7 56.9    1  4.2
   15   -5    2 35.7 56.9    2  4.2
   15    3    3 35.7 56.9   12  4.2
   15   -4    4 35.7 56.9    1  3.2
   15   -3    5 35.7 56.9    2  3.2
   15   -2    6 32.9 56.9    8  3.2
   15   -1    7 35.7 56.9   10  4.2
   20    2   -3 42.3 37.9          
   20    4   -2 42.3 37.9          
   20    6   -1 43.1 37.9          
   20    0    0 43.1 37.9          
   20   -6    1 42.3 37.9    1  4.2
   20   -5    2 42.3 37.9    2  4.2
   20    3    3 42.3 37.9   12  4.2
   20   -4    4 42.3 37.9    1  3.2
   20   -3    5 42.3 37.9    2  3.2
   20   -2    6 47.9 37.9    8  3.2
   20   -1    7 42.3 37.9   10  4.2
   21    2   -3 42.5 37.9          
   21    4   -2 42.5 37.9          
   21    6   -1 42.1 37.9          
   21    0    0 42.1 37.9          
   21   -6    1 42.5 37.9    1  4.2
   21   -5    2 42.5 37.9    2  4.2
   21    3    3 42.5 37.9   12  4.2
   21   -4    4 42.5 37.9    1  3.2
   21   -3    5 42.5 37.9    2  3.2
   21   -2    6 47.9 37.9    8  3.2
   21   -1    7 41.3 37.9   10  4.2
   30    2   -3 34.1 22.2          
   30    4   -2 34.1 22.2          
   30    6   -1 34.3 22.2          
   30    0    0 34.3 22.2          
   30   -6    1 34.1 22.2    1  3.2
   30   -5    2 34.1 22.2    2  3.2
   30    3    3 34.1 22.2   12  3.2
   30   -4    4 34.1 22.2    1  2.2
   30   -3    5 34.1 22.2    2  2.2
   30   -2    6 38.8 22.2    8  3.2
   30   -1    7 34.1 22.2    9  3.2
   31    2   -3 45.4 34.6          
   31    4   -2 45.4 34.6          
   31    6   -1 45.0 34.6          
   31    0    0 45.0 34.6          
   31   -6    1 45.4 34.6    1  3.2
   31   -5    2 45.4 34.6    2  3.2
   31    3    3 45.4 34.6   12  3.2
   31   -4    4 45.4 34.6    1  2.2
   31   -3    5 45.4 34.6    2  2.2
   31   -2    6 38.8 34.6    8  3.2
   31   -1    7 45.4 34.6    9  3.2
   32    2   -3 26.2 29.3          
   32    4   -2 26.2 29.3          
   32    6   -1 26.5 29.3          
   32    0    0 26.5 29.3          
   32   -6    1 26.2 29.3    1  3.2
   32   -5    2 26.2 29.3    2  3.2
   32    3    3 26.2 29.3   12  3.2
   32   -4    4 26.2 29.3    1  2.2
   32   -3    5 26.2 29.3    2  2.2
   32   -2    6 38.8 29.3    8  3.2
   32   -1    7 26.2 29.3    9  3.2
   33    2   -3 38.1 31.9          
   33    4   -2 38.1 31.9          
   33    6   -1 38.1 31.9          
   33    0    0 38.1 31.9          
   33   -6    1 38.1 31.9    1  3.2
   33   -5    2 38.1 31.9    2  3.2
   33    3    3 38.1 31.9   12  3.2
   33   -4    4 38.1 31.9    1  2.2
   33   -3    5 38.1 31.9    2  2.2
   33   -2    6 38.8 31.9    8  3.2
   33   -1    7 38.1 31.9    9  3.2
   34    2   -3 38.1 27.5          
   34    4   -2 38.1 27.5          
   34    6   -1 37.7 27.5          
   34    0    0 37.7 27.5          
   34   -6    1 38.1 27.5    1  4.2
   34   -5    2 38.1 27.5    2  4.2
   34    3    3 38.1 27.5   12  4.2
   34   -4    4 38.1 27.5    1  3.2
   34   -3    5 38.1 27.5    2  3.2
   34   -2    6 38.8 27.5    8  3.2
   34   -1    7 37.2 27.5   10  4.2
   40    2   -3 32.5 32.7          
   40    4   -2 32.5 32.7          
   40    6   -1 33.3 32.7          
   40    0    0 33.3 32.7          
   40   -6    1 32.5 32.7    1  3.2
   40   -5    2 32.5 32.7    2  3.2
   40    3    3 32.5 32.7   12  3.2
   40   -4    4 32.5 32.7    1  2.2
   40   -3    5 32.5 32.7    2  2.2
   40   -2    6 44.0 32.7    8  3.2
   40   -1    7 32.5 32.7    9  3.2
   41    2   -3 39.5 32.7          
   41    4   -2 39.5 32.7          
   41    6   -1 38.4 32.7          
   41    0    0 38.4 32.7          
   41   -6    1 39.5 32.7    1  3.2
   41   -5    2 39.5 32.7    2  3.2
   41    3    3 39.5 32.7   12  3.2
   41   -4    4 39.5 32.7    1  2.2
   41   -3    5 39.5 32.7    2  2.2
   41   -2    6 43.8 32.7    8  3.2
   41   -1    7 37.6 32.7    9  3.2
   42    2   -3 35.0 28.5          
   42    4   -2 35.0 28.5          
   42    6   -1 33.7 28.5          
   42    0    0 33.7 28.5          
   42   -6    1 35.0 28.5    1  3.2
   42   -5    2 35.0 28.5    2  3.2
   42    3    3 35.0 28.5   12  3.2
   42   -4    4 35.0 28.5    1  2.2
   42   -3    5 35.0 28.5    2  2.2
   42   -2    6 44.2 28.5    8  3.2
   42   -1    7 32.8 28.5    9  3.2
   43    2   -3 38.4 32.7          
   43    4   -2 38.4 32.7          
   43    6   -1 38.6 32.7          
   43    0    0 38.6 32.7          
   43   -6    1 38.4 32.7    1  3.2
   43   -5    2 38.4 32.7    2  3.2
   43    3    3 38.4 32.7   12  3.2
   43   -4    4 38.4 32.7    1  2.2
   43   -3    5 38.4 32.7    2  2.2
   43   -2    6 44.0 32.7    8  3.2
   43   -1    7 38.4 32.7    9  3.2
   44    2   -3 25.9 32.7          
   44    4   -2 25.9 32.7          
   44    6   -1 27.5 32.7          
   44    0    0 27.5 32.7          
   44   -6    1 25.9 32.7    1  4.2
   44   -5    2 25.9 32.7    2  4.2
   44    3    3 25.9 32.7   12  4.2
   44   -4    4 25.9 32.7    1  3.2
   44   -3    5 25.9 32.7    2  3.2
   44   -2    6 44.0 32.7    8  3.2
   44   -1    7 25.9 32.7   10  4.2
   45    2   -3 32.9 35.9          
   45    4   -2 32.9 35.9          
   45    6   -1 33.2 35.9          
   45    0    0 33.2 35.9          
   45   -6    1 32.9 35.9    1  4.2
   45   -5    2 32.9 35.9    2  4.2
   45    3    3 32.9 35.9   12  4.2
   45   -4    4 32.9 35.9    1  3.2
   45   -3    5 32.9 35.9    2  3.2
   45   -2    6 44.0 35.9    8  3.2
   45   -1    7 32.9 35.9   10  4.2
   50    2   -3 59.9 39.8          
   50    4   -2 67.5 39.8          
   50    6   -1 60.9 39.8          
   50    0    0 60.8 39.8          
   50   -6    1 67.5 39.8    1  3.2
   50   -5    2 67.5 39.8    2  3.2
   50    3    3 56.6 39.8   12  3.2
   50   -4    4 60.8 39.8    1  2.2
   50   -3    5 60.8 39.8    2  2.2
   50   -2    6 50.7 39.8    8  3.2
   50   -1    7 61.2 39.8    9  3.2
   51    2   -3 67.5 25.6          
   51    4   -2 67.5 25.6          
   51    6   -1 56.1 25.6          
   51    0    0 56.1 25.6          
   51   -6    1 67.5 25.6    1  3.2
   51   -5    2 67.5 25.6    2  3.2
   51    3    3 63.0 25.6   12  3.2
   51   -4    4 56.2 25.6    1  2.2
   51   -3    5 56.2 25.6    2  2.2
   51   -2    6 48.1 25.6    8  3.2
   51   -1    7 57.0 25.6    9  3.2
   52    2   -3 66.0 39.8          
   52    4   -2 67.5 39.8          
   52    6   -1 42.6 39.8          
   52    0    0 42.6 39.8          
   52   -6    1 67.5 39.8    1  3.2
   52   -5    2 67.5 39.8    2  3.2
   52    3    3 63.0 39.8   12  3.2
   52   -4    4 41.9 39.8    1  2.2
   52   -3    5 41.9 39.8    2  2.2
   52   -2    6 50.7 39.8    8  3.2
   52   -1    7 41.9 39.8    9  3.2
   53    2   -3 66.0 42.4          
   53    4   -2 67.5 42.4          
   53    6   -1 52.2 42.4          
   53    0    0 52.8 42.4          
   53   -6    1 67.5 42.4    1  3.2
   53   -5    2 67.5 42.4    2  3.2
   53    3    3 64.6 42.4   12  3.2
   53   -4    4 53.3 42.4    1  2.2
   53   -3    5 53.3 42.4    2  2.2
   53   -2    6 52.8 42.4    8  3.2
   53   -1    7 52.1 42.4    9  3.2
   54    2   -3 64.8 40.0          
   54    4   -2 67.5 40.0          
   54    6   -1 54.8 40.0          
   54    0    0 54.9 40.0          
   54   -6    1 67.5 40.0    1  3.2
   54   -5    2 67.5 40.0    2  3.2
   54    3    3 63.0 40.0   12  3.2
   54   -4    4 53.9 40.0    1  2.2
   54   -3    5 53.9 40.0    2  2.2
   54   -2    6 48.1 40.0    8  3.2
   54   -1    7 55.6 40.0    9  3.2
   55    2   -3 63.0 39.6          
   55    4   -2 67.5 39.6          
   55    6   -1 39.7 39.6          
   55    0    0 39.8 39.6          
   55   -6    1 67.5 39.6    1  4.2
   55   -5    2 67.5 39.6    2  4.2
   55    3    3 63.0 39.6   12  4.2
   55   -4    4 37.7 39.6    1  3.2
   55   -3    5 37.7 39.6    2  3.2
   55   -2    6 50.7 39.6    8  3.2
   55   -1    7 37.7 39.6   10  4.2
   56    2   -3 64.7 39.8          
   56    4   -2 67.5 39.8          
   56    6   -1 52.8 39.8          
   56    0    0 52.8 39.8          
   56   -6    1 67.5 39.8    1  3.2
   56   -5    2 67.5 39.8    2  3.2
   56    3    3 63.0 39.8   12  3.2
   56   -4    4 52.8 39.8    1  2.2
   56   -3    5 52.8 39.8    2  2.2
   56   -2    6 50.7 39.8    8  3.2
   56   -1    7 52.8 39.8    9  3.2
   60    2   -3 55.3 34.0          
   60    4   -2 64.4 34.0          
   60    6   -1 48.4 33.6          
   60    0    0 48.6 33.6          
   60   -6    1 64.4 34.0    1  3.2
   60   -5    2 64.4 34.0    2  3.2
   60    3    3 48.0 34.0   12  3.2
   60   -4    4 48.8 34.0    1  2.2
   60   -3    5 48.8 34.0    2  2.2
   60   -2    6 52.2 44.7    8  3.2
   60   -1    7 48.2 33.5    9  3.2
   61    2   -3 60.4 34.0          
   61    4   -2 64.4 34.0          
   61    6   -1 40.5 33.5          
   61    0    0 40.8 33.5          
   61   -6    1 64.4 34.0    1  3.2
   61   -5    2 64.4 34.0    2  3.2
   61    3    3 54.2 34.0   12  3.2
   61   -4    4 39.7 34.0    1  2.2
   61   -3    5 39.7 34.0    2  2.2
   61   -2    6 49.7 44.7    8  3.2
   61   -1    7 39.7 33.5    9  3.2
   62    2   -3 58.3 31.2          
   62    4   -2 64.4 31.2          
   62    6   -1 39.4 31.2          
   62    0    0 39.5 31.2          
   62   -6    1 64.4 31.2    1  3.2
   62   -5    2 64.4 31.2    2  3.2
   62    3    3 54.2 31.2   12  3.2
   62   -4    4 38.8 31.2    1  2.2
   62   -3    5 38.8 31.2    2  2.2
   62   -2    6 49.7 44.7    8  3.2
   62   -1    7 38.8 31.2    9  3.2
   63    2   -3 58.7 28.9          
   63    4   -2 64.4 28.9          
   63    6   -1 42.0 28.9          
   63    0    0 42.2 28.9          
   63   -6    1 64.4 28.9    1  3.2
   63   -5    2 64.4 28.9    2  3.2
   63    3    3 54.2 28.9   12  3.2
   63   -4    4 42.1 28.9    1  2.2
   63   -3    5 42.1 28.9    2  2.2
   63   -2    6 52.8 44.7    8  3.2
   63   -1    7 41.7 28.9    9  3.2
   64    2   -3 58.9 33.5          
   64    4   -2 64.4 33.5          
   64    6   -1 41.6 33.5          
   64    0    0 41.6 33.5          
   64   -6    1 64.4 33.5    1  3.2
   64   -5    2 64.4 33.5    2  3.2
   64    3    3 54.2 33.5   12  3.2
   64   -4    4 42.3 33.7    1  2.2
   64   -3    5 41.8 33.7    2  2.2
   64   -2    6 48.1 44.7    8  3.2
   64   -1    7 41.4 33.5    9  3.2
   65    2   -3 61.0 33.3          
   65    4   -2 64.4 33.3          
   65    6   -1 40.7 33.3          
   65    0    0 40.7 33.3          
   65   -6    1 64.4 33.3    1  4.2
   65   -5    2 64.4 33.3    2  4.2
   65    3    3 54.2 33.3   12  4.2
   65   -4    4 41.0 33.3    1  3.2
   65   -3    5 41.0 33.3    2  3.2
   65   -2    6 49.9 44.7    8  3.2
   65   -1    7 39.9 33.3   10  4.2
   66    2   -3 61.6 34.0          
   66    4   -2 64.4 34.0          
   66    6   -1 50.9 33.5          
   66    0    0 50.9 33.5          
   66   -6    1 64.4 34.0    1  3.2
   66   -5    2 64.4 34.0    2  3.2
   66    3    3 54.2 34.0   12  3.2
   66   -4    4 50.5 34.0    1  2.2
   66   -3    5 50.5 34.0    2  2.2
   66   -2    6 46.3 44.7    8  3.2
   66   -1    7 51.2 33.5    9  3.2
   67    2   -3 60.5 39.1          
   67    4   -2 67.1 44.2          
   67    6   -1 48.4 41.7          
   67    0    0 48.7 41.7          
   67   -6    1 67.1 39.1    1  3.2
   67   -5    2 67.1 44.2    2  3.2
   67    3    3 55.2 34.0   12  3.2
   67   -4    4 49.7 37.4    1  2.2
   67   -3    5 51.1         2  2.2
   67   -2    6 51.5 44.7    8  3.2
   67   -1    7 48.2 41.7    9  3.2
   68    2   -3 60.3 41.1          
   68    4   -2 64.4 39.4          
   68    6   -1 45.2 39.1          
   68    0    0 45.2 39.1          
   68   -6    1 64.4 34.0    1  3.2
   68   -5    2 64.4 44.7    2  3.2
   68    3    3 54.2 44.7   12  3.2
   68   -4    4 46.9 39.3    1  2.2
   68   -3    5 46.9 39.3    2  2.2
   68   -2    6 48.2 44.7    8  3.2
   68   -1    7 44.4 33.5    9  3.2
   69    2   -3 60.2 16.6          
   69    4   -2 64.4 16.6          
   69    6   -1 34.5 17.3          
   69    0    0 34.8 17.3          
   69   -6    1 64.4 16.6    1  3.2
   69   -5    2 64.4 16.6    2  3.2
   69    3    3 54.2 16.6   12  3.2
   69   -4    4 33.4 16.6    1  2.2
   69   -3    5 33.4 16.6    2  2.2
   69   -2    6 49.7 44.7    8  3.2
   69   -1    7 33.4 16.6    9  3.2
   70    2   -3 60.1 34.0          
   70    4   -2 65.8 34.0          
   70    6   -1 48.8 33.5          
   70    0    0 49.9 33.6          
   70   -6    1 65.8 34.0    1  3.2
   70   -5    2 65.8 34.0    2  3.2
   70    3    3 55.7 34.0   12  3.2
   70   -4    4 50.6 34.0    1  2.2
   70   -3    5 50.7 34.0    2  2.2
   70   -2    6 52.8 44.7    8  3.2
   70   -1    7 48.5 33.5    9  3.2
   71    2   -3 59.3 28.9          
   71    4   -2 64.4 28.9          
   71    6   -1 35.3 29.0          
   71    0    0 35.3 29.0          
   71   -6    1 64.4 28.9    1  4.2
   71   -5    2 64.4 28.9    2  4.2
   71    3    3 54.2 28.9   12  4.2
   71   -4    4 34.1 28.9    1  3.2
   71   -3    5 34.1 28.9    2  3.2
   71   -2    6 49.7 44.7    8  3.2
   71   -1    7 34.1 28.9   10  4.2
   72    2   -3 59.6 32.2          
   72    4   -2 64.4 32.2          
   72    6   -1 37.7 32.3          
   72    0    0 39.4 32.3          
   72   -6    1 64.4 32.2    1  3.2
   72   -5    2 64.4 32.2    2  3.2
   72    3    3 54.2 32.2   12  3.2
   72   -4    4 37.4 32.2    1  2.2
   72   -3    5 37.4 32.2    2  2.2
   72   -2    6 49.7 44.7    8  3.2
   72   -1    7 37.4 32.2    9  3.2
   73    2   -3 58.1 34.0          
   73    4   -2 64.4 34.0          
   73    6   -1 44.8 33.5          
   73    0    0 50.8 33.6          
   73   -6    1 64.4 34.0    1  3.2
   73   -5    2 64.4 34.0    2  3.2
   73    3    3 56.6 34.0   12  3.2
   73   -4    4 56.6 34.0    1  2.2
   73   -3    5 56.6 34.0    2  2.2
   73   -2    6 49.7 44.7    8  3.2
   73   -1    7 44.4 33.5    9  3.2
   74    2   -3 58.6 41.6          
   74    4   -2 64.4 41.6          
   74    6   -1 54.5 41.6          
   74    0    0 54.6 41.6          
   74   -6    1 64.4 41.6    1  3.2
   74   -5    2 64.4 41.6    2  3.2
   74    3    3 54.2 41.6   12  3.2
   74   -4    4 54.8 41.6    1  2.2
   74   -3    5 54.8 41.6    2  2.2
   74   -2    6 49.7 44.7    8  3.2
   74   -1    7 54.8 41.6    9  3.2
   75    2   -3 57.9 51.9          
   75    4   -2 64.4 51.9          
   75    6   -1 61.6 51.7          
   75    0    0 61.0 51.8          
   75   -6    1 64.4 51.9    1  3.2
   75   -5    2 64.4 51.9    2  3.2
   75    3    3 54.2 51.9   12  3.2
   75   -4    4 62.0 51.9    1  2.2
   75   -3    5 62.0 51.9    2  2.2
   75   -2    6 49.7 44.7    8  3.2
   75   -1    7 62.0 51.9    9  3.2
   76    2   -3 60.3 34.0          
   76    4   -2 64.4 34.0          
   76    6   -1 47.6 36.6          
   76    0    0 48.0 35.5          
   76   -6    1 64.4 34.0    1  3.2
   76   -5    2 64.4 34.0    2  3.2
   76    3    3 54.2 34.0   12  3.2
   76   -4    4 47.5 34.0    1  2.2
   76   -3    5 47.5 34.0    2  2.2
   76   -2    6 49.7 44.7    8  3.2
   76   -1    7 47.5 33.5    9  3.2
   77    2   -3 61.0 35.8          
   77    4   -2 64.4 35.8          
   77    6   -1 46.9 35.9          
   77    0    0 46.9 35.9          
   77   -6    1 64.4 35.8    1  4.2
   77   -5    2 64.4 35.8    2  4.2
   77    3    3 54.2 35.8   12  4.2
   77   -4    4 46.8 35.8    1  3.2
   77   -3    5 46.8 35.8    2  3.2
   77   -2    6 49.5 44.7    8  3.2
   77   -1    7 46.7 35.8   10  4.2
   78    2   -3 53.7 33.3          
   78    4   -2 62.6 33.3          
   78    6   -1 38.1 33.4          
   78    0    0 38.2 33.4          
   78   -6    1 64.4 33.3    1  4.2
   78   -5    2 62.6 33.3    2  4.2
   78    3    3 50.2 33.3   12  4.2
   78   -4    4 41.3 33.3    1  3.2
   78   -3    5 41.3 33.3    2  3.2
   78   -2    6 49.1 44.7    8  3.2
   78   -1    7 37.9 33.3   10  4.2
   80    2   -3 51.3 25.0          
   80    4   -2 47.7 25.0          
   80    6   -1 46.6 25.0          
   80    0    0 46.9 25.0          
   80   -6    1 47.7 25.0    1  3.2
   80   -5    2 47.7 25.0    2  3.2
   80    3    3 53.4 25.0   12  3.2
   80   -4    4 47.7 25.0    1  2.2
   80   -3    5 47.7 25.0    2  2.2
   80   -2    6 47.6 25.0    8  3.2
   80   -1    7 46.5 25.0    9  3.2
   81    2   -3 51.1 35.1          
   81    4   -2 48.2 35.1          
   81    6   -1 48.2 35.1          
   81    0    0 48.5 35.1          
   81   -6    1 48.2 35.1    1  3.2
   81   -5    2 48.2 35.1    2  3.2
   81    3    3 53.8 35.1   12  3.2
   81   -4    4 48.2 35.1    1  2.2
   81   -3    5 48.2 35.1    2  2.2
   81   -2    6 47.6 35.1    8  3.2
   81   -1    7 48.2 35.1    9  3.2
   82    2   -3 48.7 34.6          
   82    4   -2 42.0 34.6          
   82    6   -1 42.3 34.6          
   82    0    0 42.4 34.6          
   82   -6    1 42.0 34.6    1  3.2
   82   -5    2 42.0 34.6    2  3.2
   82    3    3 53.8 34.6   12  3.2
   82   -4    4 42.0 34.6    1  2.2
   82   -3    5 42.0 34.6    2  2.2
   82   -2    6 47.6 34.6    8  3.2
   82   -1    7 42.0 34.6    9  3.2
   83    2   -3 47.1 38.8          
   83    4   -2 42.3 38.8          
   83    6   -1 39.4 38.8          
   83    0    0 39.5 38.8          
   83   -6    1 42.3 38.8    1  3.2
   83   -5    2 42.3 38.8    2  3.2
   83    3    3 58.3 38.8   12  3.2
   83   -4    4 42.3 38.8    1  2.2
   83   -3    5 42.3 38.8    2  2.2
   83   -2    6 47.6 38.8    8  3.2
   83   -1    7 38.9 38.8    9  3.2
   84    2   -3 56.5 35.1          
   84    4   -2 58.6 35.1          
   84    6   -1 57.9 35.1          
   84    0    0 57.9 35.1          
   84   -6    1 58.6 35.1    1  3.2
   84   -5    2 58.6 35.1    2  3.2
   84    3    3 53.8 35.1   12  3.2
   84   -4    4 58.6 35.1    1  2.2
   84   -3    5 58.6 35.1    2  2.2
   84   -2    6 47.6 35.1    8  3.2
   84   -1    7 58.6 35.1    9  3.2
   85    2   -3 50.9 38.8          
   85    4   -2 42.3 38.8          
   85    6   -1 39.5 38.8          
   85    0    0 40.5 38.8          
   85   -6    1 42.3 38.8    1  3.2
   85   -5    2 42.3 38.8    2  3.2
   85    3    3 58.3 38.8   12  3.2
   85   -4    4 42.3 38.8    1  2.2
   85   -3    5 42.3 38.8    2  2.2
   85   -2    6 47.6 38.8    8  3.2
   85   -1    7 38.9 38.8    9  3.2
   90    2   -3 32.5 27.8          
   90    4   -2 28.6 27.8          
   90    6   -1 28.6 27.9          
   90    0    0 28.6 27.9          
   90   -6    1 28.6 27.8    1  3.2
   90   -5    2 28.6 27.8    2  3.2
   90    3    3 50.3 27.8   12  3.2
   90   -4    4 28.6 27.8    1  2.2
   90   -3    5 28.6 27.8    2  2.2
   90   -2    6 28.6 35.1    8  3.2
   90   -1    7 28.6 27.8    9  3.2
   91    2   -3 49.5 33.3          
   91    4   -2 45.3 33.3          
   91    6   -1 37.2 33.4          
   91    0    0 42.8 33.3          
   91   -6    1 45.3 33.3    1  3.2
   91   -5    2 45.3 33.3    2  3.2
   91    3    3 50.3 33.3   12  3.2
   91   -4    4 45.3 33.3    1  2.2
   91   -3    5 45.3 33.3    2  2.2
   91   -2    6 45.3 35.1    8  3.2
   91   -1    7 36.6 33.3    9  3.2
   92    2   -3 43.8 33.0          
   92    4   -2 37.3 33.0          
   92    6   -1 37.3 33.0          
   92    0    0 37.3 33.0          
   92   -6    1 37.3 33.0    1  3.2
   92   -5    2 37.3 33.0    2  3.2
   92    3    3 50.3 33.0   12  3.2
   92   -4    4 37.3 33.0    1  2.2
   92   -3    5 37.3 33.0    2  2.2
   92   -2    6 37.3 35.1    8  3.2
   92   -1    7 37.3 33.0    9  3.2
   93    2   -3 44.7 35.8          
   93    4   -2 35.4 35.8          
   93    6   -1 35.4 36.0          
   93    0    0 36.7 36.0          
   93   -6    1 35.4 35.8    1  3.2
   93   -5    2 35.4 35.8    2  3.2
   93    3    3 50.3 35.8   12  3.2
   93   -4    4 35.4 35.8    1  2.2
   93   -3    5 35.4 35.8    2  2.2
   93   -2    6 35.4 35.1    8  3.2
   93   -1    7 35.4 36.0    9  3.2
  100    2   -3 17.9 17.3          
  100    4   -2 17.9 17.3          
  100    6   -1 21.5 17.3          
  100    0    0 21.5 17.3          
  100   -6    1 17.9 17.3    1  4.2
  100   -5    2 17.9 17.3    2  4.2
  100    3    3 17.9 17.3   12  4.2
  100   -4    4 17.9 17.3    1  3.2
  100   -3    5 17.9 17.3    2  3.2
  100   -2    6 42.4 42.6    8  3.2
  100   -1    7 17.9 17.3   10  4.2
  101    2   -3 26.5 11.1          
  101    4   -2 26.5 11.1          
  101    6   -1 28.9 18.3          
  101    0    0 28.9 18.3          
  101   -6    1 28.5 16.4    1  4.2
  101   -5    2 26.5 11.1    2  4.2
  101    3    3 34.6 16.4   12  4.2
  101   -4    4 28.5 16.4    1  3.2
  101   -3    5 34.6 16.4    2  3.2
  101   -2    6 42.4 42.6    8  3.2
  101   -1    7 25.1 18.2   10  4.2
  102    2   -3 20.7 33.2          
  102    4   -2 20.7 33.2          
  102    6   -1 22.6 33.3          
  102    0    0 22.6 33.3          
  102   -6    1 20.7 33.2    1  3.2
  102   -5    2 20.7 33.2    2  3.2
  102    3    3 20.7 33.2   12  3.2
  102   -4    4 20.7 33.2    1  2.2
  102   -3    5 20.7 33.2    2  2.2
  102   -2    6 42.4 42.6    8  3.2
  102   -1    7 20.7 33.2    9  3.2
  103    2   -3 36.5 29.2          
  103    4   -2 36.5 29.2          
  103    6   -1 37.9 29.3          
  103    0    0 37.8 29.3          
  103   -6    1 36.5 29.2    1  3.2
  103   -5    2 36.5 29.2    2  3.2
  103    3    3 36.5 29.2   12  3.2
  103   -4    4 36.5 29.2    1  2.2
  103   -3    5 36.5 29.2    2  2.2
  103   -2    6 42.4 42.6    8  3.2
  103   -1    7 36.5 29.2    9  3.2
  104    2   -3 46.1 34.5          
  104    4   -2 46.1 34.5          
  104    6   -1 45.9 34.9          
  104    0    0 45.9 34.9          
  104   -6    1 46.1 34.5    1  3.2
  104   -5    2 46.1 34.5    2  3.2
  104    3    3 46.1 34.5   12  3.2
  104   -4    4 46.1 34.5    1  2.2
  104   -3    5 46.1 34.5    2  2.2
  104   -2    6 42.4 42.6    8  3.2
  104   -1    7 46.1 34.5    9  3.2
  105    2   -3 29.3 34.4          
  105    4   -2 29.3 34.4          
  105    6   -1 30.4 34.5          
  105    0    0 30.4 34.5          
  105   -6    1 29.3 34.4    1  3.2
  105   -5    2 29.3 34.4    2  3.2
  105    3    3 29.3 34.4   12  3.2
  105   -4    4 29.3 34.4    1  2.2
  105   -3    5 29.3 34.4    2  2.2
  105   -2    6 42.4 42.6    8  3.2
  105   -1    7 29.3 34.4    9  3.2
  106    2   -3 27.3 27.9          
  106    4   -2 27.3 27.9          
  106    6   -1 28.7 27.7          
  106    0    0 28.7 27.7          
  106   -6    1 27.3 27.9    1  3.2
  106   -5    2 27.3 27.9    2  3.2
  106    3    3 27.3 27.9   12  3.2
  106   -4    4 27.3 27.9    1  2.2
  106   -3    5 27.3 27.9    2  2.2
  106   -2    6 42.4 42.6    8  3.2
  106   -1    7 27.3 27.5    9  3.2
  107    2   -3 41.1 34.7          
  107    4   -2 41.1 34.7          
  107    6   -1 39.3 33.8          
  107    0    0 39.4 33.8          
  107   -6    1 41.1 34.7    1  3.2
  107   -5    2 41.1 34.7    2  3.2
  107    3    3 41.1 34.7   12  3.2
  107   -4    4 41.1 34.7    1  2.2
  107   -3    5 41.1 34.7    2  2.2
  107   -2    6 42.4 42.6    8  3.2
  107   -1    7 38.2 33.6    9  3.2
  108    2   -3 22.3 27.6          
  108    4   -2 22.3 27.6          
  108    6   -1 22.8 27.6          
  108    0    0 22.8 27.6          
  108   -6    1 22.3 27.6    1  4.2
  108   -5    2 22.3 27.6    2  4.2
  108    3    3 22.3 27.6   12  4.2
  108   -4    4 22.3 27.6    1  3.2
  108   -3    5 22.3 27.6    2  3.2
  108   -2    6 42.4 42.6    8  3.2
  108   -1    7 22.3 27.6   10  4.2
  110    2   -3 50.9 54.1          
  110    4   -2 48.5 45.5          
  110    6   -1 48.5 44.5          
  110    0    0 49.2 46.0          
  110   -6    1 48.5 45.5    1  3.2
  110   -5    2 48.5 45.5    2  3.2
  110    3    3 52.8 55.0   12  3.2
  110   -4    4 48.5 45.5    1  2.2
  110   -3    5 48.5 45.5    2  2.2
  110   -2    6 49.3 42.5    8  3.2
  110   -1    7 48.5 44.5    9  3.2
  111    2   -3 49.0 49.7          
  111    4   -2 41.3 42.3          
  111    6   -1 41.7 42.3          
  111    0    0 42.5 42.6          
  111   -6    1 41.3 42.3    1  3.2
  111   -5    2 41.3 42.3    2  3.2
  111    3    3 52.8 50.8   12  3.2
  111   -4    4 41.3 42.3    1  2.2
  111   -3    5 41.3 42.3    2  2.2
  111   -2    6 49.3 42.5    8  3.2
  111   -1    7 41.3 42.3    9  3.2
  112    2   -3 49.8 48.6          
  112    4   -2 45.3 36.9          
  112    6   -1 45.5 36.5          
  112    0    0 45.7 36.8          
  112   -6    1 45.3 36.9    1  4.2
  112   -5    2 45.3 36.9    2  4.2
  112    3    3 52.8 48.9   12  4.2
  112   -4    4 45.3 36.9    1  3.2
  112   -3    5 45.3 36.9    2  3.2
  112   -2    6 49.3 42.5    8  3.2
  112   -1    7 45.3 36.4   10  4.2
  113    2   -3 50.0 48.0          
  113    4   -2 49.1 40.2          
  113    6   -1 48.3 40.1          
  113    0    0 48.4 40.3          
  113   -6    1 49.1 40.2    1  3.2
  113   -5    2 49.1 40.2    2  3.2
  113    3    3 52.8 50.8   12  3.2
  113   -4    4 49.1 40.2    1  2.2
  113   -3    5 49.1 40.2    2  2.2
  113   -2    6 49.3 42.5    8  3.2
  113   -1    7 48.2 39.8    9  3.2
  120    2   -3 64.3 33.7          
  120    4   -2 67.1 33.7          
  120    6   -1 40.3 33.6          
  120    0    0 42.4 33.6          
  120   -6    1 67.1 33.7    1  3.2
  120   -5    2 67.1 33.7    2  3.2
  120    3    3 53.4 33.7   12  3.2
  120   -4    4 53.4 33.7    1  2.2
  120   -3    5 53.4 33.7    2  2.2
  120   -2    6 44.7 31.7    8  3.2
  120   -1    7 39.7 33.7    9  3.2
  121    2   -3 62.5 23.1          
  121    4   -2 68.9 23.1          
  121    6   -1 47.4 23.2          
  121    0    0 50.7 23.2          
  121   -6    1 68.9 23.1    1  3.2
  121   -5    2 68.9 23.1    2  3.2
  121    3    3 51.6 23.1   12  3.2
  121   -4    4 53.4 23.1    1  2.2
  121   -3    5 53.4 23.1    2  2.2
  121   -2    6 44.3 31.7    8  3.2
  121   -1    7 46.2 23.1    9  3.2
  122    2   -3 60.3 32.6          
  122    4   -2 67.1 32.6          
  122    6   -1 38.4 32.6          
  122    0    0 38.4 32.6          
  122   -6    1 67.1 32.6    1  3.2
  122   -5    2 67.1 32.6    2  3.2
  122    3    3 53.4 32.6   12  3.2
  122   -4    4 53.4 32.6    1  2.2
  122   -3    5 53.4 32.6    2  2.2
  122   -2    6 44.3 31.7    8  3.2
  122   -1    7 37.1 32.7    9  3.2
  123    2   -3 59.5 31.9          
  123    4   -2 62.9 31.9          
  123    6   -1 39.1 31.9          
  123    0    0 41.6 31.9          
  123   -6    1 67.1 31.9    1  4.2
  123   -5    2 62.8 31.9    2  4.2
  123    3    3 55.9 31.9   12  4.2
  123   -4    4 53.4 31.9    1  3.2
  123   -3    5 53.4 31.9    2  3.2
  123   -2    6 44.2 31.7    8  3.2
  123   -1    7 37.8 31.9   10  4.2
  124    2   -3 62.5 40.3          
  124    4   -2 67.1 40.3          
  124    6   -1 41.5 40.1          
  124    0    0 41.5 40.1          
  124   -6    1 67.1 40.3    1  4.2
  124   -5    2 67.1 40.3    2  4.2
  124    3    3 53.4 40.3   12  4.2
  124   -4    4 53.4 40.3    1  3.2
  124   -3    5 53.4 40.3    2  3.2
  124   -2    6 44.3 31.7    8  3.2
  124   -1    7 41.1 40.3   10  4.2
  130    2   -3 54.4 28.9          
  130    4   -2 37.5 28.9          
  130    6   -1 38.5 29.1          
  130    0    0 38.5 29.1          
  130   -6    1 37.5 28.9    1  3.2
  130   -5    2 37.5 28.9    2  3.2
  130    3    3 71.2 28.9   12  3.2
  130   -4    4 37.5 28.9    1  2.2
  130   -3    5 37.5 28.9    2  2.2
  130   -2    6 50.3 34.8    8  3.2
  130   -1    7 37.5 28.9    9  3.2
  131    2   -3 46.7 36.8          
  131    4   -2 37.5 36.8          
  131    6   -1 38.6 36.8          
  131    0    0 38.7 36.8          
  131   -6    1 37.5 36.8    1  3.2
  131   -5    2 37.5 36.8    2  3.2
  131    3    3 71.2 36.8   12  3.2
  131   -4    4 37.5 36.8    1  2.2
  131   -3    5 37.5 36.8    2  2.2
  131   -2    6 50.3 34.8    8  3.2
  131   -1    7 37.5 36.8    9  3.2
  132    2   -3 60.8 38.7          
  132    4   -2 56.1 38.7          
  132    6   -1 55.9 38.9          
  132    0    0 55.9 38.9          
  132   -6    1 56.1 38.7    1  3.2
  132   -5    2 56.1 38.7    2  3.2
  132    3    3 71.2 38.7   12  3.2
  132   -4    4 56.1 38.7    1  2.2
  132   -3    5 56.1 38.7    2  2.2
  132   -2    6 50.3 34.8    8  3.2
  132   -1    7 56.1 38.9    9  3.2
  133    2   -3 59.7 45.3          
  133    4   -2 50.7 45.3          
  133    6   -1 50.7 45.2          
  133    0    0 50.8 45.2          
  133   -6    1 50.7 45.3    1  3.2
  133   -5    2 50.7 45.3    2  3.2
  133    3    3 71.2 45.3   12  3.2
  133   -4    4 50.7 45.3    1  2.2
  133   -3    5 50.7 45.3    2  2.2
  133   -2    6 50.3 34.8    8  3.2
  133   -1    7 50.7 45.3    9  3.2
  134    2   -3 60.9 38.2          
  134    4   -2 53.3 38.2          
  134    6   -1 53.3 38.2          
  134    0    0 54.5 38.2          
  134   -6    1 53.3 38.2    1  3.2
  134   -5    2 53.3 38.2    2  3.2
  134    3    3 71.2 38.2   12  3.2
  134   -4    4 53.3 38.2    1  2.2
  134   -3    5 53.3 38.2    2  2.2
  134   -2    6 50.3 34.8    8  3.2
  134   -1    7 53.3 38.2    9  3.2
  135    2   -3 63.3 40.2          
  135    4   -2 54.0 40.2          
  135    6   -1 54.0 40.4          
  135    0    0 54.3 40.4          
  135   -6    1 54.0 40.2    1  3.2
  135   -5    2 54.0 40.2    2  3.2
  135    3    3 71.2 40.2   12  3.2
  135   -4    4 54.0 40.2    1  2.2
  135   -3    5 54.0 40.2    2  2.2
  135   -2    6 50.3 34.8    8  3.2
  135   -1    7 54.4 40.6    9  3.2
  140    2   -3 58.8 45.8          
  140    4   -2 59.1 52.3          
  140    6   -1 36.3 27.7          
  140    0    0 36.3 27.8          
  140   -6    1 59.1 52.3    1  3.2
  140   -5    2 59.1 52.3    2  3.2
  140    3    3 58.7 45.8   12  3.2
  140   -4    4 35.2 27.2    1  2.2
  140   -3    5 35.2 27.2    2  2.2
  140   -2    6 47.3 47.6    8  3.2
  140   -1    7 35.2 27.2    9  3.2
  141    2   -3 59.0 46.9          
  141    4   -2 59.1 52.3          
  141    6   -1 38.0 35.5          
  141    0    0 38.3 35.5          
  141   -6    1 59.1 52.3    1  4.2
  141   -5    2 59.1 52.3    2  4.2
  141    3    3 58.7 45.8   12  4.2
  141   -4    4 39.7 35.1    1  3.2
  141   -3    5 39.7 35.1    2  3.2
  141   -2    6 47.3 47.6    8  3.2
  141   -1    7 36.9 35.1   10  4.2
  142    2   -3 58.8 47.2          
  142    4   -2 59.1 52.3          
  142    6   -1 53.3 45.9          
  142    0    0 53.9 45.9          
  142   -6    1 59.1 52.3    1  3.2
  142   -5    2 59.1 52.3    2  3.2
  142    3    3 58.7 45.8   12  3.2
  142   -4    4 53.5 45.9    1  2.2
  142   -3    5 53.5 45.9    2  2.2
  142   -2    6 47.3 47.6    8  3.2
  142   -1    7 53.5 45.9    9  3.2
  143    2   -3 58.7 46.9          
  143    4   -2 58.8 52.3          
  143    6   -1 40.6 36.0          
  143    0    0 40.9 36.2          
  143   -6    1 65.0 52.3    1  4.2
  143   -5    2 58.7 52.3    2  4.2
  143    3    3 58.7 45.8   12  4.2
  143   -4    4 46.8 38.6    2  3.2
  143   -3    5 46.8 38.6    2  3.2
  143   -2    6 47.4 47.6    8  3.2
  143   -1    7 39.5 35.8   10  4.2
  150    2   -3 43.1 58.0          
  150    4   -2 43.9 58.9          
  150    6   -1 40.0 36.9          
  150    0    0 40.3 36.9          
  150   -6    1 56.6 58.9    1  3.2
  150   -5    2 43.8 58.9    2  3.2
  150    3    3 42.8 56.3   12  3.2
  150   -4    4 40.8 54.3    1  2.2
  150   -3    5 40.8 54.3    2  2.2
  150   -2    6 44.9 44.1    8  3.2
  150   -1    7 39.8 36.9    9  3.2
  151    2   -3 42.7 56.3          
  151    4   -2 52.0 58.9          
  151    6   -1 41.8 47.4          
  151    0    0 41.9 56.3          
  151   -6    1 56.6 58.9    1  3.2
  151   -5    2 52.0 58.9    2  3.2
  151    3    3 37.2 56.3   12  3.2
  151   -4    4 43.1 54.3    1  2.2
  151   -3    5 43.1 54.3    2  2.2
  151   -2    6 44.9 44.1    8  3.2
  151   -1    7 41.7 36.9    9  3.2
  152    2   -3 49.7 58.0          
  152    4   -2 56.6 58.9          
  152    6   -1 43.8 47.4          
  152    0    0 44.9 52.0          
  152   -6    1 56.6 58.9    1  3.2
  152   -5    2 56.6 58.9    2  3.2
  152    3    3 44.6 56.3   12  3.2
  152   -4    4 44.1 54.3    1  2.2
  152   -3    5 44.1 54.3    2  2.2
  152   -2    6 44.9 44.1    8  3.2
  152   -1    7 43.8 36.9    9  3.2
  153    2   -3 58.4 58.4          
  153    4   -2 63.4 58.9          
  153    6   -1 49.1 54.3          
  153    0    0 55.7 58.2          
  153   -6    1 63.4 58.9    1  3.2
  153   -5    2 63.4 58.9    2  3.2
  153    3    3 51.7 56.3   12  3.2
  153   -4    4 53.5 54.3    1  2.2
  153   -3    5 53.5 54.3    2  2.2
  153   -2    6 44.9 44.1    8  3.2
  153   -1    7 48.3 36.9    9  3.2
  154    2   -3 49.1 57.9          
  154    4   -2 57.4 58.9          
  154    6   -1 39.4 28.2          
  154    0    0 40.1 37.0          
  154   -6    1 56.6 58.9    1  4.2
  154   -5    2 57.4 58.9    2  4.2
  154    3    3 45.4 56.3   12  4.2
  154   -4    4 36.2 54.3    1  3.2
  154   -3    5 42.0 54.3    2  3.2
  154   -2    6 44.9 44.1    8  3.2
  154   -1    7 38.1 26.8   10  4.2
  160    2   -3 52.3 29.1          
  160    4   -2 59.8 29.1          
  160    6   -1 38.6 29.1          
  160    0    0 38.9 29.1          
  160   -6    1 59.8 29.1    1  4.2
  160   -5    2 59.8 29.1    2  4.2
  160    3    3 48.2 29.1   12  4.2
  160   -4    4 38.4 29.1    1  3.2
  160   -3    5 38.4 29.1    2  3.2
  160   -2    6 43.0 29.1    8  3.2
  160   -1    7 38.4 29.1   10  4.2
  161    2   -3 51.7 32.2          
  161    4   -2 59.8 32.2          
  161    6   -1 41.9 32.2          
  161    0    0 43.3 32.2          
  161   -6    1 59.8 32.2    1  3.2
  161   -5    2 59.8 32.2    2  3.2
  161    3    3 48.2 32.2   12  3.2
  161   -4    4 43.1 31.5    1  2.2
  161   -3    5 44.1 32.2    2  2.2
  161   -2    6 43.0 32.2    8  3.2
  161   -1    7 41.8 32.2    9  3.2
  170    2   -3 34.7 32.2          
  170    4   -2 34.7 32.2          
  170    6   -1 35.0 32.2          
  170    0    0 35.0 32.2          
  170   -6    1 34.7 32.2    1  4.2
  170   -5    2 34.7 32.2    2  4.2
  170    3    3 34.7 32.2   12  4.2
  170   -4    4 34.7 32.2    1  3.2
  170   -3    5 34.7 32.2    2  3.2
  170   -2    6 46.6 32.2    8  3.2
  170   -1    7 34.7 32.2   10  4.2
  171    2   -3 33.9 32.2          
  171    4   -2 33.9 32.2          
  171    6   -1 34.0 32.2          
  171    0    0 34.0 32.2          
  171   -6    1 33.9 32.2    1  3.2
  171   -5    2 33.9 32.2    2  3.2
  171    3    3 33.9 32.2   12  3.2
  171   -4    4 33.9 32.2    1  2.2
  171   -3    5 33.9 32.2    2  2.2
  171   -2    6 46.6 32.2    8  3.2
  171   -1    7 33.9 32.2    9  3.2
  172    2   -3 37.9 32.2          
  172    4   -2 37.9 32.2          
  172    6   -1 38.0 32.2          
  172    0    0 38.0 32.2          
  172   -6    1 37.9 32.2    1  3.2
  172   -5    2 37.9 32.2    2  3.2
  172    3    3 37.9 32.2   12  3.2
  172   -4    4 37.9 32.2    1  2.2
  172   -3    5 37.9 32.2    2  2.2
  172   -2    6 46.6 32.2    8  3.2
  172   -1    7 37.9 32.2    9  3.2
  173    2   -3 37.9 32.2          
  173    4   -2 37.9 32.2          
  173    6   -1 38.2 32.2          
  173    0    0 38.2 32.2          
  173   -6    1 37.9 32.2    1  4.2
  173   -5    2 37.9 32.2    2  4.2
  173    3    3 37.9 32.2   12  4.2
  173   -4    4 37.9 32.2    1  3.2
  173   -3    5 37.9 32.2    2  3.2
  173   -2    6 46.6 32.2    8  3.2
  173   -1    7 37.9 32.2   10  4.2
  174    2   -3 35.2 32.2          
  174    4   -2 35.2 32.2          
  174    6   -1 34.9 32.2          
  174    0    0 34.9 32.2          
  174   -6    1 35.2 32.2    1  3.2
  174   -5    2 35.2 32.2    2  3.2
  174    3    3 35.2 32.2   12  3.2
  174   -4    4 35.2 32.2    1  2.2
  174   -3    5 35.2 32.2    2  2.2
  174   -2    6 46.6 32.2    8  3.2
  174   -1    7 34.7 32.2    9  3.2
  180    2   -3 33.1 28.5          
  180    4   -2 28.8 28.5          
  180    6   -1 31.1 28.5          
  180    0    0 31.1 28.5          
  180   -6    1 28.8 28.5    1  4.2
  180   -5    2 28.8 28.5    2  4.2
  180    3    3 41.6 28.5   12  4.2
  180   -4    4 28.8 28.5    1  3.2
  180   -3    5 28.8 28.5    2  3.2
  180   -2    6 39.8 28.5    8  3.2
  180   -1    7 28.8 28.5   10  4.2
  181    2   -3 36.5 27.4          
  181    4   -2 33.9 27.4          
  181    6   -1 34.0 27.4          
  181    0    0 34.0 27.4          
  181   -6    1 33.9 27.4    1  5.0
  181   -5    2 33.9 27.4    2  5.0
  181    3    3 41.6 27.4   12  5.0
  181   -4    4 33.9 27.4    1  3.2
  181   -3    5 33.9 27.4    2  3.2
  181   -2    6 39.8 27.4    8  3.2
  181   -1    7 33.9 27.4   11  5.0
  182    2   -3 32.9 29.2          
  182    4   -2 28.5 29.2          
  182    6   -1 28.6 29.2          
  182    0    0 28.6 29.2          
  182   -6    1 28.5 29.2    1  5.0
  182   -5    2 28.5 29.2    2  5.0
  182    3    3 41.6 29.2   12  5.0
  182   -4    4 28.5 29.2    1  3.2
  182   -3    5 28.5 29.2    2  3.2
  182   -2    6 39.8 29.2    8  3.2
  182   -1    7 28.5 29.2   11  5.0
  183    2   -3 30.4 28.5          
  183    4   -2 24.8 28.5          
  183    6   -1 24.9 28.5          
  183    0    0 24.9 28.5          
  183   -6    1 24.8 28.5    1  5.0
  183   -5    2 24.8 28.5    2  5.0
  183    3    3 41.6 28.5   12  5.0
  183   -4    4 24.8 28.5    1  3.2
  183   -3    5 24.8 28.5    2  3.2
  183   -2    6 39.8 28.5    8  3.2
  183   -1    7 24.8 28.5   11  5.0
  184    2   -3 27.1 21.4          
  184    4   -2 19.9 21.4          
  184    6   -1 20.0 21.4          
  184    0    0 20.0 21.4          
  184   -6    1 19.9 21.4    1  5.0
  184   -5    2 19.9 21.4    2  5.0
  184    3    3 41.6 21.4   12  5.0
  184   -4    4 19.9 21.4    1  3.2
  184   -3    5 19.9 21.4    2  3.2
  184   -2    6 39.8 21.4    8  3.2
  184   -1    7 19.9 21.4   11  5.0
  185    2   -3 35.5 28.5          
  185    4   -2 32.5 28.5          
  185    6   -1 32.6 28.5          
  185    0    0 32.6 28.5          
  185   -6    1 32.5 28.5    1  5.0
  185   -5    2 32.5 28.5    2  5.0
  185    3    3 41.6 28.5   12  5.0
  185   -4    4 32.5 28.5    1  3.2
  185   -3    5 32.5 28.5    2  3.2
  185   -2    6 39.8 28.5    8  3.2
  185   -1    7 32.5 28.5   11  5.0
  186    2   -3 27.9 19.3          
  186    4   -2 21.0 19.3          
  186    6   -1 21.3 19.3          
  186    0    0 21.3 19.3          
  186   -6    1 21.0 19.3    1  5.0
  186   -5    2 21.0 19.3    2  5.0
  186    3    3 41.6 19.3   12  5.0
  186   -4    4 21.0 19.3    1  3.2
  186   -3    5 21.0 19.3    2  3.2
  186   -2    6 39.8 19.3    8  3.2
  186   -1    7 21.0 19.3   11  5.0
  187    2   -3 40.7 26.4          
  187    4   -2 31.1 26.4          
  187    6   -1 30.5 26.4          
  187    0    0 30.5 26.4          
  187   -6    1 31.1 26.4    1  5.0
  187   -5    2 31.1 26.4    2  5.0
  187    3    3 41.0 26.4   12  5.0
  187   -4    4 31.1 26.4    1  3.2
  187   -3    5 31.1 26.4    2  3.2
  187   -2    6 39.8 26.4    8  3.2
  187   -1    7 30.4 26.4   11  5.0
  188    2   -3 42.7 30.0          
  188    4   -2 32.4 30.0          
  188    6   -1 32.0 30.0          
  188    0    0 32.0 30.0          
  188   -6    1 32.4 30.0    1  5.0
  188   -5    2 32.4 30.0    2  5.0
  188    3    3 42.7 30.0   12  5.0
  188   -4    4 32.4 30.0    1  3.2
  188   -3    5 32.4 30.0    2  3.2
  188   -2    6 39.8 30.0    8  3.2
  188   -1    7 31.8 30.0   11  5.0
  190    2   -3 58.0 52.9          
  190    4   -2 70.2 52.9          
  190    6   -1 74.8 55.6          
  190    0    0 73.6 54.4          
  190   -6    1 70.2 52.9    1  2.1
  190   -5    2 70.2 52.9    2  2.1
  190    3    3 56.3 52.9   12  2.1
  190   -4    4 77.6 52.9    1  2.1
  190   -3    5 69.4 52.9    2  2.1
  190   -2    6 47.9 64.1    0   .0
  190   -1    7 42.0 52.4    2  2.1
  191    2   -3 59.1 52.9          
  191    4   -2 70.2 52.9          
  191    6   -1 47.2 55.3          
  191    0    0 47.4 55.1          
  191   -6    1 70.2 52.9    1  4.2
  191   -5    2 70.2 52.9    2  4.2
  191    3    3 56.3 52.9   12  4.2
  191   -4    4 69.4 52.9    1  3.2
  191   -3    5 69.4 52.9    2  3.2
  191   -2    6 47.9 64.1    8  3.2
  191   -1    7 47.1 52.4   10  4.2
  192    2   -3 60.9 52.9          
  192    4   -2 70.2 52.9          
  192    6   -1 67.3 55.6          
  192    0    0 67.3 54.4          
  192   -6    1 70.2 52.9    1  2.1
  192   -5    2 70.2 52.9    2  2.1
  192    3    3 56.3 52.9   12  2.1
  192   -4    4 69.4 52.9    1  2.1
  192   -3    5 69.4 52.9    2  2.1
  192   -2    6 47.9 64.1    0   .0
  192   -1    7 66.9 52.4    5  2.1
  193    2   -3 65.6 52.9          
  193    4   -2 70.2 52.9          
  193    6   -1 41.6 55.6          
  193    0    0 41.6 54.4          
  193   -6    1 70.2 52.9    1  3.2
  193   -5    2 70.2 52.9    2  3.2
  193    3    3 56.3 52.9   12  3.2
  193   -4    4 69.4 52.9    1  2.2
  193   -3    5 69.4 52.9    2  2.2
  193   -2    6 47.9 64.1    8  3.2
  193   -1    7 41.6 52.4    9  3.2
  194    2   -3 65.6 52.9          
  194    4   -2 70.2 52.9          
  194    6   -1 45.2 55.6          
  194    0    0 45.2 54.4          
  194   -6    1 70.2 52.9    1  3.2
  194   -5    2 70.2 52.9    2  3.2
  194    3    3 56.3 52.9   12  3.2
  194   -4    4 69.4 52.9    1  2.2
  194   -3    5 69.4 52.9    2  2.2
  194   -2    6 47.9 64.1    8  3.2
  194   -1    7 45.2 52.4    9  3.2
  195    2   -3 58.0 52.9          
  195    4   -2 70.2 52.9          
  195    6   -1 42.2 52.4          
  195    0    0 42.3 52.5          
  195   -6    1 70.2 52.9    1  3.2
  195   -5    2 70.2 52.9    2  3.2
  195    3    3 56.3 52.9   12  3.2
  195   -4    4 69.4 52.9    1  2.2
  195   -3    5 69.4 52.9    2  2.2
  195   -2    6 47.9 64.1    8  3.2
  195   -1    7 42.2 52.4    9  3.2
  196    2   -3 59.0 53.9          
  196    4   -2 65.9 53.9          
  196    6   -1 51.2 53.9          
  196    0    0 53.1 53.9          
  196   -6    1 70.2 53.9    1  3.2
  196   -5    2 65.9 53.9    2  3.2
  196    3    3 58.1 53.9   12  3.2
  196   -4    4 69.4 53.9    1  2.2
  196   -3    5 69.4 53.9    2  2.2
  196   -2    6 47.9 64.1    8  3.2
  196   -1    7 51.1 53.9    9  3.2
  197    2   -3 61.7 52.6          
  197    4   -2 72.9 52.6          
  197    6   -1 40.1 52.6          
  197    0    0 40.9 52.6          
  197   -6    1 72.9 52.6    1  3.2
  197   -5    2 72.9 52.6    2  3.2
  197    3    3 52.6 52.6   12  3.2
  197   -4    4 52.5 52.6    1  2.2
  197   -3    5 69.4 52.6    2  2.2
  197   -2    6 47.9 64.1    8  3.2
  197   -1    7 40.0 52.6    9  3.2
  198    2   -3 70.2 52.9          
  198    4   -2 70.2 52.9          
  198    6   -1 50.6 61.3          
  198    0    0 51.1 58.3          
  198   -6    1 70.2 52.9    1  2.1
  198   -5    2 70.2 52.9    2  2.1
  198    3    3 56.3 52.9    0   .0
  198   -4    4 69.4 52.9    1  2.1
  198   -3    5 69.4 52.9    2  2.1
  198   -2    6 46.9 64.1    5  2.1
  198   -1    7 42.0 52.4    0   .0
  199    2   -3 65.6 52.9          
  199    4   -2 70.2 52.9          
  199    6   -1 38.9 55.6          
  199    0    0 38.9 54.4          
  199   -6    1 70.2 52.9    0   .0
  199   -5    2 70.2 52.9    0   .0
  199    3    3 56.3 52.9    0   .0
  199   -4    4 69.4 52.9    0   .0
  199   -3    5 69.4 52.9    0   .0
  199   -2    6 47.9 64.1    8  3.2
  199   -1    7 38.7 52.4    9  3.2
  200    2   -3 65.6 52.9          
  200    4   -2 70.2 52.9          
  200    6   -1 58.5 52.5          
  200    0    0 58.5 52.5          
  200   -6    1 70.2 52.9    0   .0
  200   -5    2 70.2 52.9    0   .0
  200    3    3 56.3 52.9    0   .0
  200   -4    4 69.4 52.9    1  2.2
  200   -3    5 69.4 52.9    2  2.2
  200   -2    6 47.9 64.1    8  3.2
  200   -1    7 58.6 52.4    9  3.2
  201    2   -3 65.6 58.0          
  201    4   -2 70.2 58.0          
  201    6   -1 49.5 57.8          
  201    0    0 49.5 57.8          
  201   -6    1 70.2 58.0    0   .0
  201   -5    2 70.2 58.0    0   .0
  201    3    3 56.3 58.0    0   .0
  201   -4    4 69.4 58.0    0   .0
  201   -3    5 69.4 58.0    0   .0
  201   -2    6 47.9 64.1    5  3.1
  201   -1    7 49.7 57.6    6  4.1
  202    2   -3 65.6 54.6          
  202    4   -2 70.2 54.6          
  202    6   -1 65.0 55.0          
  202    0    0 65.0 55.0          
  202   -6    1 70.2 54.6    0   .0
  202   -5    2 70.2 54.6    0   .0
  202    3    3 56.3 54.6    0   .0
  202   -4    4 69.4 54.6    1  2.1
  202   -3    5 69.4 54.6    2  2.1
  202   -2    6 47.9 64.1    5  3.1
  202   -1    7 66.6 54.6    6  3.1
  203    2   -3 65.6 34.3          
  203    4   -2 70.2 34.3          
  203    6   -1 46.2 34.5          
  203    0    0 46.2 34.5          
  203   -6    1 70.2 34.3    0   .0
  203   -5    2 70.2 34.3    0   .0
  203    3    3 56.3 34.3    0   .0
  203   -4    4 69.4 34.3    0   .0
  203   -3    5 69.4 34.3    0   .0
  203   -2    6 52.5 64.1    8  3.2
  203   -1    7 45.9 34.3   10  4.2
  204    2   -3 65.6 39.3          
  204    4   -2 70.2 39.3          
  204    6   -1 44.9 39.3          
  204    0    0 44.9 39.3          
  204   -6    1 70.2 39.3    1  5.0
  204   -5    2 70.2 39.3    2  5.0
  204    3    3 56.3 39.3   12  5.0
  204   -4    4 69.4 39.3    1  3.2
  204   -3    5 69.4 39.3    2  3.2
  204   -2    6 47.9 64.1    8  3.2
  204   -1    7 44.9 39.3   11  5.0
  205    2   -3 65.6 30.0          
  205    4   -2 70.2 30.0          
  205    6   -1 34.7 30.0          
  205    0    0 34.7 30.0          
  205   -6    1 70.2 30.0    1  4.2
  205   -5    2 70.2 30.0    2  4.2
  205    3    3 56.3 30.0   12  4.2
  205   -4    4 69.4 30.0    0   .0
  205   -3    5 69.4 30.0    0   .0
  205   -2    6 47.9 64.1    8  3.2
  205   -1    7 34.7 30.0   10  4.2
  206    2   -3 65.6 52.9          
  206    4   -2 70.2 52.9          
  206    6   -1 34.1 52.4          
  206    0    0 34.1 52.4          
  206   -6    1 70.2 52.9    0   .0
  206   -5    2 70.2 52.9    0   .0
  206    3    3 56.3 52.9    0   .0
  206   -4    4 69.4 52.9    0   .0
  206   -3    5 69.4 52.9    0   .0
  206   -2    6 47.9 64.1    8  3.2
  206   -1    7 33.9 52.4   11  5.0
  207    2   -3 64.2 52.9          
  207    4   -2 70.2 52.9          
  207    6   -1 40.3 52.4          
  207    0    0 40.3 52.4          
  207   -6    1 70.2 52.9    1  5.0
  207   -5    2 70.2 52.9    2  5.0
  207    3    3 56.3 52.9   12  5.0
  207   -4    4 69.4 52.9    0   .0
  207   -3    5 69.4 52.9    0   .0
  207   -2    6 46.8 64.1    8  3.2
  207   -1    7 39.1 52.4   11  5.0
  208    2   -3 65.6 52.9          
  208    4   -2 70.2 52.9          
  208    6   -1 37.8 52.4          
  208    0    0 37.8 52.4          
  208   -6    1 70.2 52.9    0   .0
  208   -5    2 70.2 52.9    0   .0
  208    3    3 56.3 52.9   12  5.0
  208   -4    4 69.4 52.9    0   .0
  208   -3    5 69.4 52.9    0   .0
  208   -2    6 47.9 64.1    8  3.2
  208   -1    7 37.8 52.4   11  5.0
  209    2   -3 56.3 41.8          
  209    4   -2 70.2 41.8          
  209    6   -1 48.3 45.0          
  209    0    0 48.3 45.0          
  209   -6    1 70.2 41.8    1  4.2
  209   -5    2 70.2 41.8    2  4.2
  209    3    3 56.3 41.8   12  4.2
  209   -4    4 69.4 41.8    1  3.2
  209   -3    5 69.4 41.8    2  3.2
  209   -2    6 47.9 64.1    8  3.2
  209   -1    7 48.3 41.8   10  4.2
  210    2   -3 42.9 43.2          
  210    4   -2 42.9 43.2          
  210    6   -1 42.3 43.1          
  210    0    0 42.3 43.1          
  210   -6    1 42.9 43.2    1  4.2
  210   -5    2 42.9 43.2    2  4.2
  210    3    3 42.9 43.2   12  4.2
  210   -4    4 56.4 43.2    1  3.2
  210   -3    5 56.4 43.2    2  3.2
  210   -2    6 44.7 44.9    8  3.2
  210   -1    7 41.2 43.0   10  4.2
  211    2   -3 34.8 35.0          
  211    4   -2 34.8 35.0          
  211    6   -1 35.3 35.1          
  211    0    0 35.3 35.1          
  211   -6    1 34.8 35.0    1  4.2
  211   -5    2 34.8 35.0    2  4.2
  211    3    3 34.8 35.0   12  4.2
  211   -4    4 56.4 35.0    1  3.2
  211   -3    5 56.4 35.0    2  3.2
  211   -2    6 44.7 44.9    8  3.2
  211   -1    7 34.8 35.0   10  4.2
  220    2   -3 72.6 80.2          
  220    4   -2 79.2 73.4          
  220    6   -1 76.7 67.9          
  220    0    0 76.6 67.9          
  220   -6    1 79.2 73.4    1  3.1
  220   -5    2 79.2 73.4    2  3.1
  220    3    3 71.4 81.3   12  3.1
  220   -4    4 70.9 67.5    1  2.1
  220   -3    5 70.9 67.5    2  2.1
  220   -2    6 71.0 67.5    5  3.1
  220   -1    7 76.7 67.9    6  3.1
  221    2   -3 67.3 68.7          
  221    4   -2 61.7 73.4          
  221    6   -1 61.7 61.3          
  221    0    0 61.7 61.3          
  221   -6    1 62.6 73.4    1  3.1
  221   -5    2 61.4 73.4    2  3.1
  221    3    3 71.4 65.2   12  3.1
  221   -4    4 70.9 67.5    1  2.1
  221   -3    5 70.9 67.5    2  2.1
  221   -2    6 65.3 60.7    5  3.1
  221   -1    7 61.2 61.3    6  3.1
  222    2   -3 75.5 73.1          
  222    4   -2 77.6 73.4          
  222    6   -1 77.6 74.2          
  222    0    0 77.6 74.2          
  222   -6    1 77.6 73.4    0   .0
  222   -5    2 77.6 73.4    0   .0
  222    3    3 71.4 72.5    0   .0
  222   -4    4 70.9 67.5    0   .0
  222   -3    5 70.9 67.5    0   .0
  222   -2    6 77.6 74.2    5  2.1
  222   -1    7 61.3 63.4    0   .0
  223    2   -3 65.1 70.7          
  223    4   -2 62.0 73.4          
  223    6   -1 61.2 61.3          
  223    0    0 61.2 61.3          
  223   -6    1 62.6 73.4    0   .0
  223   -5    2 61.4 73.4    0   .0
  223    3    3 71.4 65.2    0   .0
  223   -4    4 70.9 67.5    0   .0
  223   -3    5 70.9 67.5    0   .0
  223   -2    6 71.8 64.9    0   .0
  223   -1    7 61.2 61.3    6  3.1
  230    2   -3 67.2 58.2          
  230    4   -2 70.0 62.4          
  230    6   -1 67.4 59.5          
  230    0    0 67.3 58.5          
  230   -6    1 73.4 62.9    1  2.1
  230   -5    2 70.0 62.4    2  2.1
  230    3    3 64.9 56.1   12  2.1
  230   -4    4 65.6 58.1    1  2.1
  230   -3    5 68.1 59.8    2  2.1
  230   -2    6 58.4 51.9    0   .0
  230   -1    7 62.4 50.9    2  2.1
  231    2   -3 67.0 58.1          
  231    4   -2 70.0 62.4          
  231    6   -1 67.2 59.3          
  231    0    0 67.1 58.5          
  231   -6    1 73.4 62.9    1  2.1
  231   -5    2 70.0 62.4    2  2.1
  231    3    3 64.9 56.1   12  2.1
  231   -4    4 65.6 58.1    1  2.1
  231   -3    5 68.1 59.8    2  2.1
  231   -2    6 58.4 51.9    0   .0
  231   -1    7 62.4 50.9    2  2.1
  232    2   -3 70.9 61.1          
  232    4   -2 73.4 62.9          
  232    6   -1 55.0 50.6          
  232    0    0 55.0 50.6          
  232   -6    1 73.4 62.9    0   .0
  232   -5    2 73.4 62.9    0   .0
  232    3    3 65.8 57.4    0   .0
  232   -4    4 68.1 59.8    0   .0
  232   -3    5 68.1 59.8    0   .0
  232   -2    6 47.8 51.9    5  3.1
  232   -1    7 55.2 50.6    6  3.1
  233    2   -3 73.4 61.1          
  233    4   -2 73.4 62.9          
  233    6   -1 55.0 50.6          
  233    0    0 55.0 50.6          
  233   -6    1 73.4 62.9    0   .0
  233   -5    2 73.4 62.9    2  2.1
  233    3    3 65.8 57.4    0   .0
  233   -4    4 68.1 59.8    0   .0
  233   -3    5 68.1 59.8    0   .0
  233   -2    6 47.8 51.9    5  3.1
  233   -1    7 55.2 50.6    6  3.1
  234    2   -3 70.9 61.1          
  234    4   -2 73.4 62.9          
  234    6   -1 43.5 42.9          
  234    0    0 43.5 42.9          
  234   -6    1 73.4 62.9    1  4.2
  234   -5    2 73.4 62.9    2  4.2
  234    3    3 65.8 57.4   12  4.2
  234   -4    4 68.1 59.8    1  3.2
  234   -3    5 68.1 59.8    2  3.2
  234   -2    6 58.4 51.9    8  3.2
  234   -1    7 42.7 42.8   10  4.2
  235    2   -3 54.2 59.0          
  235    4   -2 73.4 62.9          
  235    6   -1 52.2 47.9          
  235    0    0 53.1 51.1          
  235   -6    1 73.4 62.9    1  4.1
  235   -5    2 73.4 62.9    2  4.1
  235    3    3 52.6 58.6   12  4.1
  235   -4    4 68.1 59.8    1  3.1
  235   -3    5 68.1 59.8    2  3.1
  235   -2    6 58.4 51.9    5  3.1
  235   -1    7 52.0 47.8    6  4.1
  236    2   -3 72.2 60.6          
  236    4   -2 75.2 62.9          
  236    6   -1 64.3 55.6          
  236    0    0 72.2 60.6          
  236   -6    1 75.2 62.9    1  2.1
  236   -5    2 75.2 62.9    2  2.1
  236    3    3 65.5 57.4   12  2.1
  236   -4    4 68.1 59.8    1  2.1
  236   -3    5 68.1 59.8    2  2.1
  236   -2    6 58.4 51.9    0   .0
  236   -1    7 62.4 50.9    0   .0
  237    2   -3 75.5 58.0          
  237    4   -2 73.4 62.9          
  237    6   -1 68.9 64.2          
  237    0    0 69.3 63.2          
  237   -6    1 73.4 62.9    1  3.1
  237   -5    2 73.4 62.9    2  3.1
  237    3    3 75.7 57.4   12  3.1
  237   -4    4 72.0 59.8    1  2.1
  237   -3    5 68.1 59.8    2  2.1
  237   -2    6 58.4 51.9    5  3.1
  237   -1    7 68.9 64.2    6  3.1
  238    2   -3 76.1 59.2          
  238    4   -2 84.0 62.9          
  238    6   -1 74.6 59.8          
  238    0    0 75.0 59.6          
  238   -6    1 84.0 62.9    1  2.1
  238   -5    2 84.0 62.9    2  2.1
  238    3    3 65.8 57.4    5  2.1
  238   -4    4 81.5 59.8    1  2.1
  238   -3    5 68.1 59.8    2  2.1
  238   -2    6 58.4 51.9    5  2.1
  238   -1    7 62.4 50.9    5  2.1
  239    2   -3 78.5 74.2          
  239    4   -2 81.1 76.2          
  239    6   -1 68.3 58.8          
  239    0    0 69.3 61.4          
  239   -6    1 81.1 76.2    1  3.1
  239   -5    2 81.1 76.2    2  3.1
  239    3    3 75.9 73.0   12  3.1
  239   -4    4 74.2 79.1    1  2.1
  239   -3    5 68.1 59.8    2  2.1
  239   -2    6 70.8 51.9    5  3.1
  239   -1    7 67.6 58.1    6  3.1
  250    2   -3 59.4 59.3          
  250    4   -2 66.2 58.8          
  250    6   -1 54.5 38.1          
  250    0    0 54.5 38.1          
  250   -6    1 66.2 58.8    0   .0
  250   -5    2 66.2 58.8    0   .0
  250    3    3 45.7 60.3    0   .0
  250   -4    4 61.0 54.3    1  2.2
  250   -3    5 61.0 54.3    2  2.2
  250   -2    6 56.5 44.2    8  3.2
  250   -1    7 53.9 37.6    9  3.2
  251    2   -3 59.4 59.3          
  251    4   -2 66.2 58.8          
  251    6   -1 66.5 38.3          
  251    0    0 66.5 38.3          
  251   -6    1 66.2 58.8    0   .0
  251   -5    2 66.2 58.8    0   .0
  251    3    3 45.7 60.3    0   .0
  251   -4    4 69.1 54.3    1  2.1
  251   -3    5 61.0 54.3    2  2.1
  251   -2    6 65.5 44.2    5  3.1
  251   -1    7 66.5 37.6    6  3.1
  252    2   -3 49.9 60.3          
  252    4   -2 66.2 58.8          
  252    6   -1 44.5 46.0          
  252    0    0 44.6 46.0          
  252   -6    1 66.2 58.8    1  4.1
  252   -5    2 66.2 58.8    2  4.1
  252    3    3 45.7 60.3   12  4.1
  252   -4    4 61.0 54.3    1  3.1
  252   -3    5 61.0 54.3    2  3.1
  252   -2    6 56.5 44.2    5  3.1
  252   -1    7 44.2 46.0    6  4.1
  253    2   -3 49.7 59.7          
  253    4   -2 55.6 58.8          
  253    6   -1 60.4 54.1          
  253    0    0 52.3 57.7          
  253   -6    1 66.2 58.8    1  2.1
  253   -5    2 55.6 58.8    2  2.1
  253    3    3 45.7 60.3   12  2.1
  253   -4    4 41.5 49.2    1  2.1
  253   -3    5 61.0 54.3    2  2.1
  253   -2    6 56.5 44.2    0   .0
  253   -1    7 47.2 37.6    2  2.1
  254    2   -3 59.4 59.3          
  254    4   -2 66.2 58.8          
  254    6   -1 36.4 40.5          
  254    0    0 36.4 40.5          
  254   -6    1 66.2 58.8    0   .0
  254   -5    2 66.2 58.8    0   .0
  254    3    3 45.7 60.3   12  4.1
  254   -4    4 61.0 54.3    0   .0
  254   -3    5 61.0 54.3    0   .0
  254   -2    6 34.2 28.8    7  3.1
  254   -1    7 37.9 42.3    7  4.1
  255    2   -3 55.7 58.4          
  255    4   -2 66.2 58.8          
  255    6   -1 60.0 48.6          
  255    0    0 57.8 50.4          
  255   -6    1 66.2 58.8    1  2.1
  255   -5    2 66.2 58.8    2  2.1
  255    3    3 45.7 58.1   12  2.1
  255   -4    4 64.2 62.0    1  2.1
  255   -3    5 61.0 54.3    2  2.1
  255   -2    6 56.5 44.2    7  2.1
  255   -1    7 47.2 46.9    7  2.1
  256    2   -3 51.8 56.0          
  256    4   -2 56.5 55.0          
  256    6   -1 45.4 44.4          
  256    0    0 47.5 45.1          
  256   -6    1 66.2 58.8    1  4.1
  256   -5    2 56.5 54.6    2  4.1
  256    3    3 45.7 57.0   12  4.1
  256   -4    4 55.7 51.1    1  3.1
  256   -3    5 61.0 54.3    2  3.1
  256   -2    6 57.1 50.0    7  3.1
  256   -1    7 38.0 43.6    7  4.1
  257    2   -3 59.0 59.3          
  257    4   -2 66.2 58.8          
  257    6   -1 41.0 40.7          
  257    0    0 41.2 40.9          
  257   -6    1 66.2 58.8    1  3.2
  257   -5    2 66.2 58.8    2  3.2
  257    3    3 45.7 60.3   12  3.2
  257   -4    4 61.0 54.3    1  2.2
  257   -3    5 61.0 54.3    2  2.2
  257   -2    6 56.5 44.0    7  3.2
  257   -1    7 39.8 40.4    7  3.2
  258    2   -3 59.4 59.3          
  258    4   -2 66.2 58.8          
  258    6   -1 20.4 39.5          
  258    0    0 20.4 39.5          
  258   -6    1 66.2 58.8    0   .0
  258   -5    2 66.2 58.8    0   .0
  258    3    3 45.7 60.3   12  5.0
  258   -4    4 61.0 54.3    0   .0
  258   -3    5 61.0 54.3    0   .0
  258   -2    6 56.5 44.2    8  3.2
  258   -1    7 20.2 39.5   11  5.0
  259    2   -3 45.7 60.3          
  259    4   -2 66.2 58.8          
  259    6   -1 43.6 35.0          
  259    0    0 43.6 35.1          
  259   -6    1 66.2 58.8    1  4.1
  259   -5    2 66.2 58.8    2  4.1
  259    3    3 45.7 60.3   12  4.1
  259   -4    4 61.0 54.3    1  3.1
  259   -3    5 61.0 54.3    2  3.1
  259   -2    6 41.9 44.2    7  3.1
  259   -1    7 43.9 35.0    7  4.1
  260    2   -3 59.4 59.3          
  260    4   -2 66.2 58.8          
  260    6   -1 37.9 38.7          
  260    0    0 37.9 38.7          
  260   -6    1 66.2 58.8    0   .0
  260   -5    2 66.2 58.8    0   .0
  260    3    3 45.7 60.3    0   .0
  260   -4    4 61.0 54.3    0   .0
  260   -3    5 61.0 54.3    0   .0
  260   -2    6 56.5 44.2    5  3.1
  260   -1    7 37.7 38.7    6  4.1
  261    2   -3 36.7 60.3          
  261    4   -2 66.2 58.8          
  261    6   -1 35.3 44.2          
  261    0    0 36.5 60.3          
  261   -6    1 66.2 58.8    1  4.2
  261   -5    2 66.2 58.8    2  4.2
  261    3    3 35.4 60.3   12  4.2
  261   -4    4 61.0 54.3    1  3.2
  261   -3    5 61.0 54.3    2  3.2
  261   -2    6 56.5 39.5    8  3.2
  261   -1    7 34.7 28.7   10  4.2
  262    2   -3 37.5 60.2          
  262    4   -2 66.2 58.8          
  262    6   -1 35.2 28.8          
  262    0    0 36.3 28.8          
  262   -6    1 66.2 58.8    1  5.0
  262   -5    2 66.2 58.8    2  5.0
  262    3    3 35.4 60.3   12  5.0
  262   -4    4 61.0 54.3    1  3.2
  262   -3    5 61.0 54.3    2  3.2
  262   -2    6 56.5 39.5    8  3.2
  262   -1    7 34.7 28.7   11  5.0
  263    2   -3 56.7 56.7          
  263    4   -2 62.4 57.8          
  263    6   -1 54.0 57.7          
  263    0    0 55.3 57.5          
  263   -6    1 66.2 58.8    1  3.2
  263   -5    2 62.4 57.8    2  3.2
  263    3    3 52.3 55.5   12  3.2
  263   -4    4 61.0 64.6    1  2.2
  263   -3    5 61.0 54.3    2  2.2
  263   -2    6 56.5 44.2    7  3.2
  263   -1    7 53.4 57.8    7  3.2
  264    2   -3 54.7 59.7          
  264    4   -2 66.2 58.8          
  264    6   -1 37.3 32.7          
  264    0    0 38.4 32.9          
  264   -6    1 66.2 58.8    1  4.2
  264   -5    2 66.2 58.8    2  4.2
  264    3    3 45.7 60.3   12  4.2
  264   -4    4 62.3 45.5    1  3.2
  264   -3    5 61.0 54.3    2  3.2
  264   -2    6 56.5 28.9    8  3.2
  264   -1    7 33.0 32.1   10  4.2
  265    2   -3 51.6 60.1          
  265    4   -2 66.2 58.8          
  265    6   -1 61.8 37.6          
  265    0    0 60.2 45.9          
  265   -6    1 66.2 58.8    1  3.2
  265   -5    2 66.2 58.8    2  3.2
  265    3    3 45.7 60.3   12  3.2
  265   -4    4 61.0 54.3    1  2.2
  265   -3    5 61.0 54.3    2  2.2
  265   -2    6 56.5 44.2    8  3.2
  265   -1    7 61.8 37.6    9  3.2
  266    2   -3 59.4 59.3          
  266    4   -2 66.2 58.8          
  266    6   -1 42.7 42.6          
  266    0    0 42.7 42.6          
  266   -6    1 66.2 58.8    0   .0
  266   -5    2 66.2 58.8    0   .0
  266    3    3 45.7 60.3    0   .0
  266   -4    4 61.0 54.3    0   .0
  266   -3    5 61.0 54.3    0   .0
  266   -2    6 50.8 44.2    8  3.2
  266   -1    7 42.2 42.6   10  4.2
  267    2   -3 64.8 67.8          
  267    4   -2 61.0 65.5          
  267    6   -1 49.3 53.9          
  267    0    0 51.9 55.0          
  267   -6    1 94.4 65.5    1  4.1
  267   -5    2 61.0 65.5    2  4.1
  267    3    3 66.7 68.9   12  4.1
  267   -4    4 62.3 65.0    1  3.1
  267   -3    5 61.0 54.3    2  3.1
  267   -2    6 55.2 51.6    5  3.1
  267   -1    7 46.8 53.8    6  4.1
  270    2   -3 79.8 81.4          
  270    4   -2 79.8 81.4          
  270    6   -1 79.8 81.4          
  270    0    0 79.8 81.4          
  270   -6    1 79.8 81.4    0   .0
  270   -5    2 79.8 81.4    0   .0
  270    3    3 79.8 81.4    0   .0
  270   -4    4 79.8 81.4    1  2.1
  270   -3    5 69.3 66.4    2  2.1
  270   -2    6 79.8 81.4    0   .0
  270   -1    7 79.8 81.4    0   .0
  271    2   -3 72.2 71.6          
  271    4   -2 72.2 71.6          
  271    6   -1 72.2 71.6          
  271    0    0 72.2 71.6          
  271   -6    1 72.2 71.6    0   .0
  271   -5    2 72.2 71.6    0   .0
  271    3    3 72.2 71.6    0   .0
  271   -4    4 72.2 71.6    1  2.1
  271   -3    5 69.3 66.4    2  2.1
  271   -2    6 72.2 71.6    0   .0
  271   -1    7 72.2 71.6    0   .0
  272    2   -3 65.8 61.7          
  272    4   -2 65.8 61.7          
  272    6   -1 66.9 64.4          
  272    0    0 66.9 64.4          
  272   -6    1 65.8 61.7    0   .0
  272   -5    2 65.8 61.7    0   .0
  272    3    3 65.8 61.7    0   .0
  272   -4    4 65.8 61.7    1  2.1
  272   -3    5 69.3 66.4    2  2.1
  272   -2    6 65.8 61.7    0   .0
  272   -1    7 65.8 61.7    2  2.1
  273    2   -3 64.7 66.4          
  273    4   -2 64.7 66.4          
  273    6   -1 66.9 66.4          
  273    0    0 66.9 66.4          
  273   -6    1 64.7 66.4    0   .0
  273   -5    2 64.7 66.4    0   .0
  273    3    3 64.7 66.4    0   .0
  273   -4    4 64.7 66.4    1  2.1
  273   -3    5 69.3 66.4    2  2.1
  273   -2    6 64.7 66.4    0   .0
  273   -1    7 64.7 66.4    2  2.1
  274    2   -3 66.4 63.2          
  274    4   -2 66.4 63.2          
  274    6   -1 67.4 64.9          
  274    0    0 67.4 64.9          
  274   -6    1 66.4 63.2    0   .0
  274   -5    2 66.4 63.2    0   .0
  274    3    3 66.4 63.2    0   .0
  274   -4    4 66.4 63.2    1  2.1
  274   -3    5 69.3 66.4    2  2.1
  274   -2    6 66.4 63.2    0   .0
  274   -1    7 66.4 63.2    2  2.1
  275    2   -3 78.7 64.5          
  275    4   -2 78.7 64.5          
  275    6   -1 78.3 64.6          
  275    0    0 78.3 64.6          
  275   -6    1 78.7 64.5    0   .0
  275   -5    2 78.7 64.5    0   .0
  275    3    3 78.7 64.5    0   .0
  275   -4    4 78.7 64.5    1  2.1
  275   -3    5 69.3 66.4    2  2.1
  275   -2    6 78.7 64.5    0   .0
  275   -1    7 78.7 64.5    2  2.1
  276    2   -3 73.2 66.6          
  276    4   -2 73.2 66.6          
  276    6   -1 71.6 66.5          
  276    0    0 71.6 66.5          
  276   -6    1 73.2 66.6    0   .0
  276   -5    2 73.2 66.6    0   .0
  276    3    3 73.2 66.6    0   .0
  276   -4    4 73.2 66.6    1  2.1
  276   -3    5 69.3 66.4    2  2.1
  276   -2    6 73.2 66.6    0   .0
  276   -1    7 73.2 66.6    2  2.1
  277    2   -3 69.4 66.1          
  277    4   -2 69.4 66.1          
  277    6   -1 69.3 66.4          
  277    0    0 69.3 66.4          
  277   -6    1 69.4 66.1    0   .0
  277   -5    2 69.4 66.1    0   .0
  277    3    3 69.4 66.1    0   .0
  277   -4    4 69.4 66.1    1  2.1
  277   -3    5 69.3 66.4    2  2.1
  277   -2    6 69.4 66.1    0   .0
  277   -1    7 69.4 66.1    0   .0
  278    2   -3 69.4 66.1          
  278    4   -2 69.4 66.1          
  278    6   -1 69.4 66.2          
  278    0    0 69.4 66.2          
  278   -6    1 69.4 66.1    0   .0
  278   -5    2 69.4 66.1    0   .0
  278    3    3 69.4 66.1    0   .0
  278   -4    4 69.4 66.1    1  2.1
  278   -3    5 69.3 66.4    2  2.1
  278   -2    6 69.4 66.1    0   .0
  278   -1    7 69.4 66.1    2  2.1
  280    2   -3 87.8 83.6          
  280    4   -2 83.3 91.0          
  280    6   -1 97.5 97.3          
  280    0    0 92.2 93.2          
  280   -6    1 88.7 91.0    3  1.0
  280   -5    2 83.3 91.0    3  1.0
  280    3    3 91.6 79.5    3  1.0
  280   -4    4 82.7 74.6    0   .0
  280   -3    5 82.7 74.6    0   .0
  280   -2    6 66.9 66.3    0   .0
  280   -1    7 97.5 97.3    4  1.0
  281    2   -3 97.3 81.8          
  281    4   -2 99.0 82.8          
  281    6   -1 75.9 70.3          
  281    0    0 92.0 74.3          
  281   -6    1 99.0 82.8    3  1.0
  281   -5    2 99.0 82.8    3  1.0
  281    3    3 91.6 79.5    3  1.0
  281   -4    4 82.7 74.6    0   .0
  281   -3    5 82.7 74.6    0   .0
  281   -2    6 66.9 66.3    0   .0
  281   -1    7 75.9 70.3    4  1.0
  282    2   -3 89.9 77.0          
  282    4   -2 88.7 82.8          
  282    6   -1 51.4 58.8          
  282    0    0 51.7 59.0          
  282   -6    1 88.7 82.8    5  2.1
  282   -5    2 88.7 82.8    5  2.1
  282    3    3 91.6 74.3    5  2.1
  282   -4    4 82.7 69.9    1  2.1
  282   -3    5 82.7 74.6    2  2.1
  282   -2    6 55.0 66.3    5  2.1
  282   -1    7 50.3 57.2    5  2.1
  283    2   -3 83.8 82.2          
  283    4   -2 82.9 82.8          
  283    6   -1 81.5 86.4          
  283    0    0 82.8 85.9          
  283   -6    1 88.7 82.8    1  2.1
  283   -5    2 82.9 82.8    2  2.1
  283    3    3 91.6 79.5   12  2.1
  283   -4    4 82.7 74.6    1  2.1
  283   -3    5 82.7 74.6    2  2.1
  283   -2    6 66.9 66.3    5  2.1
  283   -1    7 81.4 86.4    5  2.1
  284    2   -3 89.7 81.7          
  284    4   -2 88.7 82.8          
  284    6   -1 62.9 80.1          
  284    0    0 62.9 80.1          
  284   -6    1 88.7 82.8    5  2.1
  284   -5    2 88.7 82.8    5  2.1
  284    3    3 91.6 79.5    5  2.1
  284   -4    4 82.7 74.6    1  2.1
  284   -3    5 82.7 74.6    2  2.1
  284   -2    6 66.9 66.3    5  2.1
  284   -1    7 62.6 80.8    5  2.1
  285    2   -3 90.6 82.2          
  285    4   -2 88.7 82.8          
  285    6   -1 70.9 77.3          
  285    0    0 77.4 78.2          
  285   -6    1 88.7 82.8    5  2.1
  285   -5    2 88.7 82.8    5  2.1
  285    3    3 91.6 82.1    5  2.1
  285   -4    4 82.7 74.6    1  2.1
  285   -3    5 82.7 74.6    2  2.1
  285   -2    6 66.9 66.3    5  2.1
  285   -1    7 70.3 77.4    5  2.1
  286    2   -3 89.7 81.7          
  286    4   -2 88.7 82.8          
  286    6   -1 83.0 81.6          
  286    0    0 83.0 81.6          
  286   -6    1 88.7 82.8    0   .0
  286   -5    2 88.7 82.8    0   .0
  286    3    3 91.6 79.5    0   .0
  286   -4    4 80.1 76.7    0   .0
  286   -3    5 82.7 74.6    0   .0
  286   -2    6 67.0 66.3    0   .0
  286   -1    7 83.0 81.6    4  1.0
  287    2   -3 90.8 82.5          
  287    4   -2 88.7 82.8          
  287    6   -1 74.4 77.6          
  287    0    0 74.7 77.8          
  287   -6    1 88.7 82.8    5  2.1
  287   -5    2 88.7 82.8    5  2.1
  287    3    3 91.6 82.4    5  2.1
  287   -4    4 77.4 74.6    1  2.1
  287   -3    5 82.7 74.6    2  2.1
  287   -2    6 66.9 66.3    0   .0
  287   -1    7 73.9 77.8    5  2.1
  288    2   -3 89.5 81.7          
  288    4   -2 88.7 82.8          
  288    6   -1 79.8 70.3          
  288    0    0 80.2 70.3          
  288   -6    1 88.7 82.8    3  1.0
  288   -5    2 88.7 82.8    3  1.0
  288    3    3 91.6 79.5    3  1.0
  288   -4    4 82.7 74.6    0   .0
  288   -3    5 82.7 74.6    0   .0
  288   -2    6 66.9 66.3    0   .0
  288   -1    7 79.8 70.3    4  1.0
  289    2   -3 90.7 79.5          
  289    4   -2 88.7 82.8          
  289    6   -1 76.1 70.3          
  289    0    0 76.6 71.1          
  289   -6    1 88.7 82.8    3  1.0
  289   -5    2 88.7 82.8    3  1.0
  289    3    3 91.6 79.5    3  1.0
  289   -4    4 82.7 74.6    0   .0
  289   -3    5 82.7 74.6    0   .0
  289   -2    6 66.9 66.3    0   .0
  289   -1    7 76.1 70.3    4  1.0
  290    2   -3 90.4 82.8          
  290    4   -2 88.7 82.8          
  290    6   -1 76.6 70.3          
  290    0    0 76.7 71.1          
  290   -6    1 88.7 82.8    3  1.0
  290   -5    2 88.7 82.8    3  1.0
  290    3    3 91.6 79.5    3  1.0
  290   -4    4 82.7 74.6    0   .0
  290   -3    5 82.7 74.6    0   .0
  290   -2    6 66.9 66.3    0   .0
  290   -1    7 76.6 70.3    4  1.0
  291    2   -3 90.2 81.7          
  291    4   -2 87.5 82.8          
  291    6   -1 72.5 70.3          
  291    0    0 72.7 70.3          
  291   -6    1 88.7 82.8    3  1.0
  291   -5    2 87.5 82.8    3  1.0
  291    3    3 91.6 79.5    3  1.0
  291   -4    4 82.7 74.6    0   .0
  291   -3    5 82.7 74.6    0   .0
  291   -2    6 66.9 66.3    0   .0
  291   -1    7 72.5 70.3    4  1.0
  292    2   -3 90.5 79.5          
  292    4   -2 88.7 82.8          
  292    6   -1 89.6 75.6          
  292    0    0 89.6 75.6          
  292   -6    1 88.7 82.8    3  1.0
  292   -5    2 88.7 82.8    3  1.0
  292    3    3 91.6 79.5    3  1.0
  292   -4    4 82.7 74.6    0   .0
  292   -3    5 82.7 74.6    0   .0
  292   -2    6 66.9 66.3    0   .0
  292   -1    7 89.6 75.6    4  1.0
  293    2   -3 91.0 89.7          
  293    4   -2 88.7 82.8          
  293    6   -1 81.1 86.2          
  293    0    0 82.8 87.3          
  293   -6    1 88.7 82.8    1  2.1
  293   -5    2 88.7 82.8    2  2.1
  293    3    3 91.3 90.0    5  2.1
  293   -4    4 94.6 74.6    1  2.1
  293   -3    5 82.7 74.6    2  2.1
  293   -2    6 66.9 66.3    0   .0
  293   -1    7 79.1 88.6    5  2.1
  294    2   -3 70.0 54.2          
  294    4   -2 88.7 82.8          
  294    6   -1 86.0 74.3          
  294    0    0 79.6 68.6          
  294   -6    1 88.7 82.8    1  2.1
  294   -5    2 88.7 82.8    2  2.1
  294    3    3 66.9 51.3    5  2.1
  294   -4    4 82.9 74.6    1  2.1
  294   -3    5 82.7 74.6    2  2.1
  294   -2    6 66.9 66.3    0   .0
  294   -1    7 87.3 74.3    5  2.1
  295    2   -3 81.5 84.9          
  295    4   -2 88.7 82.8          
  295    6   -1 72.9 59.5          
  295    0    0 74.9 63.9          
  295   -6    1 88.7 82.8    1  2.1
  295   -5    2 88.7 82.8    2  2.1
  295    3    3 80.6 85.0    5  2.1
  295   -4    4 82.7 74.6    1  2.1
  295   -3    5 82.7 74.6    2  2.1
  295   -2    6 66.9 66.3    5  2.1
  295   -1    7 71.5 59.2    5  2.1
  296    2   -3 85.7 81.1          
  296    4   -2 84.4 82.8          
  296    6   -1 80.5 77.9          
  296    0    0 81.4 78.0          
  296   -6    1 88.7 82.8    3  1.0
  296   -5    2 84.2 82.8    3  1.0
  296    3    3 91.6 79.5    3  1.0
  296   -4    4 82.7 74.6    0   .0
  296   -3    5 82.7 74.6    0   .0
  296   -2    6 66.9 66.3    0   .0
  296   -1    7 80.5 77.9    4  1.0
  297    2   -3 91.5 80.8          
  297    4   -2 91.4 82.8          
  297    6   -1 81.8 70.3          
  297    0    0 83.2 72.9          
  297   -6    1 93.0 82.8    3  1.0
  297   -5    2 91.4 82.8    3  1.0
  297    3    3 91.6 79.5    3  1.0
  297   -4    4 82.7 74.6    0   .0
  297   -3    5 82.7 74.6    0   .0
  297   -2    6 66.9 66.3    0   .0
  297   -1    7 81.8 70.3    4  1.0
  298    2   -3 99.0 79.5          
  298    4   -2 88.7 82.8          
  298    6   -1 99.0 70.3          
  298    0    0 99.0 71.0          
  298   -6    1 88.7 82.8    3  1.0
  298   -5    2 88.7 82.8    3  1.0
  298    3    3 99.0 79.5    3  1.0
  298   -4    4 82.7 74.6    0   .0
  298   -3    5 82.7 74.6    0   .0
  298   -2    6 66.9 66.3    0   .0
  298   -1    7 99.0 70.3    4  1.0
  299    2   -3 98.0 81.9          
  299    4   -2 99.0 82.8          
  299    6   -1 99.0 95.0          
  299    0    0 98.4 90.7          
  299   -6    1 99.0 82.8    3  1.0
  299   -5    2 99.0 82.8    3  1.0
  299    3    3 91.6 79.5    3  1.0
  299   -4    4 82.7 74.6    0   .0
  299   -3    5 82.7 74.6    0   .0
  299   -2    6 66.9 66.3    0   .0
  299   -1    7 99.0 95.0    4  1.0
  310    2   -3 89.7 81.7          
  310    4   -2 88.7 82.8          
  310    6   -1 75.7 72.7          
  310    0    0 75.7 72.7          
  310   -6    1 88.7 82.8    5  2.1
  310   -5    2 88.7 82.8    5  2.1
  310    3    3 91.6 79.5    5  2.1
  310   -4    4 86.6 74.6    1  2.1
  310   -3    5 82.7 74.6    2  2.1
  310   -2    6 66.9 66.3    0   .0
  310   -1    7 72.5 72.5    5  2.1
  311    2   -3 85.6 86.4          
  311    4   -2 79.0 79.3          
  311    6   -1 88.2 81.7          
  311    0    0 87.8 81.9          
  311   -6    1 88.7 82.8    3  1.0
  311   -5    2 78.9 79.0    3  1.0
  311    3    3 92.9 87.8    3  1.0
  311   -4    4 82.7 74.6    0   .0
  311   -3    5 82.7 74.6    0   .0
  311   -2    6 66.9 66.3    0   .0
  311   -1    7 88.2 81.7    4  1.0
  312    2   -3 82.6 79.9          
  312    4   -2 88.7 82.8          
  312    6   -1 69.3 72.1          
  312    0    0 69.4 72.1          
  312   -6    1 88.7 82.8    1  3.1
  312   -5    2 88.7 82.8    2  3.1
  312    3    3 80.1 79.5   12  3.1
  312   -4    4 82.7 74.6    1  2.1
  312   -3    5 82.7 74.6    2  2.1
  312   -2    6 66.9 66.3    5  3.1
  312   -1    7 69.4 72.1    6  3.1
  313    2   -3 89.7 81.7          
  313    4   -2 88.7 82.8          
  313    6   -1 66.5 67.2          
  313    0    0 66.5 67.2          
  313   -6    1 88.7 82.8    5  2.1
  313   -5    2 88.7 82.8    5  2.1
  313    3    3 91.6 79.5    5  2.1
  313   -4    4 82.7 74.6    1  2.1
  313   -3    5 82.7 74.6    2  2.1
  313   -2    6 66.9 66.3    5  2.1
  313   -1    7 66.5 67.2    5  2.1
  314    2   -3 91.0 81.7          
  314    4   -2 88.7 82.8          
  314    6   -1 69.1 73.0          
  314    0    0 69.2 73.0          
  314   -6    1 88.7 82.8    5  2.1
  314   -5    2 88.7 82.8    5  2.1
  314    3    3 91.6 79.5    5  2.1
  314   -4    4 82.0 74.6    1  2.1
  314   -3    5 82.7 74.6    2  2.1
  314   -2    6 70.4 66.3    5  2.1
  314   -1    7 69.1 73.0    5  2.1
  320    2   -3 56.2 58.0          
  320    4   -2 56.2 58.9          
  320    6   -1 56.2 38.0          
  320    0    0 56.2 38.0          
  320   -6    1 56.2 58.9   16   .0
  320   -5    2 56.2 58.9   16   .0
  320    3    3 56.2 56.3   16   .0
  320   -4    4 56.2 54.3   16   .0
  320   -3    5 56.2 54.3   16   .0
  320   -2    6 56.2 44.1   16   .0
  320   -1    7 56.2 36.9   16   .0
  321    2   -3 56.2 58.0          
  321    4   -2 56.2 58.9          
  321    6   -1 56.2 37.8          
  321    0    0 56.2 37.8          
  321   -6    1 56.2 58.9   16   .0
  321   -5    2 56.2 58.9   16   .0
  321    3    3 56.2 56.3   16   .0
  321   -4    4 56.2 54.3   16   .0
  321   -3    5 56.2 54.3   16   .0
  321   -2    6 56.2 44.1   16   .0
  321   -1    7 56.2 36.9   16   .0
