CO1970	STDEMPST	UKEMPST	MCAMSIS	FCAMSIS	RGSC	SEG	CASMIN	HGGROUP	HOGOLSCR
1	2	-3	66.7	62.2	 	 	 	 	 
1	4	-2	69.9	77	 	 	 	 	 
1	6	-1	37.5	40.7	 	 	 	 	 
1	0	0	45.6	57.9	 	 	 	 	 
1	-6	1	69.9	77	0	.200000000000003	0	0	0
1	-5	2	69.9	77	4	2.1	4	13	52.89
1	3	3	64.5	57.3	4	12	4	19	43.98
1	-4	4	55.8	55.3	0	.5	0	0	0
1	-3	5	55.8	55.3	3.2	2.2	5	17	48.51
1	-2	6	40.4	44.4	3.2	8	5	17	48.34
1	-1	7	36.4	40.7	4	10	7	32	32.67
2	2	-3	65.1	64.5	 	 	 	 	 
2	4	-2	73	77	 	 	 	 	 
2	6	-1	55	54.5	 	 	 	 	 
2	0	0	64	63.4	 	 	 	 	 
2	-6	1	73	77	2	13	4	11	58.15
2	-5	2	73	77	2	13	4	11	58.15
2	3	3	58.8	56.4	2	14	4	24	37.18
2	-4	4	55.8	55.3	2	13	4	11	58.15
2	-3	5	55.8	55.3	2	13	4	11	58.15
2	-2	6	40.4	60.3	0	.5	0	0	0
2	-1	7	38.6	40.7	2	13	4	11	58.15
3	2	-3	44	63.3	 	 	 	 	 
3	4	-2	55.9	77	 	 	 	 	 
3	6	-1	38.5	40.1	 	 	 	 	 
3	0	0	38.7	42.7	 	 	 	 	 
3	-6	1	69.9	77	2	13	4	11	58.15
3	-5	2	55.7	77	2	13	4	11	58.15
3	3	3	41.3	58.9	2	14	4	29	30.01
3	-4	4	55.8	55.3	2	13	4	11	58.15
3	-3	5	55.8	55.3	2	13	4	11	58.15
3	-2	6	36.9	41.2	3.2	15	5	20	40.92
3	-1	7	38.6	40.1	4	15	7	31	31.49
4	2	-3	59.1	74.2	 	 	 	 	 
4	4	-2	69.9	77	 	 	 	 	 
4	6	-1	39.1	41	 	 	 	 	 
4	0	0	42.3	53.9	 	 	 	 	 
4	-6	1	69.9	77	2	13	4	11	58.15
4	-5	2	69.9	77	2	13	4	11	58.15
4	3	3	54	57.3	2	14	4	29	30.01
4	-4	4	55.8	55.3	2	13	4	11	58.15
4	-3	5	55.8	55.3	2	13	4	11	58.15
4	-2	6	40.4	44.4	3.2	15	5	20	40.92
4	-1	7	39.1	40.7	4	15	7	31	31.49
5	2	-3	51.4	60.3	 	 	 	 	 
5	4	-2	69.9	77	 	 	 	 	 
5	6	-1	39.4	51	 	 	 	 	 
5	0	0	41	52.6	 	 	 	 	 
5	-6	1	69.9	77	4	1.1	1	7	53.92
5	-5	2	69.9	77	4	2.1	4	13	57.24
5	3	3	49.1	57.3	4	12	4	36	17.52
5	-4	4	55.8	55.3	3.2	1.2	5	17	45.58
5	-3	5	55.8	55.3	3.2	2.2	5	17	48.51
5	-2	6	42.5	51	3.2	8	5	20	42.08
5	-1	7	39	51	4	10	7	33	28.35
6	2	-3	38.8	57.3	 	 	 	 	 
6	4	-2	69.9	77	 	 	 	 	 
6	6	-1	37	41.7	 	 	 	 	 
6	0	0	37.4	43.8	 	 	 	 	 
6	-6	1	69.9	77	2	13	4	11	58.15
6	-5	2	69.9	77	2	13	4	11	58.15
6	3	3	30.6	57.3	2	14	4	29	30.01
6	-4	4	55.8	55.3	2	13	4	11	58.15
6	-3	5	55.8	55.3	2	13	4	11	58.15
6	-2	6	40.4	44.4	3.2	15	5	20	40.92
6	-1	7	34.9	40.7	4	15	7	31	31.49
7	2	-3	28.3	56.3	 	 	 	 	 
7	4	-2	28.3	56.3	 	 	 	 	 
7	6	-1	28.1	56.3	 	 	 	 	 
7	0	0	28.1	56.3	 	 	 	 	 
7	-6	1	28.3	56.3	3.2	1.1	1	7	66.45
7	-5	2	28.3	56.3	3.2	2.1	4	13	53.85
7	3	3	28.3	56.3	3.2	12	4	19	43.25
7	-4	4	28.3	56.3	0	.5	0	0	0
7	-3	5	28.3	56.3	2	2.2	2	14	54.99
7	-2	6	31	56.3	3.2	8	5	17	48.34
7	-1	7	27.7	56.3	3.2	9	6	27	35.53
8	2	-3	27.2	56.3	 	 	 	 	 
8	4	-2	27.2	56.3	 	 	 	 	 
8	6	-1	27.5	56.3	 	 	 	 	 
8	0	0	27.5	56.3	 	 	 	 	 
8	-6	1	27.2	56.3	4	1.1	1	7	61.68
8	-5	2	27.2	56.3	4	2.1	4	13	52.89
8	3	3	27.2	56.3	4	12	4	19	43.98
8	-4	4	27.2	56.3	0	.5	0	0	0
8	-3	5	27.2	56.3	3.2	2.2	5	17	48.51
8	-2	6	31	56.3	3.2	8	5	17	48.34
8	-1	7	27.2	56.3	4	10	7	32	32.67
9	2	-3	28.3	56.3	 	 	 	 	 
9	4	-2	28.3	56.3	 	 	 	 	 
9	6	-1	28.6	56.3	 	 	 	 	 
9	0	0	28.6	56.3	 	 	 	 	 
9	-6	1	28.3	56.3	3.2	1.1	1	7	66.45
9	-5	2	28.3	56.3	3.2	2.1	4	13	53.85
9	3	3	28.3	56.3	3.2	12	4	19	43.25
9	-4	4	28.3	56.3	0	.5	0	0	0
9	-3	5	28.3	56.3	2	2.2	2	14	54.99
9	-2	6	31	56.3	3.2	8	5	17	48.34
9	-1	7	28.3	56.3	3.2	9	6	27	35.53
10	2	-3	33.7	56.3	 	 	 	 	 
10	4	-2	33.7	56.3	 	 	 	 	 
10	6	-1	33.3	56.3	 	 	 	 	 
10	0	0	33.3	56.3	 	 	 	 	 
10	-6	1	33.7	56.3	4	1.1	1	7	61.68
10	-5	2	33.7	56.3	4	2.1	4	13	52.89
10	3	3	33.7	56.3	4	12	4	19	43.98
10	-4	4	33.7	56.3	0	.5	0	0	0
10	-3	5	33.7	56.3	3.2	2.2	5	17	48.51
10	-2	6	31	56.3	3.2	8	5	17	48.34
10	-1	7	33.7	56.3	4	10	7	32	32.67
11	2	-3	40.2	37.5	 	 	 	 	 
11	4	-2	40.2	37.5	 	 	 	 	 
11	6	-1	40.9	37.5	 	 	 	 	 
11	0	0	40.9	37.5	 	 	 	 	 
11	-6	1	40.2	37.5	0	.599999999999994	0	0	0
11	-5	2	40.2	37.5	0	.599999999999994	0	0	0
11	3	3	40.2	37.5	0	.700000000000003	0	0	0
11	-4	4	40.2	37.5	0	.599999999999994	0	0	0
11	-3	5	40.2	37.5	0	.599999999999994	0	0	0
11	-2	6	45.7	37.5	3.2	8	5	17	46.51
11	-1	7	40.2	37.5	4	10	7	26	35.55
12	2	-3	40.4	37.5	 	 	 	 	 
12	4	-2	40.4	37.5	 	 	 	 	 
12	6	-1	40.1	37.5	 	 	 	 	 
12	0	0	40.1	37.5	 	 	 	 	 
12	-6	1	40.4	37.5	4	1.1	1	7	55.53
12	-5	2	40.4	37.5	4	2.1	4	13	52.89
12	3	3	40.4	37.5	4	12	4	19	41.43
12	-4	4	40.4	37.5	0	.5	0	0	0
12	-3	5	40.4	37.5	3.2	2.2	5	17	48.51
12	-2	6	45.7	37.5	3.2	8	5	20	43.72
12	-1	7	39.2	37.5	4	10	7	26	35.55
13	2	-3	32.1	21.9	 	 	 	 	 
13	4	-2	32.1	21.9	 	 	 	 	 
13	6	-1	32.2	21.9	 	 	 	 	 
13	0	0	32.2	21.9	 	 	 	 	 
13	-6	1	32.1	21.9	3.2	1.1	1	7	63.29
13	-5	2	32.1	21.9	3.2	2.1	4	13	54.59
13	3	3	32.1	21.9	3.2	12	4	19	41.18
13	-4	4	32.1	21.9	0	.5	0	0	0
13	-3	5	32.1	21.9	2	2.2	2	14	54.99
13	-2	6	36.8	21.9	3.2	8	5	20	43.72
13	-1	7	32.1	21.9	3.2	9	6	22	37.6
14	2	-3	43.2	34.2	 	 	 	 	 
14	4	-2	43.2	34.2	 	 	 	 	 
14	6	-1	43	34.2	 	 	 	 	 
14	0	0	43	34.2	 	 	 	 	 
14	-6	1	43.2	34.2	3.2	1.1	1	7	63.29
14	-5	2	43.2	34.2	3.2	2.1	4	13	54.59
14	3	3	43.2	34.2	3.2	12	4	19	41.18
14	-4	4	43.2	34.2	0	.5	0	0	0
14	-3	5	43.2	34.2	2	2.2	2	14	54.99
14	-2	6	36.8	34.2	3.2	8	5	17	46.51
14	-1	7	43.2	34.2	3.2	9	6	22	37.6
15	2	-3	24.4	29	 	 	 	 	 
15	4	-2	24.4	29	 	 	 	 	 
15	6	-1	24.8	29	 	 	 	 	 
15	0	0	24.8	29	 	 	 	 	 
15	-6	1	24.4	29	3.2	1.1	1	7	63.29
15	-5	2	24.4	29	3.2	2.1	4	13	54.59
15	3	3	24.4	29	3.2	12	4	19	41.18
15	-4	4	24.4	29	0	.5	0	0	0
15	-3	5	24.4	29	2	2.2	2	14	54.99
15	-2	6	36.8	29	3.2	8	5	17	46.51
15	-1	7	24.4	29	3.2	9	6	30	32.61
16	2	-3	36.1	31.5	 	 	 	 	 
16	4	-2	36.1	31.5	 	 	 	 	 
16	6	-1	36.1	31.5	 	 	 	 	 
16	0	0	36.1	31.5	 	 	 	 	 
16	-6	1	36.1	31.5	3.2	1.1	1	7	63.29
16	-5	2	36.1	31.5	3.2	2.1	4	13	54.59
16	3	3	36.1	31.5	3.2	12	4	19	41.18
16	-4	4	36.1	31.5	0	.5	0	0	0
16	-3	5	36.1	31.5	2	2.2	2	14	54.99
16	-2	6	36.8	31.5	3.2	8	5	17	46.51
16	-1	7	36.1	31.5	3.2	9	6	22	37.6
17	2	-3	36.1	27.2	 	 	 	 	 
17	4	-2	36.1	27.2	 	 	 	 	 
17	6	-1	35.8	27.2	 	 	 	 	 
17	0	0	35.8	27.2	 	 	 	 	 
17	-6	1	36.1	27.2	4	1.1	1	7	55.53
17	-5	2	36.1	27.2	4	2.1	4	13	52.89
17	3	3	36.1	27.2	4	12	4	19	41.43
17	-4	4	36.1	27.2	0	.5	0	0	0
17	-3	5	36.1	27.2	3.2	2.2	5	17	48.51
17	-2	6	36.8	27.2	3.2	8	5	17	46.51
17	-1	7	35.2	27.2	4	10	7	26	35.55
18	2	-3	30.6	32.3	 	 	 	 	 
18	4	-2	30.6	32.3	 	 	 	 	 
18	6	-1	31.1	32.3	 	 	 	 	 
18	0	0	31.1	32.3	 	 	 	 	 
18	-6	1	30.6	32.3	3.2	1.1	1	7	63.29
18	-5	2	30.6	32.3	3.2	2.1	4	13	54.59
18	3	3	30.6	32.3	3.2	12	4	19	41.18
18	-4	4	30.6	32.3	0	.5	0	0	0
18	-3	5	30.6	32.3	2	2.2	2	14	54.99
18	-2	6	41.9	32.3	3.2	8	5	17	46.51
18	-1	7	30.6	32.3	3.2	9	6	30	32.61
19	2	-3	37.4	32.3	 	 	 	 	 
19	4	-2	37.4	32.3	 	 	 	 	 
19	6	-1	36.3	32.3	 	 	 	 	 
19	0	0	36.3	32.3	 	 	 	 	 
19	-6	1	37.4	32.3	3.2	1.1	1	7	63.29
19	-5	2	37.4	32.3	3.2	2.1	4	13	54.59
19	3	3	37.4	32.3	3.2	12	4	19	41.18
19	-4	4	37.4	32.3	0	.5	0	0	0
19	-3	5	37.4	32.3	2	2.2	2	14	54.99
19	-2	6	41.7	32.3	3.2	8	5	20	43.72
19	-1	7	35.6	32.3	3.2	9	6	22	37.6
20	2	-3	33	28.2	 	 	 	 	 
20	4	-2	33	28.2	 	 	 	 	 
20	6	-1	31.7	28.2	 	 	 	 	 
20	0	0	31.7	28.2	 	 	 	 	 
20	-6	1	33	28.2	3.2	1.1	1	7	63.29
20	-5	2	33	28.2	3.2	2.1	4	13	54.59
20	3	3	33	28.2	3.2	12	4	19	41.18
20	-4	4	33	28.2	0	.5	0	0	0
20	-3	5	33	28.2	2	2.2	2	14	54.99
20	-2	6	42.1	28.2	3.2	8	5	17	46.51
20	-1	7	30.9	28.2	3.2	9	6	30	32.61
21	2	-3	36.4	32.3	 	 	 	 	 
21	4	-2	36.4	32.3	 	 	 	 	 
21	6	-1	36.6	32.3	 	 	 	 	 
21	0	0	36.6	32.3	 	 	 	 	 
21	-6	1	36.4	32.3	3.2	1.1	1	7	63.29
21	-5	2	36.4	32.3	3.2	2.1	4	13	54.59
21	3	3	36.4	32.3	3.2	12	4	19	41.18
21	-4	4	36.4	32.3	0	.5	0	0	0
21	-3	5	36.4	32.3	2	2.2	2	14	54.99
21	-2	6	41.9	32.3	3.2	8	5	17	46.51
21	-1	7	36.4	32.3	3.2	9	6	30	32.61
22	2	-3	24.1	32.3	 	 	 	 	 
22	4	-2	24.1	32.3	 	 	 	 	 
22	6	-1	25	32.3	 	 	 	 	 
22	0	0	25	32.3	 	 	 	 	 
22	-6	1	24.1	32.3	4	1.1	1	7	55.53
22	-5	2	24.1	32.3	4	2.1	4	13	52.89
22	3	3	24.1	32.3	4	12	4	19	41.43
22	-4	4	24.1	32.3	0	.5	0	0	0
22	-3	5	24.1	32.3	3.2	2.2	5	17	48.51
22	-2	6	41.9	32.3	3.2	8	5	17	46.51
22	-1	7	24.1	32.3	4	10	7	26	35.55
23	2	-3	31	35.5	 	 	 	 	 
23	4	-2	31	35.5	 	 	 	 	 
23	6	-1	31.2	35.5	 	 	 	 	 
23	0	0	31.2	35.5	 	 	 	 	 
23	-6	1	31	35.5	4	1.1	1	7	55.53
23	-5	2	31	35.5	4	2.1	4	13	52.89
23	3	3	31	35.5	4	12	4	19	41.43
23	-4	4	31	35.5	0	.599999999999994	0	0	0
23	-3	5	31	35.5	0	.599999999999994	0	0	0
23	-2	6	41.9	35.5	3.2	8	5	20	43.72
23	-1	7	31	35.5	4	10	7	26	35.55
24	2	-3	56.9	39.4	 	 	 	 	 
24	4	-2	65	39.4	 	 	 	 	 
24	6	-1	58.5	39.4	 	 	 	 	 
24	0	0	58.3	39.4	 	 	 	 	 
24	-6	1	65	39.4	3.2	1.1	1	7	64.04
24	-5	2	65	39.4	3.2	2.1	4	13	54.59
24	3	3	54.3	39.4	3.2	12	4	19	42.7
24	-4	4	58.4	39.4	0	.5	0	0	0
24	-3	5	58.4	39.4	2	2.2	2	14	54.99
24	-2	6	48.5	39.4	3.2	8	5	17	47.49
24	-1	7	58.8	39.4	3.2	9	5	15	54.12
25	2	-3	61.3	25.3	 	 	 	 	 
25	4	-2	65	25.3	 	 	 	 	 
25	6	-1	54.3	25.3	 	 	 	 	 
25	0	0	54.3	25.3	 	 	 	 	 
25	-6	1	65	25.3	3.2	1.1	1	7	64.04
25	-5	2	65	25.3	3.2	2.1	4	13	54.59
25	3	3	60.5	25.3	3.2	12	4	29	35.24
25	-4	4	53.9	25.3	0	.5	0	0	0
25	-3	5	53.9	25.3	2	2.2	2	14	54.99
25	-2	6	45.9	25.3	3.2	8	5	17	47.49
25	-1	7	54.6	25.3	3.2	9	5	15	50.9
26	2	-3	60.5	39.4	 	 	 	 	 
26	4	-2	65	39.4	 	 	 	 	 
26	6	-1	40.6	39.4	 	 	 	 	 
26	0	0	40.8	39.4	 	 	 	 	 
26	-6	1	65	39.4	0	.299999999999997	0	0	0
26	-5	2	65	39.4	0	.299999999999997	0	0	0
26	3	3	60.5	39.4	3.2	12	4	29	35.24
26	-4	4	39.8	39.4	0	.599999999999994	0	0	0
26	-3	5	39.8	39.4	0	.599999999999994	0	0	0
26	-2	6	48.5	39.4	3.2	8	5	17	47.49
26	-1	7	39.8	39.4	3.2	9	6	27	35.67
27	2	-3	63	42	 	 	 	 	 
27	4	-2	65	42	 	 	 	 	 
27	6	-1	49.9	42	 	 	 	 	 
27	0	0	50.8	42	 	 	 	 	 
27	-6	1	65	42	3.2	1.1	1	7	64.04
27	-5	2	65	42	3.2	2.1	4	13	54.59
27	3	3	62.1	42	3.2	12	4	19	42.7
27	-4	4	51	42	0	.5	0	0	0
27	-3	5	51	42	2	2.2	2	14	54.99
27	-2	6	50.5	42	3.2	8	5	17	47.49
27	-1	7	49.8	42	3.2	9	5	15	50.9
28	2	-3	62.2	39.6	 	 	 	 	 
28	4	-2	65	39.6	 	 	 	 	 
28	6	-1	52.6	39.6	 	 	 	 	 
28	0	0	52.9	39.6	 	 	 	 	 
28	-6	1	65	39.6	3.2	1.1	1	7	64.04
28	-5	2	65	39.6	3.2	2.1	4	13	54.59
28	3	3	60.5	39.6	3.2	12	4	19	42.7
28	-4	4	51.6	39.6	0	.5	0	0	0
28	-3	5	51.6	39.6	2	2.2	2	14	54.99
28	-2	6	45.9	39.6	3.2	8	5	17	47.49
28	-1	7	53.3	39.6	3.2	9	5	15	50.9
29	2	-3	62.5	39.2	 	 	 	 	 
29	4	-2	65	39.2	 	 	 	 	 
29	6	-1	36.1	39.2	 	 	 	 	 
29	0	0	36.5	39.2	 	 	 	 	 
29	-6	1	65	39.2	4	1.1	1	7	55.53
29	-5	2	65	39.2	4	2.1	4	13	52.89
29	3	3	60.5	39.2	4	12	4	19	41.43
29	-4	4	35.7	39.2	0	.599999999999994	0	0	0
29	-3	5	35.7	39.2	0	.599999999999994	0	0	0
29	-2	6	48.5	39.2	3.2	8	5	17	46.51
29	-1	7	35.7	39.2	4	10	7	26	35.55
30	2	-3	61.3	39.4	 	 	 	 	 
30	4	-2	65	39.4	 	 	 	 	 
30	6	-1	50.5	39.4	 	 	 	 	 
30	0	0	51.2	39.4	 	 	 	 	 
30	-6	1	65	39.4	3.2	1.1	1	7	64.04
30	-5	2	65	39.4	3.2	2.1	4	13	54.59
30	3	3	60.5	39.4	3.2	12	4	19	42.7
30	-4	4	50.5	39.4	0	.5	0	0	0
30	-3	5	50.5	39.4	2	2.2	2	14	54.99
30	-2	6	48.5	39.4	0	.700000000000003	0	0	0
30	-1	7	50.5	39.4	3.2	9	5	15	54.12
31	2	-3	58.6	44.2	 	 	 	 	 
31	4	-2	61.9	44.2	 	 	 	 	 
31	6	-1	46	44.2	 	 	 	 	 
31	0	0	46	44.2	 	 	 	 	 
31	-6	1	61.9	44.2	0	.599999999999994	0	0	0
31	-5	2	61.9	44.2	0	.599999999999994	0	0	0
31	3	3	51.9	44.2	0	.599999999999994	0	0	0
31	-4	4	46	44.2	0	.599999999999994	0	0	0
31	-3	5	46	44.2	0	.599999999999994	0	0	0
31	-2	6	46	44.2	3.2	8	5	17	46.51
31	-1	7	42.3	33.1	0	.599999999999994	0	0	0
32	2	-3	58.6	33.6	 	 	 	 	 
32	4	-2	61.9	33.6	 	 	 	 	 
32	6	-1	42.3	33.1	 	 	 	 	 
32	0	0	42.3	33.1	 	 	 	 	 
32	-6	1	61.9	33.6	0	.700000000000003	0	0	0
32	-5	2	61.9	33.6	0	.700000000000003	0	0	0
32	3	3	51.9	33.6	0	.700000000000003	0	0	0
32	-4	4	43.4	33.6	0	.700000000000003	0	0	0
32	-3	5	43.4	33.6	0	.700000000000003	0	0	0
32	-2	6	47.5	44.2	0	.700000000000003	0	0	0
32	-1	7	42.3	33.1	3.2	9	6	22	37.6
33	2	-3	50.7	33.6	 	 	 	 	 
33	4	-2	61.9	33.6	 	 	 	 	 
33	6	-1	46.2	33.5	 	 	 	 	 
33	0	0	46.5	33.5	 	 	 	 	 
33	-6	1	61.9	33.6	3.2	1.1	1	7	63.29
33	-5	2	61.9	33.6	3.2	2.1	4	13	54.59
33	3	3	45.8	33.6	3.2	12	4	19	41.18
33	-4	4	46.6	33.6	0	.5	0	0	0
33	-3	5	46.6	33.6	2	2.2	2	14	54.99
33	-2	6	49.9	44.2	3.2	8	5	17	46.51
33	-1	7	46	33.1	3.2	9	6	22	37.6
34	2	-3	54.2	33.6	 	 	 	 	 
34	4	-2	61.9	33.6	 	 	 	 	 
34	6	-1	38.4	33.1	 	 	 	 	 
34	0	0	39.9	33.1	 	 	 	 	 
34	-6	1	61.9	33.6	3.2	1.1	1	7	60.12
34	-5	2	61.9	33.6	3.2	2.1	4	13	53.85
34	3	3	51.9	33.6	3.2	12	4	19	43.25
34	-4	4	37.6	33.6	0	.5	0	0	0
34	-3	5	37.6	33.6	2	2.2	2	14	54.99
34	-2	6	47.5	44.2	3.2	8	5	17	46.8
34	-1	7	37.6	33.1	3.2	9	6	27	35.03
35	2	-3	55.8	30.8	 	 	 	 	 
35	4	-2	61.9	30.8	 	 	 	 	 
35	6	-1	37.5	31	 	 	 	 	 
35	0	0	37.6	31	 	 	 	 	 
35	-6	1	61.9	30.8	3.2	1.1	1	7	63.29
35	-5	2	61.9	30.8	3.2	2.1	4	13	54.59
35	3	3	51.9	30.8	3.2	12	4	19	41.18
35	-4	4	36.8	30.8	0	.5	0	0	0
35	-3	5	36.8	30.8	2	2.2	2	14	54.99
35	-2	6	47.5	44.2	3.2	8	5	17	46.51
35	-1	7	36.8	30.8	3.2	9	6	22	37.6
36	2	-3	55.3	28.6	 	 	 	 	 
36	4	-2	61.9	28.6	 	 	 	 	 
36	6	-1	39.9	28.7	 	 	 	 	 
36	0	0	40.2	28.7	 	 	 	 	 
36	-6	1	61.9	28.6	3.2	1.1	1	7	63.29
36	-5	2	61.9	28.6	3.2	2.1	4	13	54.59
36	3	3	51.9	28.6	3.2	12	4	19	41.18
36	-4	4	40	28.6	0	.5	0	0	0
36	-3	5	40	28.6	2	2.2	2	14	54.99
36	-2	6	50.5	44.2	3.2	8	5	17	46.51
36	-1	7	39.6	28.6	3.2	9	6	18	45.57
37	2	-3	55.6	33.6	 	 	 	 	 
37	4	-2	61.9	33.6	 	 	 	 	 
37	6	-1	41.7	33.2	 	 	 	 	 
37	0	0	41.8	33.3	 	 	 	 	 
37	-6	1	61.9	33.6	3.2	1.1	1	7	63.29
37	-5	2	61.9	33.6	3.2	2.1	4	13	54.59
37	3	3	51.9	33.6	3.2	12	4	19	41.18
37	-4	4	41.6	33.6	0	.5	0	0	0
37	-3	5	41.6	33.6	2	2.2	2	14	54.99
37	-2	6	47.5	44.2	3.2	8	5	17	48.91
37	-1	7	41.6	33.1	3.2	9	6	18	45.57
38	2	-3	56.4	33.1	 	 	 	 	 
38	4	-2	61.9	33.1	 	 	 	 	 
38	6	-1	38.7	33.1	 	 	 	 	 
38	0	0	38.8	33.1	 	 	 	 	 
38	-6	1	61.9	33.1	3.2	1.1	1	7	63.29
38	-5	2	61.9	33.1	3.2	2.1	4	13	54.59
38	3	3	51.9	33.1	3.2	12	4	19	41.18
38	-4	4	38.7	33.1	0	.5	0	0	0
38	-3	5	38.7	33.1	2	2.2	2	14	54.99
38	-2	6	45.5	44.2	3.2	8	5	17	48.91
38	-1	7	38.5	33.1	3.2	9	6	22	37.6
39	2	-3	57	32.9	 	 	 	 	 
39	4	-2	61.9	32.9	 	 	 	 	 
39	6	-1	38.4	32.9	 	 	 	 	 
39	0	0	38.6	32.9	 	 	 	 	 
39	-6	1	61.9	32.9	4	1.1	1	7	55.53
39	-5	2	61.9	32.9	4	2.1	4	13	52.89
39	3	3	51.9	32.9	4	12	4	19	41.43
39	-4	4	38.9	32.9	0	.599999999999994	0	0	0
39	-3	5	38.9	32.9	0	.599999999999994	0	0	0
39	-2	6	47.7	44.2	3.2	8	5	17	46.51
39	-1	7	37.8	32.9	4	10	7	26	35.55
40	2	-3	57	33.6	 	 	 	 	 
40	4	-2	61.9	33.6	 	 	 	 	 
40	6	-1	48.5	34.6	 	 	 	 	 
40	0	0	48.6	34.6	 	 	 	 	 
40	-6	1	61.9	33.6	3.2	1.1	1	7	63.29
40	-5	2	61.9	33.6	3.2	2.1	4	13	54.59
40	3	3	51.9	33.6	3.2	12	4	19	41.18
40	-4	4	48.3	33.6	0	.5	0	0	0
40	-3	5	48.3	33.6	2	2.2	2	14	54.99
40	-2	6	44.1	44.2	3.2	8	5	17	48.91
40	-1	7	48.9	33.1	3.2	9	6	18	45.57
41	2	-3	57.5	33.6	 	 	 	 	 
41	4	-2	66	33.6	 	 	 	 	 
41	6	-1	50	37.7	 	 	 	 	 
41	0	0	51	37.6	 	 	 	 	 
41	-6	1	66	33.6	3.2	1.1	1	7	64.04
41	-5	2	66	33.6	3.2	2.1	4	13	54.59
41	3	3	54.1	33.6	3.2	12	4	19	42.7
41	-4	4	51.4	33.6	0	.5	0	0	0
41	-3	5	51.4	33.6	2	2.2	2	14	54.99
41	-2	6	53.3	44.2	3.2	8	5	17	47.49
41	-1	7	49.7	33.1	3.2	9	5	15	50.9
42	2	-3	55.1	33.6	 	 	 	 	 
42	4	-2	61.9	33.6	 	 	 	 	 
42	6	-1	46.6	33.4	 	 	 	 	 
42	0	0	46.8	33.4	 	 	 	 	 
42	-6	1	61.9	33.6	3.2	1.1	1	7	63.29
42	-5	2	61.9	33.6	3.2	2.1	4	13	54.59
42	3	3	51.9	33.6	3.2	12	4	19	41.18
42	-4	4	46.6	33.6	0	.5	0	0	0
42	-3	5	46.6	33.6	2	2.2	2	14	54.99
42	-2	6	49.1	44.2	3.2	8	5	17	48.91
42	-1	7	46.4	33.1	3.2	9	6	18	45.57
43	2	-3	53.5	43.7	 	 	 	 	 
43	4	-2	61.9	43.7	 	 	 	 	 
43	6	-1	44.3	43.7	 	 	 	 	 
43	0	0	44.4	43.7	 	 	 	 	 
43	-6	1	61.9	43.7	3.2	1.1	1	7	63.29
43	-5	2	61.9	43.7	3.2	2.1	4	13	54.59
43	3	3	48.2	43.7	3.2	12	4	19	41.18
43	-4	4	44.3	43.7	0	.5	0	0	0
43	-3	5	44.3	43.7	2	2.2	2	14	54.99
43	-2	6	46.1	44.2	3.2	8	5	17	48.91
43	-1	7	44.2	43.7	3.2	9	6	18	45.57
44	2	-3	58.4	16.4	 	 	 	 	 
44	4	-2	61.9	16.4	 	 	 	 	 
44	6	-1	32.3	16.8	 	 	 	 	 
44	0	0	32.8	16.8	 	 	 	 	 
44	-6	1	61.9	16.4	3.2	1.1	1	7	63.29
44	-5	2	61.9	16.4	3.2	2.1	4	13	54.59
44	3	3	51.9	16.4	3.2	12	4	19	41.18
44	-4	4	31.4	16.4	0	.5	0	0	0
44	-3	5	31.4	16.4	2	2.2	2	14	54.99
44	-2	6	47.5	44.2	3.2	8	5	17	46.51
44	-1	7	31.4	16.4	3.2	9	6	30	32.61
45	2	-3	56.6	33.6	 	 	 	 	 
45	4	-2	63.7	33.6	 	 	 	 	 
45	6	-1	46.1	35.5	 	 	 	 	 
45	0	0	48.1	35.2	 	 	 	 	 
45	-6	1	63.7	33.6	3.2	1.1	1	7	60.12
45	-5	2	63.7	33.6	3.2	2.1	4	13	53.85
45	3	3	54.1	33.6	3.2	12	4	19	43.25
45	-4	4	48.7	33.6	0	.5	0	0	0
45	-3	5	48.7	33.6	2	2.2	2	14	54.99
45	-2	6	51.3	44.2	3.2	8	5	17	47.49
45	-1	7	45.6	33.1	3.2	9	6	23	37.62
46	2	-3	53.6	33.6	 	 	 	 	 
46	4	-2	61.9	33.6	 	 	 	 	 
46	6	-1	48	33.7	 	 	 	 	 
46	0	0	48.6	33.7	 	 	 	 	 
46	-6	1	61.9	33.6	3.2	1.1	1	7	60.12
46	-5	2	61.9	33.6	3.2	2.1	4	13	53.85
46	3	3	50.1	33.6	3.2	12	4	19	43.25
46	-4	4	48.1	33.6	0	.5	0	0	0
46	-3	5	48.1	33.6	2	2.2	2	14	54.99
46	-2	6	47.5	44.2	3.2	8	5	17	47.49
46	-1	7	48	33.1	3.2	9	6	23	37.62
47	2	-3	54.8	28.6	 	 	 	 	 
47	4	-2	61.9	28.6	 	 	 	 	 
47	6	-1	32.8	28.6	 	 	 	 	 
47	0	0	32.8	28.6	 	 	 	 	 
47	-6	1	61.9	28.6	4	1.1	1	7	55.53
47	-5	2	61.9	28.6	4	2.1	4	13	52.89
47	3	3	51.9	28.6	4	12	4	19	41.43
47	-4	4	32.1	28.6	0	.5	0	0	0
47	-3	5	32.1	28.6	3.2	2.2	5	17	48.51
47	-2	6	47.5	44.2	3.2	8	5	17	46.51
47	-1	7	32.1	28.6	4	10	7	26	35.55
48	2	-3	57.4	31.8	 	 	 	 	 
48	4	-2	61.9	31.8	 	 	 	 	 
48	6	-1	35.6	31.8	 	 	 	 	 
48	0	0	36.9	31.8	 	 	 	 	 
48	-6	1	61.9	31.8	3.2	1.1	1	7	63.29
48	-5	2	61.9	31.8	3.2	2.1	4	13	54.59
48	3	3	51.9	31.8	3.2	12	4	29	33.89
48	-4	4	35.4	31.8	0	.5	0	0	0
48	-3	5	35.4	31.8	2	2.2	2	14	54.99
48	-2	6	47.5	44.2	3.2	8	5	20	43.72
48	-1	7	35.4	31.8	3.2	9	6	30	32.61
49	2	-3	55.8	33.6	 	 	 	 	 
49	4	-2	61.9	33.6	 	 	 	 	 
49	6	-1	42.7	33.1	 	 	 	 	 
49	0	0	49.7	33.2	 	 	 	 	 
49	-6	1	61.9	33.6	3.2	1.1	1	7	63.29
49	-5	2	61.9	33.6	3.2	2.1	4	13	54.59
49	3	3	54.3	33.6	3.2	12	4	19	42.7
49	-4	4	54.3	33.6	0	.5	0	0	0
49	-3	5	54.3	33.6	2	2.2	2	14	54.99
49	-2	6	47.5	44.2	3.2	8	5	17	48.55
49	-1	7	42.3	33.1	3.2	9	6	22	39.87
50	2	-3	55.3	41.2	 	 	 	 	 
50	4	-2	61.9	41.2	 	 	 	 	 
50	6	-1	52.2	41.2	 	 	 	 	 
50	0	0	52.3	41.2	 	 	 	 	 
50	-6	1	61.9	41.2	3.2	1.1	1	7	63.29
50	-5	2	61.9	41.2	3.2	2.1	4	13	54.59
50	3	3	51.9	41.2	3.2	12	4	19	42.7
50	-4	4	52.5	41.2	0	.5	0	0	0
50	-3	5	52.5	41.2	2	2.2	2	14	54.99
50	-2	6	47.5	44.2	3.2	8	5	17	48.55
50	-1	7	52.5	41.2	3.2	9	6	22	39.87
51	2	-3	54.7	51.4	 	 	 	 	 
51	4	-2	61.9	51.4	 	 	 	 	 
51	6	-1	58.9	51.1	 	 	 	 	 
51	0	0	58	51.2	 	 	 	 	 
51	-6	1	61.9	51.4	3.2	1.1	1	7	63.29
51	-5	2	61.9	51.4	3.2	2.1	4	13	54.59
51	3	3	51.9	51.4	3.2	12	4	19	42.7
51	-4	4	59.6	51.4	0	.5	0	0	0
51	-3	5	59.6	51.4	2	2.2	2	14	54.99
51	-2	6	47.5	44.2	3.2	8	5	17	48.55
51	-1	7	59.6	51.4	3.2	9	6	22	39.87
52	2	-3	55.1	33.6	 	 	 	 	 
52	4	-2	61.9	33.6	 	 	 	 	 
52	6	-1	45.4	33.1	 	 	 	 	 
52	0	0	46.2	33.4	 	 	 	 	 
52	-6	1	61.9	33.6	3.2	1.1	1	7	63.29
52	-5	2	61.9	33.6	3.2	2.1	4	13	54.59
52	3	3	51.9	33.6	3.2	12	4	19	41.18
52	-4	4	45.3	33.6	0	.5	0	0	0
52	-3	5	45.3	33.6	2	2.2	2	14	54.99
52	-2	6	47.5	44.2	3.2	8	5	17	46.51
52	-1	7	45.3	33.1	3.2	9	6	18	45.57
53	2	-3	51.9	35.4	 	 	 	 	 
53	4	-2	61.9	35.4	 	 	 	 	 
53	6	-1	44.6	35.5	 	 	 	 	 
53	0	0	44.6	35.5	 	 	 	 	 
53	-6	1	61.9	35.4	0	.299999999999997	0	0	0
53	-5	2	61.9	35.4	0	.299999999999997	0	0	0
53	3	3	51.9	35.4	4	12	4	19	41.43
53	-4	4	44.6	35.4	0	.599999999999994	0	0	0
53	-3	5	44.6	35.4	0	.599999999999994	0	0	0
53	-2	6	47.3	44.2	3.2	8	5	17	48.91
53	-1	7	44.5	35.4	4	10	7	26	35.55
54	2	-3	56.3	32.9	 	 	 	 	 
54	4	-2	60.2	32.9	 	 	 	 	 
54	6	-1	36	32.9	 	 	 	 	 
54	0	0	36.2	32.9	 	 	 	 	 
54	-6	1	61.9	32.9	4	1.1	1	7	55.53
54	-5	2	60.2	32.9	4	2.1	4	13	52.89
54	3	3	48	32.9	4	12	4	19	41.43
54	-4	4	39.2	32.9	0	.5	0	0	0
54	-3	5	39.2	32.9	3.2	2.2	5	17	48.51
54	-2	6	46.9	44.2	3.2	8	5	17	46.51
54	-1	7	35.9	32.9	4	10	7	26	35.55
55	2	-3	50	24.7	 	 	 	 	 
55	4	-2	45.5	24.7	 	 	 	 	 
55	6	-1	44.4	24.7	 	 	 	 	 
55	0	0	45.5	24.7	 	 	 	 	 
55	-6	1	45.5	24.7	3.2	1.1	1	7	60.12
55	-5	2	45.5	24.7	3.2	2.1	4	13	53.85
55	3	3	51.1	24.7	3.2	12	4	19	43.25
55	-4	4	45.5	24.7	0	.5	0	0	0
55	-3	5	45.5	24.7	2	2.2	2	14	54.99
55	-2	6	45.4	24.7	3.2	8	5	17	48.91
55	-1	7	44.3	24.7	3.2	9	6	23	37.62
56	2	-3	49.7	34.7	 	 	 	 	 
56	4	-2	46	34.7	 	 	 	 	 
56	6	-1	45.9	34.7	 	 	 	 	 
56	0	0	46.4	34.7	 	 	 	 	 
56	-6	1	46	34.7	3.2	1.1	1	7	63.29
56	-5	2	46	34.7	3.2	2.1	4	13	54.59
56	3	3	51.5	34.7	3.2	12	4	19	42.7
56	-4	4	46	34.7	0	.5	0	0	0
56	-3	5	46	34.7	2	2.2	2	14	54.99
56	-2	6	45.4	34.7	3.2	8	5	17	48.55
56	-1	7	46	34.7	3.2	9	6	22	39.87
57	2	-3	47.1	34.2	 	 	 	 	 
57	4	-2	39.9	34.2	 	 	 	 	 
57	6	-1	40.2	34.2	 	 	 	 	 
57	0	0	40.4	34.2	 	 	 	 	 
57	-6	1	39.9	34.2	3.2	1.1	1	7	63.29
57	-5	2	39.9	34.2	3.2	2.1	4	13	54.59
57	3	3	51.5	34.2	3.2	12	4	29	33.89
57	-4	4	39.9	34.2	0	.5	0	0	0
57	-3	5	39.9	34.2	2	2.2	2	14	54.99
57	-2	6	45.4	34.2	3.2	8	5	17	46.51
57	-1	7	39.9	34.2	3.2	9	6	30	32.61
58	2	-3	54.7	34.7	 	 	 	 	 
58	4	-2	56.2	34.7	 	 	 	 	 
58	6	-1	55.5	34.7	 	 	 	 	 
58	0	0	55.5	34.7	 	 	 	 	 
58	-6	1	56.2	34.7	3.2	1.1	1	7	63.29
58	-5	2	56.2	34.7	3.2	2.1	4	13	54.59
58	3	3	51.5	34.7	3.2	12	4	19	41.18
58	-4	4	56.2	34.7	0	.5	0	0	0
58	-3	5	56.2	34.7	2	2.2	2	14	54.99
58	-2	6	45.4	34.7	3.2	8	5	17	48.91
58	-1	7	56.2	34.7	3.2	9	6	18	45.57
59	2	-3	50.1	38.4	 	 	 	 	 
59	4	-2	40.2	38.4	 	 	 	 	 
59	6	-1	37.8	38.4	 	 	 	 	 
59	0	0	39.1	38.4	 	 	 	 	 
59	-6	1	40.2	38.4	3.2	1.1	1	7	63.29
59	-5	2	40.2	38.4	3.2	2.1	4	13	54.59
59	3	3	55.9	38.4	3.2	12	4	19	41.18
59	-4	4	40.2	38.4	0	.5	0	0	0
59	-3	5	40.2	38.4	2	2.2	2	14	54.99
59	-2	6	45.4	38.4	3.2	8	5	17	46.51
59	-1	7	36.9	38.4	3.2	9	6	30	32.61
60	2	-3	37.4	27.5	 	 	 	 	 
60	4	-2	26.7	27.5	 	 	 	 	 
60	6	-1	26.7	27.7	 	 	 	 	 
60	0	0	26.8	27.7	 	 	 	 	 
60	-6	1	26.7	27.5	3.2	1.1	1	7	63.29
60	-5	2	26.7	27.5	3.2	2.1	4	13	54.59
60	3	3	48.1	27.5	3.2	12	4	29	33.89
60	-4	4	26.7	27.5	0	.5	0	0	0
60	-3	5	26.7	27.5	2	2.2	2	14	54.99
60	-2	6	26.7	34.7	3.2	8	5	20	43.72
60	-1	7	26.7	27.5	3.2	9	6	30	32.61
61	2	-3	47	32.9	 	 	 	 	 
61	4	-2	43.1	32.9	 	 	 	 	 
61	6	-1	35.1	32.9	 	 	 	 	 
61	0	0	41.7	32.9	 	 	 	 	 
61	-6	1	43.1	32.9	3.2	1.1	1	7	63.29
61	-5	2	43.1	32.9	3.2	2.1	4	13	54.59
61	3	3	48.1	32.9	3.2	12	4	19	41.18
61	-4	4	43.1	32.9	0	.5	0	0	0
61	-3	5	43.1	32.9	2	2.2	2	14	54.99
61	-2	6	43.1	34.7	3.2	8	5	17	46.51
61	-1	7	34.6	32.9	3.2	9	6	18	45.57
62	2	-3	42.7	32.6	 	 	 	 	 
62	4	-2	35.3	32.6	 	 	 	 	 
62	6	-1	35.3	32.6	 	 	 	 	 
62	0	0	35.5	32.6	 	 	 	 	 
62	-6	1	35.3	32.6	3.2	1.1	1	7	63.29
62	-5	2	35.3	32.6	3.2	2.1	4	13	54.59
62	3	3	48.1	32.6	3.2	12	4	19	41.18
62	-4	4	35.3	32.6	0	.5	0	0	0
62	-3	5	35.3	32.6	2	2.2	2	14	54.99
62	-2	6	35.3	34.7	3.2	8	5	20	43.72
62	-1	7	35.3	32.6	3.2	9	6	30	32.61
63	2	-3	40.8	35.4	 	 	 	 	 
63	4	-2	33.4	35.4	 	 	 	 	 
63	6	-1	33.4	35.6	 	 	 	 	 
63	0	0	34.6	35.6	 	 	 	 	 
63	-6	1	33.4	35.4	3.2	1.1	1	7	63.29
63	-5	2	33.4	35.4	3.2	2.1	4	13	54.59
63	3	3	48.1	35.4	3.2	12	4	19	41.18
63	-4	4	33.4	35.4	0	.5	0	0	0
63	-3	5	33.4	35.4	2	2.2	2	14	54.99
63	-2	6	33.4	34.7	3.2	8	5	20	43.72
63	-1	7	33.4	35.6	3.2	9	6	30	32.61
64	2	-3	16.2	17.1	 	 	 	 	 
64	4	-2	16.2	17.1	 	 	 	 	 
64	6	-1	18.5	17.2	 	 	 	 	 
64	0	0	18.5	17.2	 	 	 	 	 
64	-6	1	16.2	17.1	4	1.1	1	7	55.53
64	-5	2	16.2	17.1	4	2.1	4	13	52.89
64	3	3	16.2	17.1	4	12	4	19	41.43
64	-4	4	16.2	17.1	0	.5	0	0	0
64	-3	5	16.2	17.1	3.2	2.2	5	17	48.51
64	-2	6	40.3	42.2	3.2	8	5	20	43.72
64	-1	7	16.2	17.1	4	10	7	26	35.55
65	2	-3	20.7	10.9	 	 	 	 	 
65	4	-2	20.7	10.9	 	 	 	 	 
65	6	-1	22.6	11.1	 	 	 	 	 
65	0	0	22.6	11.1	 	 	 	 	 
65	-6	1	20.7	10.9	4	1.1	1	7	55.53
65	-5	2	20.7	10.9	4	2.1	4	13	52.89
65	3	3	20.7	10.9	4	12	4	19	41.43
65	-4	4	20.7	10.9	0	.5	0	0	0
65	-3	5	20.7	10.9	3.2	2.2	5	17	48.51
65	-2	6	40.3	42.2	3.2	8	5	20	43.72
65	-1	7	20.7	10.9	4	10	7	26	35.55
66	2	-3	32.6	21.5	 	 	 	 	 
66	4	-2	32.6	21.5	 	 	 	 	 
66	6	-1	33.3	21.6	 	 	 	 	 
66	0	0	33.3	21.6	 	 	 	 	 
66	-6	1	32.6	21.5	4	1.1	1	7	55.53
66	-5	2	32.6	21.5	4	2.1	4	13	52.89
66	3	3	32.6	21.5	4	12	4	19	41.43
66	-4	4	32.6	21.5	0	.5	0	0	0
66	-3	5	32.6	21.5	3.2	2.2	5	17	48.51
66	-2	6	40.3	42.2	3.2	8	5	20	43.72
66	-1	7	32.6	21.5	4	10	7	26	35.55
67	2	-3	19	32.8	 	 	 	 	 
67	4	-2	19	32.8	 	 	 	 	 
67	6	-1	19.8	32.8	 	 	 	 	 
67	0	0	19.8	32.8	 	 	 	 	 
67	-6	1	19	32.8	3.2	1.1	1	7	63.29
67	-5	2	19	32.8	3.2	2.1	4	13	54.59
67	3	3	19	32.8	3.2	12	4	29	33.89
67	-4	4	19	32.8	0	.5	0	0	0
67	-3	5	19	32.8	2	2.2	2	14	54.99
67	-2	6	40.3	42.2	3.2	8	5	20	43.72
67	-1	7	19	32.8	3.2	9	6	30	32.61
68	2	-3	34.5	28.9	 	 	 	 	 
68	4	-2	34.5	28.9	 	 	 	 	 
68	6	-1	35.2	29	 	 	 	 	 
68	0	0	35.2	29	 	 	 	 	 
68	-6	1	34.5	28.9	3.2	1.1	1	7	63.29
68	-5	2	34.5	28.9	3.2	2.1	4	13	54.59
68	3	3	34.5	28.9	3.2	12	4	29	33.89
68	-4	4	34.5	28.9	0	.5	0	0	0
68	-3	5	34.5	28.9	2	2.2	2	14	54.99
68	-2	6	40.3	42.2	3.2	8	5	20	43.72
68	-1	7	34.5	28.9	3.2	9	6	30	32.61
69	2	-3	43.9	34.1	 	 	 	 	 
69	4	-2	43.9	34.1	 	 	 	 	 
69	6	-1	43.8	34.4	 	 	 	 	 
69	0	0	43.8	34.4	 	 	 	 	 
69	-6	1	43.9	34.1	3.2	1.1	1	7	63.29
69	-5	2	43.9	34.1	3.2	2.1	4	13	54.59
69	3	3	43.9	34.1	3.2	12	4	19	41.18
69	-4	4	43.9	34.1	0	.5	0	0	0
69	-3	5	43.9	34.1	2	2.2	2	14	54.99
69	-2	6	40.3	42.2	3.2	8	5	20	43.72
69	-1	7	43.9	34.1	3.2	9	6	30	32.61
70	2	-3	27.4	34	 	 	 	 	 
70	4	-2	27.4	34	 	 	 	 	 
70	6	-1	28.1	34	 	 	 	 	 
70	0	0	28.1	34	 	 	 	 	 
70	-6	1	27.4	34	3.2	1.1	1	7	63.29
70	-5	2	27.4	34	3.2	2.1	4	13	54.59
70	3	3	27.4	34	3.2	12	4	29	33.89
70	-4	4	27.4	34	0	.5	0	0	0
70	-3	5	27.4	34	2	2.2	2	14	54.99
70	-2	6	40.3	42.2	3.2	8	5	20	43.72
70	-1	7	27.4	34	3.2	9	6	30	32.61
71	2	-3	25.4	27.6	 	 	 	 	 
71	4	-2	25.4	27.6	 	 	 	 	 
71	6	-1	27	28.1	 	 	 	 	 
71	0	0	27	28.1	 	 	 	 	 
71	-6	1	25.4	27.6	3.2	1.1	1	7	63.29
71	-5	2	25.4	27.6	3.2	2.1	4	13	54.59
71	3	3	25.4	27.6	3.2	12	4	29	33.89
71	-4	4	25.4	27.6	0	.5	0	0	0
71	-3	5	25.4	27.6	2	2.2	2	14	54.99
71	-2	6	40.3	42.2	3.2	8	5	20	43.72
71	-1	7	25.4	27.2	3.2	9	6	30	32.61
72	2	-3	39	34.3	 	 	 	 	 
72	4	-2	39	34.3	 	 	 	 	 
72	6	-1	38.1	33.9	 	 	 	 	 
72	0	0	38.1	33.9	 	 	 	 	 
72	-6	1	39	34.3	3.2	1.1	1	7	63.29
72	-5	2	39	34.3	3.2	2.1	4	13	54.59
72	3	3	39	34.3	3.2	12	4	19	41.18
72	-4	4	39	34.3	0	.5	0	0	0
72	-3	5	39	34.3	2	2.2	2	14	54.99
72	-2	6	40.3	42.2	3.2	8	5	20	43.72
72	-1	7	36.2	33.2	3.2	9	6	30	32.61
73	2	-3	20.5	27.3	 	 	 	 	 
73	4	-2	20.5	27.3	 	 	 	 	 
73	6	-1	20.7	27.3	 	 	 	 	 
73	0	0	20.7	27.3	 	 	 	 	 
73	-6	1	20.5	27.3	4	1.1	1	7	55.53
73	-5	2	20.5	27.3	4	2.1	4	13	52.89
73	3	3	20.5	27.3	4	12	4	19	41.43
73	-4	4	20.5	27.3	0	.599999999999994	0	0	0
73	-3	5	20.5	27.3	0	.599999999999994	0	0	0
73	-2	6	40.3	42.2	3.2	8	5	20	43.72
73	-1	7	20.5	27.3	4	10	7	26	35.55
74	2	-3	48.6	53.3	 	 	 	 	 
74	4	-2	46.3	45	 	 	 	 	 
74	6	-1	46.3	44	 	 	 	 	 
74	0	0	47.1	45.3	 	 	 	 	 
74	-6	1	46.3	45	3.2	1.1	1	7	63.29
74	-5	2	46.3	45	3.2	2.1	4	13	54.59
74	3	3	50.5	54.5	3.2	12	4	19	41.18
74	-4	4	46.3	45	0	.5	0	0	0
74	-3	5	46.3	45	2	2.2	2	14	54.99
74	-2	6	47.1	42.1	3.2	8	5	20	43.72
74	-1	7	46.3	44	3.2	9	6	30	32.61
75	2	-3	46.2	48.3	 	 	 	 	 
75	4	-2	39.2	41.9	 	 	 	 	 
75	6	-1	39.6	41.9	 	 	 	 	 
75	0	0	40.7	42.3	 	 	 	 	 
75	-6	1	39.2	41.9	3.2	1.1	1	7	63.29
75	-5	2	39.2	41.9	3.2	2.1	4	13	54.59
75	3	3	50.5	50.3	3.2	12	4	19	41.18
75	-4	4	39.2	41.9	0	.5	0	0	0
75	-3	5	39.2	41.9	2	2.2	2	14	54.99
75	-2	6	47.1	42.1	3.2	8	5	17	46.51
75	-1	7	39.2	41.9	3.2	9	6	18	45.57
76	2	-3	47.5	47.2	 	 	 	 	 
76	4	-2	43.1	36.5	 	 	 	 	 
76	6	-1	43.2	36	 	 	 	 	 
76	0	0	43.5	36.3	 	 	 	 	 
76	-6	1	43.1	36.5	4	1.1	1	7	55.53
76	-5	2	43.1	36.5	4	2.1	4	13	52.89
76	3	3	50.5	48.4	4	12	4	19	41.43
76	-4	4	43.1	36.5	0	.599999999999994	0	0	0
76	-3	5	43.1	36.5	0	.599999999999994	0	0	0
76	-2	6	47.1	42.1	3.2	8	5	20	43.72
76	-1	7	43.1	36	4	10	7	26	35.55
77	2	-3	47.8	47.2	 	 	 	 	 
77	4	-2	46.9	39.8	 	 	 	 	 
77	6	-1	46.1	39.7	 	 	 	 	 
77	0	0	46.3	40	 	 	 	 	 
77	-6	1	46.9	39.8	3.2	1.1	1	7	63.29
77	-5	2	46.9	39.8	3.2	2.1	4	13	54.59
77	3	3	50.5	50.3	3.2	12	4	19	41.18
77	-4	4	46.9	39.8	0	.5	0	0	0
77	-3	5	46.9	39.8	2	2.2	2	14	54.99
77	-2	6	47.1	42.1	3.2	8	5	20	43.72
77	-1	7	46	39.4	3.2	9	6	30	32.61
78	2	-3	62.4	33.3	 	 	 	 	 
78	4	-2	64.6	33.3	 	 	 	 	 
78	6	-1	38.3	33.2	 	 	 	 	 
78	0	0	40	33.2	 	 	 	 	 
78	-6	1	64.6	33.3	3.2	1.1	1	7	63.29
78	-5	2	64.6	33.3	3.2	2.1	4	13	54.59
78	3	3	51.1	33.3	3.2	12	4	19	41.18
78	-4	4	51.1	33.3	0	.5	0	0	0
78	-3	5	51.1	33.3	2	2.2	2	14	54.99
78	-2	6	42.6	31.3	3.2	8	5	20	43.72
78	-1	7	37.6	33.3	3.2	9	6	30	32.61
79	2	-3	60	22.8	 	 	 	 	 
79	4	-2	66.3	22.8	 	 	 	 	 
79	6	-1	44.9	22.8	 	 	 	 	 
79	0	0	48.3	22.8	 	 	 	 	 
79	-6	1	66.3	22.8	3.2	1.1	1	7	63.29
79	-5	2	66.3	22.8	3.2	2.1	4	13	54.59
79	3	3	49.3	22.8	3.2	12	4	19	41.18
79	-4	4	51.1	22.8	0	.5	0	0	0
79	-3	5	51.1	22.8	2	2.2	2	14	54.99
79	-2	6	42.2	31.3	3.2	8	5	20	43.72
79	-1	7	44	22.8	3.2	9	6	30	32.61
80	2	-3	60.1	32.2	 	 	 	 	 
80	4	-2	64.6	32.2	 	 	 	 	 
80	6	-1	36.6	32.2	 	 	 	 	 
80	0	0	36.6	32.2	 	 	 	 	 
80	-6	1	64.6	32.2	3.2	1.1	1	7	63.29
80	-5	2	64.6	32.2	3.2	2.1	4	13	54.59
80	3	3	51.1	32.2	3.2	12	4	19	41.18
80	-4	4	51.1	32.2	0	.5	0	0	0
80	-3	5	51.1	32.2	2	2.2	2	14	54.99
80	-2	6	42.2	31.3	3.2	8	5	20	43.72
80	-1	7	35.1	32.3	3.2	9	6	30	32.61
81	2	-3	57.3	31.5	 	 	 	 	 
81	4	-2	60.3	31.5	 	 	 	 	 
81	6	-1	37	31.5	 	 	 	 	 
81	0	0	38.5	31.5	 	 	 	 	 
81	-6	1	64.6	31.5	4	1.1	1	7	55.53
81	-5	2	60.3	31.5	4	2.1	4	13	52.89
81	3	3	53.6	31.5	4	12	4	19	41.43
81	-4	4	51.1	31.5	0	.5	0	0	0
81	-3	5	51.1	31.5	3.2	2.2	5	17	48.51
81	-2	6	42.1	31.3	3.2	8	5	20	43.72
81	-1	7	35.8	31.5	4	10	7	26	35.55
82	2	-3	60.1	39.9	 	 	 	 	 
82	4	-2	64.6	39.9	 	 	 	 	 
82	6	-1	39.7	39.4	 	 	 	 	 
82	0	0	39.7	39.4	 	 	 	 	 
82	-6	1	64.6	39.9	4	1.1	1	7	55.53
82	-5	2	64.6	39.9	4	2.1	4	13	52.89
82	3	3	51.1	39.9	4	12	4	19	41.43
82	-4	4	51.1	39.9	0	.5	0	0	0
82	-3	5	51.1	39.9	3.2	2.2	5	17	48.51
82	-2	6	42.2	31.3	3.2	8	5	20	43.72
82	-1	7	39	39.9	4	10	7	26	35.55
83	2	-3	52.1	28.6	 	 	 	 	 
83	4	-2	35.5	28.6	 	 	 	 	 
83	6	-1	37	29	 	 	 	 	 
83	0	0	37	29	 	 	 	 	 
83	-6	1	35.5	28.6	3.2	1.1	1	7	63.29
83	-5	2	35.5	28.6	3.2	2.1	4	13	54.59
83	3	3	68.6	28.6	3.2	12	4	29	33.89
83	-4	4	35.5	28.6	0	.5	0	0	0
83	-3	5	35.5	28.6	2	2.2	2	14	54.99
83	-2	6	48.1	34.4	3.2	8	5	20	43.72
83	-1	7	35.5	28.6	3.2	9	6	30	32.61
84	2	-3	42.1	36.4	 	 	 	 	 
84	4	-2	35.5	36.4	 	 	 	 	 
84	6	-1	37.1	36.3	 	 	 	 	 
84	0	0	37.2	36.3	 	 	 	 	 
84	-6	1	35.5	36.4	3.2	1.1	1	7	63.29
84	-5	2	35.5	36.4	3.2	2.1	4	13	54.59
84	3	3	68.6	36.4	3.2	12	4	29	33.89
84	-4	4	35.5	36.4	0	.5	0	0	0
84	-3	5	35.5	36.4	2	2.2	2	14	54.99
84	-2	6	48.1	34.4	3.2	8	5	20	43.72
84	-1	7	35.5	36.4	3.2	9	6	30	32.61
85	2	-3	61.8	38.3	 	 	 	 	 
85	4	-2	53.8	38.3	 	 	 	 	 
85	6	-1	53.7	38.5	 	 	 	 	 
85	0	0	53.8	38.5	 	 	 	 	 
85	-6	1	53.8	38.3	3.2	1.1	1	7	63.29
85	-5	2	53.8	38.3	3.2	2.1	4	13	54.59
85	3	3	68.6	38.3	3.2	12	4	19	41.18
85	-4	4	53.8	38.3	0	.5	0	0	0
85	-3	5	53.8	38.3	2	2.2	2	14	54.99
85	-2	6	48.1	34.4	3.2	8	5	17	48.55
85	-1	7	53.8	38.5	3.2	9	6	22	39.87
86	2	-3	57.1	44.8	 	 	 	 	 
86	4	-2	48.5	44.8	 	 	 	 	 
86	6	-1	48.5	44.7	 	 	 	 	 
86	0	0	48.6	44.7	 	 	 	 	 
86	-6	1	48.5	44.8	3.2	1.1	1	7	63.29
86	-5	2	48.5	44.8	3.2	2.1	4	13	54.59
86	3	3	68.6	44.8	3.2	12	4	19	41.18
86	-4	4	48.5	44.8	0	.599999999999994	0	0	0
86	-3	5	48.5	44.8	0	.599999999999994	0	0	0
86	-2	6	48.1	34.4	3.2	8	5	17	48.55
86	-1	7	48.5	44.8	3.2	9	6	22	37.6
87	2	-3	57.7	37.8	 	 	 	 	 
87	4	-2	51	37.8	 	 	 	 	 
87	6	-1	50.9	37.8	 	 	 	 	 
87	0	0	51.5	37.8	 	 	 	 	 
87	-6	1	51	37.8	3.2	1.1	1	7	63.29
87	-5	2	51	37.8	3.2	2.1	4	13	54.59
87	3	3	68.6	37.8	3.2	12	4	19	41.18
87	-4	4	51	37.8	0	.5	0	0	0
87	-3	5	51	37.8	2	2.2	2	14	54.99
87	-2	6	48.1	34.4	3.2	8	5	17	48.55
87	-1	7	51	37.8	3.2	9	6	22	39.87
88	2	-3	60.4	39.8	 	 	 	 	 
88	4	-2	51.7	39.8	 	 	 	 	 
88	6	-1	51.6	40	 	 	 	 	 
88	0	0	52	40	 	 	 	 	 
88	-6	1	51.7	39.8	3.2	1.1	1	7	63.29
88	-5	2	51.7	39.8	3.2	2.1	4	13	54.59
88	3	3	68.6	39.8	3.2	12	4	19	41.18
88	-4	4	51.7	39.8	0	.5	0	0	0
88	-3	5	51.7	39.8	2	2.2	2	14	54.99
88	-2	6	48.1	34.4	3.2	8	5	17	48.55
88	-1	7	52.1	40.2	3.2	9	6	30	32.61
89	2	-3	56.5	45.3	 	 	 	 	 
89	4	-2	56.7	51.8	 	 	 	 	 
89	6	-1	34.3	27.5	 	 	 	 	 
89	0	0	34.4	27.6	 	 	 	 	 
89	-6	1	56.7	51.8	3.2	1.1	1	7	63.29
89	-5	2	56.7	51.8	3.2	2.1	4	13	54.59
89	3	3	56.3	45.3	3.2	12	4	29	33.89
89	-4	4	33.2	26.9	0	.5	0	0	0
89	-3	5	33.2	26.9	2	2.2	2	14	54.99
89	-2	6	45.1	47.1	3.2	8	5	20	43.72
89	-1	7	33.2	26.9	3.2	9	6	30	32.61
90	2	-3	56.5	45.7	 	 	 	 	 
90	4	-2	56.7	51.8	 	 	 	 	 
90	6	-1	36.2	35.3	 	 	 	 	 
90	0	0	36.7	35.4	 	 	 	 	 
90	-6	1	56.7	51.8	4	1.1	1	7	55.53
90	-5	2	56.7	51.8	4	2.1	4	13	52.89
90	3	3	56.3	45.3	4	12	4	19	41.43
90	-4	4	37.6	34.7	0	.5	0	0	0
90	-3	5	37.6	34.7	3.2	2.2	5	17	48.51
90	-2	6	45.1	47.1	3.2	8	5	20	43.72
90	-1	7	34.9	34.7	4	10	7	26	35.55
91	2	-3	56.4	46.6	 	 	 	 	 
91	4	-2	56.7	51.8	 	 	 	 	 
91	6	-1	51.1	45.4	 	 	 	 	 
91	0	0	51.9	45.4	 	 	 	 	 
91	-6	1	56.7	51.8	3.2	1.1	1	7	63.29
91	-5	2	56.7	51.8	3.2	2.1	4	13	54.59
91	3	3	56.3	45.3	3.2	12	4	19	41.18
91	-4	4	51.2	45.4	0	.5	0	0	0
91	-3	5	51.2	45.4	2	2.2	2	14	54.99
91	-2	6	45.1	47.1	3.2	8	5	17	48.91
91	-1	7	51.2	45.4	3.2	9	6	18	45.57
92	2	-3	56.3	46.8	 	 	 	 	 
92	4	-2	56.3	51.8	 	 	 	 	 
92	6	-1	38.7	35.8	 	 	 	 	 
92	0	0	39	36	 	 	 	 	 
92	-6	1	62.5	51.8	4	1.1	1	7	55.53
92	-5	2	56.3	51.8	4	2.1	4	13	52.89
92	3	3	56.3	45.3	4	12	4	19	41.43
92	-4	4	44.6	38.2	0	.5	0	0	0
92	-3	5	44.6	38.2	3.2	2.2	5	17	48.51
92	-2	6	45.2	47.1	3.2	8	5	20	43.72
92	-1	7	37.4	35.4	4	10	7	26	35.55
93	2	-3	40.9	57.7	 	 	 	 	 
93	4	-2	42	58.3	 	 	 	 	 
93	6	-1	38	36.5	 	 	 	 	 
93	0	0	38.8	42.1	 	 	 	 	 
93	-6	1	54.3	58.3	3.2	1.1	1	7	60.12
93	-5	2	41.7	58.3	3.2	2.1	4	13	53.85
93	3	3	40.7	55.7	3.2	12	4	19	43.25
93	-4	4	38.7	53.8	0	.5	0	0	0
93	-3	5	38.7	53.8	2	2.2	2	14	54.99
93	-2	6	42.8	43.6	3.2	8	5	17	46.8
93	-1	7	37.7	36.5	3.2	9	6	23	37.62
94	2	-3	39.5	58.3	 	 	 	 	 
94	4	-2	49.8	58.3	 	 	 	 	 
94	6	-1	39.7	46.9	 	 	 	 	 
94	0	0	39.6	58.3	 	 	 	 	 
94	-6	1	54.3	58.3	3.2	1.1	1	7	60.12
94	-5	2	49.7	58.3	3.2	2.1	4	13	53.85
94	3	3	35.2	55.7	3.2	12	4	19	43.25
94	-4	4	41	53.8	0	.5	0	0	0
94	-3	5	41	53.8	2	2.2	2	14	54.99
94	-2	6	42.8	43.6	3.2	8	5	17	46.8
94	-1	7	39.6	36.5	3.2	9	6	23	37.62
95	2	-3	45.1	57.4	 	 	 	 	 
95	4	-2	54.3	58.3	 	 	 	 	 
95	6	-1	41.7	45.2	 	 	 	 	 
95	0	0	43.1	45.2	 	 	 	 	 
95	-6	1	54.3	58.3	3.2	1.1	1	7	60.12
95	-5	2	54.3	58.3	3.2	2.1	4	13	53.85
95	3	3	42.5	55.7	3.2	12	4	19	43.25
95	-4	4	42	53.8	0	.5	0	0	0
95	-3	5	42	53.8	2	2.2	2	14	54.99
95	-2	6	42.8	43.6	3.2	8	5	17	46.8
95	-1	7	41.7	36.5	3.2	9	6	23	37.62
96	2	-3	53.8	57.5	 	 	 	 	 
96	4	-2	60.9	58.3	 	 	 	 	 
96	6	-1	46.6	38.3	 	 	 	 	 
96	0	0	51.5	48.2	 	 	 	 	 
96	-6	1	60.9	58.3	3.2	1.1	1	7	60.12
96	-5	2	60.9	58.3	3.2	2.1	4	13	53.85
96	3	3	49.4	55.7	3.2	12	4	19	43.25
96	-4	4	51.2	53.8	0	.5	0	0	0
96	-3	5	51.2	53.8	2	2.2	2	14	54.99
96	-2	6	42.8	43.6	0	.700000000000003	0	0	0
96	-1	7	46.1	36.5	3.2	9	6	23	37.62
97	2	-3	44	57.4	 	 	 	 	 
97	4	-2	54.3	58.3	 	 	 	 	 
97	6	-1	28.4	36.5	 	 	 	 	 
97	0	0	30.4	36.5	 	 	 	 	 
97	-6	1	54.3	58.3	0	.200000000000003	0	0	0
97	-5	2	54.3	58.3	4	2.1	4	13	52.89
97	3	3	43.5	55.7	4	12	4	19	43.98
97	-4	4	28.3	53.8	0	.5	0	0	0
97	-3	5	28.3	53.8	3.2	2.2	5	17	48.51
97	-2	6	42.8	43.6	3.2	8	5	17	46.8
97	-1	7	28.3	36.5	4	10	7	32	30
98	2	-3	45.9	57.7	 	 	 	 	 
98	4	-2	55	58.3	 	 	 	 	 
98	6	-1	38.7	30.3	 	 	 	 	 
98	0	0	39.9	34.1	 	 	 	 	 
98	-6	1	55	58.3	4	1.1	1	7	62.83
98	-5	2	55	58.3	4	2.1	4	13	52.89
98	3	3	43.2	55.7	4	12	4	19	43.98
98	-4	4	40	53.8	0	.5	0	0	0
98	-3	5	40	53.8	3.2	2.2	5	17	48.51
98	-2	6	42.8	43.6	3.2	8	5	17	46.8
98	-1	7	36.9	26.1	4	10	7	32	30
99	2	-3	48	28.8	 	 	 	 	 
99	4	-2	57.4	28.8	 	 	 	 	 
99	6	-1	36.5	28.8	 	 	 	 	 
99	0	0	37.2	28.8	 	 	 	 	 
99	-6	1	57.4	28.8	4	1.1	1	7	55.53
99	-5	2	57.4	28.8	4	2.1	4	13	52.89
99	3	3	46	28.8	4	12	4	19	41.43
99	-4	4	36.4	28.8	0	.5	0	0	0
99	-3	5	36.4	28.8	3.2	2.2	5	17	48.51
99	-2	6	40.9	28.8	3.2	8	5	20	43.72
99	-1	7	36.4	28.8	4	10	7	26	35.55
100	2	-3	48.1	31.8	 	 	 	 	 
100	4	-2	57.4	31.8	 	 	 	 	 
100	6	-1	39.8	31.8	 	 	 	 	 
100	0	0	42	31.8	 	 	 	 	 
100	-6	1	57.4	31.8	3.2	1.1	1	7	60.12
100	-5	2	57.4	31.8	3.2	2.1	4	13	53.85
100	3	3	46	31.8	3.2	12	4	19	43.25
100	-4	4	42	31.8	0	.5	0	0	0
100	-3	5	42	31.8	2	2.2	2	14	54.99
100	-2	6	40.9	31.8	3.2	8	5	17	46.8
100	-1	7	39.7	31.8	3.2	9	6	23	37.62
101	2	-3	51.5	30.5	 	 	 	 	 
101	4	-2	57.4	30.5	 	 	 	 	 
101	6	-1	39.9	30.5	 	 	 	 	 
101	0	0	40.7	30.5	 	 	 	 	 
101	-6	1	57.4	30.5	3.2	1.1	1	7	63.29
101	-5	2	57.4	30.5	3.2	2.1	4	13	54.59
101	3	3	46	30.5	3.2	12	4	29	33.89
101	-4	4	39.9	30.5	0	.5	0	0	0
101	-3	5	39.9	30.5	2	2.2	2	14	54.99
101	-2	6	40.9	30.5	3.2	8	5	17	46.51
101	-1	7	39.9	30.5	3.2	9	6	30	32.61
102	2	-3	32.7	31.8	 	 	 	 	 
102	4	-2	32.7	31.8	 	 	 	 	 
102	6	-1	33	31.8	 	 	 	 	 
102	0	0	33	31.8	 	 	 	 	 
102	-6	1	32.7	31.8	0	.599999999999994	0	0	0
102	-5	2	32.7	31.8	0	.599999999999994	0	0	0
102	3	3	32.7	31.8	0	.700000000000003	0	0	0
102	-4	4	32.7	31.8	0	.599999999999994	0	0	0
102	-3	5	32.7	31.8	0	.599999999999994	0	0	0
102	-2	6	44.4	31.8	3.2	8	5	20	43.72
102	-1	7	32.7	31.8	4	10	7	26	35.55
103	2	-3	31.9	31.8	 	 	 	 	 
103	4	-2	31.9	31.8	 	 	 	 	 
103	6	-1	32	31.8	 	 	 	 	 
103	0	0	32	31.8	 	 	 	 	 
103	-6	1	31.9	31.8	0	.599999999999994	0	0	0
103	-5	2	31.9	31.8	0	.599999999999994	0	0	0
103	3	3	31.9	31.8	0	.700000000000003	0	0	0
103	-4	4	31.9	31.8	0	.599999999999994	0	0	0
103	-3	5	31.9	31.8	0	.599999999999994	0	0	0
103	-2	6	44.4	31.8	3.2	8	5	17	46.51
103	-1	7	31.9	31.8	3.2	9	6	27	35.03
104	2	-3	35.9	31.8	 	 	 	 	 
104	4	-2	35.9	31.8	 	 	 	 	 
104	6	-1	36	31.8	 	 	 	 	 
104	0	0	36	31.8	 	 	 	 	 
104	-6	1	35.9	31.8	3.2	1.1	1	7	60.12
104	-5	2	35.9	31.8	3.2	2.1	4	13	53.85
104	3	3	35.9	31.8	3.2	12	4	19	43.25
104	-4	4	35.9	31.8	0	.5	0	0	0
104	-3	5	35.9	31.8	2	2.2	2	14	54.99
104	-2	6	44.4	31.8	3.2	8	5	17	46.8
104	-1	7	35.9	31.8	3.2	9	6	27	35.03
105	2	-3	33.2	31.8	 	 	 	 	 
105	4	-2	33.2	31.8	 	 	 	 	 
105	6	-1	32.8	31.8	 	 	 	 	 
105	0	0	32.8	31.8	 	 	 	 	 
105	-6	1	33.2	31.8	0	.599999999999994	0	0	0
105	-5	2	33.2	31.8	0	.599999999999994	0	0	0
105	3	3	33.2	31.8	0	.700000000000003	0	0	0
105	-4	4	33.2	31.8	0	.599999999999994	0	0	0
105	-3	5	33.2	31.8	0	.599999999999994	0	0	0
105	-2	6	44.4	31.8	3.2	8	5	17	46.51
105	-1	7	32.7	31.8	3.2	9	6	30	32.61
106	2	-3	31.1	28.2	 	 	 	 	 
106	4	-2	26.9	28.2	 	 	 	 	 
106	6	-1	28.1	28.2	 	 	 	 	 
106	0	0	28.1	28.2	 	 	 	 	 
106	-6	1	26.9	28.2	0	.599999999999994	0	0	0
106	-5	2	26.9	28.2	0	.599999999999994	0	0	0
106	3	3	39.5	28.2	0	.700000000000003	0	0	0
106	-4	4	26.9	28.2	0	.599999999999994	0	0	0
106	-3	5	26.9	28.2	0	.599999999999994	0	0	0
106	-2	6	37.7	28.2	3.2	8	5	20	42.08
106	-1	7	26.9	28.2	4	10	7	33	28.35
107	2	-3	34.4	27.1	 	 	 	 	 
107	4	-2	31.9	27.1	 	 	 	 	 
107	6	-1	32	27.1	 	 	 	 	 
107	0	0	32	27.1	 	 	 	 	 
107	-6	1	31.9	27.1	0	.599999999999994	0	0	0
107	-5	2	31.9	27.1	0	.599999999999994	0	0	0
107	3	3	39.5	27.1	0	.700000000000003	0	0	0
107	-4	4	31.9	27.1	0	.599999999999994	0	0	0
107	-3	5	31.9	27.1	0	.599999999999994	0	0	0
107	-2	6	37.7	27.1	3.2	8	5	20	43.72
107	-1	7	31.9	27.1	5	11	7	35	18.36
108	2	-3	30.9	28.9	 	 	 	 	 
108	4	-2	26.6	28.9	 	 	 	 	 
108	6	-1	26.7	28.9	 	 	 	 	 
108	0	0	26.7	28.9	 	 	 	 	 
108	-6	1	26.6	28.9	0	.599999999999994	0	0	0
108	-5	2	26.6	28.9	0	.599999999999994	0	0	0
108	3	3	39.5	28.9	0	.700000000000003	0	0	0
108	-4	4	26.6	28.9	0	.599999999999994	0	0	0
108	-3	5	26.6	28.9	0	.599999999999994	0	0	0
108	-2	6	37.7	28.9	3.2	8	5	20	43.72
108	-1	7	26.6	28.9	5	11	7	35	18.36
109	2	-3	28.5	28.2	 	 	 	 	 
109	4	-2	23	28.2	 	 	 	 	 
109	6	-1	23.1	28.2	 	 	 	 	 
109	0	0	23.1	28.2	 	 	 	 	 
109	-6	1	23	28.2	0	.599999999999994	0	0	0
109	-5	2	23	28.2	0	.599999999999994	0	0	0
109	3	3	39.5	28.2	0	.700000000000003	0	0	0
109	-4	4	23	28.2	0	.599999999999994	0	0	0
109	-3	5	23	28.2	0	.599999999999994	0	0	0
109	-2	6	37.7	28.2	3.2	8	5	20	43.72
109	-1	7	23	28.2	5	11	7	35	18.36
110	2	-3	25.3	21.1	 	 	 	 	 
110	4	-2	18.2	21.1	 	 	 	 	 
110	6	-1	18.3	21.1	 	 	 	 	 
110	0	0	18.3	21.1	 	 	 	 	 
110	-6	1	18.2	21.1	0	.599999999999994	0	0	0
110	-5	2	18.2	21.1	0	.599999999999994	0	0	0
110	3	3	39.5	21.1	0	.700000000000003	0	0	0
110	-4	4	18.2	21.1	0	.599999999999994	0	0	0
110	-3	5	18.2	21.1	0	.599999999999994	0	0	0
110	-2	6	37.7	21.1	3.2	8	5	20	43.72
110	-1	7	18.2	21.1	5	11	7	35	18.36
111	2	-3	33.6	28.2	 	 	 	 	 
111	4	-2	30.6	28.2	 	 	 	 	 
111	6	-1	30.6	28.2	 	 	 	 	 
111	0	0	30.6	28.2	 	 	 	 	 
111	-6	1	30.6	28.2	0	.599999999999994	0	0	0
111	-5	2	30.6	28.2	0	.599999999999994	0	0	0
111	3	3	39.5	28.2	0	.700000000000003	0	0	0
111	-4	4	30.6	28.2	0	.599999999999994	0	0	0
111	-3	5	30.6	28.2	0	.599999999999994	0	0	0
111	-2	6	37.7	28.2	3.2	8	5	20	43.72
111	-1	7	30.6	28.2	5	11	7	35	18.36
112	2	-3	26	19	 	 	 	 	 
112	4	-2	19.3	19	 	 	 	 	 
112	6	-1	19.4	19	 	 	 	 	 
112	0	0	19.4	19	 	 	 	 	 
112	-6	1	19.3	19	0	.599999999999994	0	0	0
112	-5	2	19.3	19	0	.599999999999994	0	0	0
112	3	3	39.5	19	0	.700000000000003	0	0	0
112	-4	4	19.3	19	0	.599999999999994	0	0	0
112	-3	5	19.3	19	0	.599999999999994	0	0	0
112	-2	6	37.7	19	3.2	8	5	20	43.72
112	-1	7	19.3	19	5	11	7	35	18.36
113	2	-3	38.1	26.1	 	 	 	 	 
113	4	-2	29.2	26.1	 	 	 	 	 
113	6	-1	28.6	26.1	 	 	 	 	 
113	0	0	29.3	26.1	 	 	 	 	 
113	-6	1	29.2	26.1	0	.200000000000003	0	0	0
113	-5	2	29.2	26.1	5	2.1	4	19	40.93
113	3	3	38.9	26.1	5	12	4	29	30.05
113	-4	4	29.2	26.1	0	.599999999999994	0	0	0
113	-3	5	29.2	26.1	0	.599999999999994	0	0	0
113	-2	6	37.7	26.1	3.2	8	5	17	46.8
113	-1	7	28.5	26.1	5	11	7	35	18.36
114	2	-3	39	29.7	 	 	 	 	 
114	4	-2	30.5	29.7	 	 	 	 	 
114	6	-1	30.1	29.7	 	 	 	 	 
114	0	0	30.2	29.7	 	 	 	 	 
114	-6	1	30.5	29.7	0	.200000000000003	0	0	0
114	-5	2	30.5	29.7	5	2.1	4	19	40.93
114	3	3	40.6	29.7	5	12	4	29	30.05
114	-4	4	30.5	29.7	0	.599999999999994	0	0	0
114	-3	5	30.5	29.7	0	.599999999999994	0	0	0
114	-2	6	37.7	29.7	3.2	8	5	20	43.72
114	-1	7	29.9	29.7	5	11	7	35	18.36
115	2	-3	55.6	52.4	 	 	 	 	 
115	4	-2	67.6	52.4	 	 	 	 	 
115	6	-1	72	52.2	 	 	 	 	 
115	0	0	70.5	52.2	 	 	 	 	 
115	-6	1	67.6	52.4	2	1.1	1	7	66.24
115	-5	2	67.6	52.4	0	.0999999999999943	0	0	0
115	3	3	54	52.4	2	12	4	13	54.28
115	-4	4	74.9	52.4	2	1.2	1	4	65.85
115	-3	5	66.8	52.4	0	.400000000000006	0	0	0
115	-2	6	45.7	63.5	0	.400000000000006	0	0	0
115	-1	7	39.9	51.9	2	1.2	4	13	65.85
116	2	-3	58	52.4	 	 	 	 	 
116	4	-2	67.6	52.4	 	 	 	 	 
116	6	-1	45	52.9	 	 	 	 	 
116	0	0	45.4	52.8	 	 	 	 	 
116	-6	1	67.6	52.4	4	1.1	1	7	55.53
116	-5	2	67.6	52.4	4	2.1	4	13	52.89
116	3	3	54	52.4	4	12	4	36	17.52
116	-4	4	66.8	52.4	0	.599999999999994	0	0	0
116	-3	5	66.8	52.4	0	.599999999999994	0	0	0
116	-2	6	45.7	63.5	3.2	8	5	20	42.08
116	-1	7	44.9	51.9	4	10	7	33	28.35
117	2	-3	57.4	52.4	 	 	 	 	 
117	4	-2	67.6	52.4	 	 	 	 	 
117	6	-1	64.6	51.9	 	 	 	 	 
117	0	0	64.5	51.9	 	 	 	 	 
117	-6	1	67.6	52.4	2	1.1	1	7	66.24
117	-5	2	67.6	52.4	0	.0999999999999943	0	0	0
117	3	3	54	52.4	2	12	4	13	54.28
117	-4	4	66.8	52.4	2	1.2	1	3	69.14
117	-3	5	66.8	52.4	0	.400000000000006	0	0	0
117	-2	6	45.7	63.5	0	.700000000000003	0	0	0
117	-1	7	64.4	51.9	2	5.1	1	2	76.71
118	2	-3	63.1	52.4	 	 	 	 	 
118	4	-2	67.6	52.4	 	 	 	 	 
118	6	-1	39.5	55.1	 	 	 	 	 
118	0	0	39.5	53.9	 	 	 	 	 
118	-6	1	67.6	52.4	0	.700000000000003	0	0	0
118	-5	2	67.6	52.4	0	.700000000000003	0	0	0
118	3	3	54	52.4	0	.700000000000003	0	0	0
118	-4	4	66.8	52.4	0	.700000000000003	0	0	0
118	-3	5	66.8	52.4	0	.700000000000003	0	0	0
118	-2	6	45.7	63.5	0	.700000000000003	0	0	0
118	-1	7	39.5	51.9	3.2	9	6	27	35.67
119	2	-3	63.1	52.4	 	 	 	 	 
119	4	-2	67.6	52.4	 	 	 	 	 
119	6	-1	43	51.9	 	 	 	 	 
119	0	0	43	51.9	 	 	 	 	 
119	-6	1	67.6	52.4	0	.599999999999994	0	0	0
119	-5	2	67.6	52.4	0	.599999999999994	0	0	0
119	3	3	54	52.4	0	.700000000000003	0	0	0
119	-4	4	66.8	52.4	0	.599999999999994	0	0	0
119	-3	5	66.8	52.4	0	.599999999999994	0	0	0
119	-2	6	45.7	63.5	3.2	8	5	20	42.08
119	-1	7	43	51.9	3.2	9	7	33	27.23
120	2	-3	58.5	52.4	 	 	 	 	 
120	4	-2	67.6	52.4	 	 	 	 	 
120	6	-1	40.1	51.9	 	 	 	 	 
120	0	0	40.4	52	 	 	 	 	 
120	-6	1	67.6	52.4	3.2	1.1	1	7	64.04
120	-5	2	67.6	52.4	3.2	2.1	4	13	54.59
120	3	3	54	52.4	3.2	12	4	29	35.24
120	-4	4	66.8	52.4	0	.5	0	0	0
120	-3	5	66.8	52.4	2	2.2	2	14	54.99
120	-2	6	45.7	63.5	0	.700000000000003	0	0	0
120	-1	7	40.1	51.9	3.2	9	7	33	27.23
121	2	-3	57	53.4	 	 	 	 	 
121	4	-2	63.5	53.4	 	 	 	 	 
121	6	-1	48.9	53.4	 	 	 	 	 
121	0	0	52.2	53.4	 	 	 	 	 
121	-6	1	67.6	53.4	3.2	1.1	1	7	64.04
121	-5	2	63.4	53.4	3.2	2.1	4	13	54.59
121	3	3	55.7	53.4	3.2	12	4	29	35.24
121	-4	4	66.8	53.4	0	.5	0	0	0
121	-3	5	66.8	53.4	2	2.2	2	14	54.99
121	-2	6	45.7	63.5	0	.700000000000003	0	0	0
121	-1	7	48.8	53.4	3.2	9	7	33	27.23
122	2	-3	57.2	52.1	 	 	 	 	 
122	4	-2	70.3	52.1	 	 	 	 	 
122	6	-1	38	52.1	 	 	 	 	 
122	0	0	39.1	52.1	 	 	 	 	 
122	-6	1	70.3	52.1	3.2	1.1	1	7	64.04
122	-5	2	70.3	52.1	3.2	2.1	4	13	54.59
122	3	3	50.3	52.1	3.2	12	4	29	35.24
122	-4	4	50.2	52.1	0	.5	0	0	0
122	-3	5	66.8	52.1	2	2.2	2	14	54.99
122	-2	6	45.7	63.5	3.2	8	5	20	42.08
122	-1	7	37.9	52.1	3.2	9	7	33	27.23
123	2	-3	67.6	52.4	 	 	 	 	 
123	4	-2	67.6	52.4	 	 	 	 	 
123	6	-1	45.5	61.1	 	 	 	 	 
123	0	0	46.1	60.5	 	 	 	 	 
123	-6	1	67.6	52.4	2	1.1	1	7	63.75
123	-5	2	67.6	52.4	2	2.1	4	13	56.5
123	3	3	54	52.4	0	.200000000000003	0	0	0
123	-4	4	66.8	52.4	2	1.2	1	4	65.85
123	-3	5	66.8	52.4	2	2.2	2	14	54.99
123	-2	6	44.7	63.5	2	5.1	5	20	37.14
123	-1	7	39.9	51.9	0	.599999999999994	0	0	0
124	2	-3	63.1	52.4	 	 	 	 	 
124	4	-2	67.6	52.4	 	 	 	 	 
124	6	-1	32	55.1	 	 	 	 	 
124	0	0	32	53.9	 	 	 	 	 
124	-6	1	67.6	52.4	0	.599999999999994	0	0	0
124	-5	2	67.6	52.4	0	.599999999999994	0	0	0
124	3	3	54	52.4	0	.700000000000003	0	0	0
124	-4	4	66.8	52.4	0	.599999999999994	0	0	0
124	-3	5	66.8	52.4	0	.599999999999994	0	0	0
124	-2	6	45.7	63.5	3.2	8	5	20	42.08
124	-1	7	31.5	51.9	3.2	9	6	27	35.67
125	2	-3	63.1	52.4	 	 	 	 	 
125	4	-2	67.6	52.4	 	 	 	 	 
125	6	-1	40	51.9	 	 	 	 	 
125	0	0	40	51.9	 	 	 	 	 
125	-6	1	67.6	52.4	0	.5	0	0	0
125	-5	2	67.6	52.4	0	.5	0	0	0
125	3	3	54	52.4	0	.700000000000003	0	0	0
125	-4	4	66.8	52.4	0	.5	0	0	0
125	-3	5	66.8	52.4	2	2.2	2	14	54.99
125	-2	6	45.7	63.5	3.2	8	5	20	42.08
125	-1	7	40	51.9	3.2	9	6	27	35.67
126	2	-3	63.1	52.4	 	 	 	 	 
126	4	-2	67.6	52.4	 	 	 	 	 
126	6	-1	55.4	52.4	 	 	 	 	 
126	0	0	55.4	52.4	 	 	 	 	 
126	-6	1	67.6	52.4	0	.400000000000006	0	0	0
126	-5	2	67.6	52.4	0	.5	0	0	0
126	3	3	54	52.4	0	.700000000000003	0	0	0
126	-4	4	66.8	52.4	2	1.2	1	4	65.85
126	-3	5	66.8	52.4	2	2.2	2	14	54.99
126	-2	6	45.7	63.5	3.1	5.2	2	5	64.3
126	-1	7	56.2	51.9	3.1	6	2	5	64.84
127	2	-3	63.1	57.4	 	 	 	 	 
127	4	-2	67.6	57.4	 	 	 	 	 
127	6	-1	47.3	57.3	 	 	 	 	 
127	0	0	47.3	57.3	 	 	 	 	 
127	-6	1	67.6	57.4	0	.599999999999994	0	0	0
127	-5	2	67.6	57.4	0	.599999999999994	0	0	0
127	3	3	54	57.4	0	.700000000000003	0	0	0
127	-4	4	66.8	57.4	0	.599999999999994	0	0	0
127	-3	5	66.8	57.4	0	.599999999999994	0	0	0
127	-2	6	45.7	63.5	3.1	5.2	2	5	64.3
127	-1	7	47.5	57	4	6	3	34	27.1
128	2	-3	63.1	54.1	 	 	 	 	 
128	4	-2	67.6	54.1	 	 	 	 	 
128	6	-1	62.9	54.5	 	 	 	 	 
128	0	0	62.9	54.5	 	 	 	 	 
128	-6	1	67.6	54.1	0	.400000000000006	0	0	0
128	-5	2	67.6	54.1	0	.400000000000006	0	0	0
128	3	3	54	54.1	0	.700000000000003	0	0	0
128	-4	4	66.8	54.1	2	1.2	1	4	65.85
128	-3	5	66.8	54.1	0	.400000000000006	0	0	0
128	-2	6	45.7	63.5	3.1	5.2	2	5	64.3
128	-1	7	64.1	54.1	3.1	6	2	5	64.84
129	2	-3	63.1	33.9	 	 	 	 	 
129	4	-2	67.6	33.9	 	 	 	 	 
129	6	-1	44	34.4	 	 	 	 	 
129	0	0	44	34.4	 	 	 	 	 
129	-6	1	67.6	33.9	0	.599999999999994	0	0	0
129	-5	2	67.6	33.9	0	.599999999999994	0	0	0
129	3	3	54	33.9	0	.700000000000003	0	0	0
129	-4	4	66.8	33.9	0	.599999999999994	0	0	0
129	-3	5	66.8	33.9	0	.599999999999994	0	0	0
129	-2	6	50.2	63.5	3.2	8	5	20	42.08
129	-1	7	43.7	33.9	4	10	7	33	28.35
130	2	-3	54	38.9	 	 	 	 	 
130	4	-2	67.6	38.9	 	 	 	 	 
130	6	-1	42.9	39	 	 	 	 	 
130	0	0	42.9	39	 	 	 	 	 
130	-6	1	67.6	38.9	0	.299999999999997	0	0	0
130	-5	2	67.6	38.9	0	.299999999999997	0	0	0
130	3	3	54	38.9	5	12	4	29	30.05
130	-4	4	66.8	38.9	0	.599999999999994	0	0	0
130	-3	5	66.8	38.9	0	.599999999999994	0	0	0
130	-2	6	45.7	63.5	3.2	8	5	20	42.08
130	-1	7	42.8	38.9	5	11	7	35	18.36
131	2	-3	54	29.7	 	 	 	 	 
131	4	-2	67.6	29.7	 	 	 	 	 
131	6	-1	32.7	29.7	 	 	 	 	 
131	0	0	32.7	29.7	 	 	 	 	 
131	-6	1	67.6	29.7	0	.299999999999997	0	0	0
131	-5	2	67.6	29.7	0	.299999999999997	0	0	0
131	3	3	54	29.7	4	12	4	36	17.52
131	-4	4	66.8	29.7	0	.700000000000003	0	0	0
131	-3	5	66.8	29.7	0	.700000000000003	0	0	0
131	-2	6	45.7	63.5	0	.700000000000003	0	0	0
131	-1	7	32.7	29.7	4	10	7	33	28.35
132	2	-3	63.1	52.4	 	 	 	 	 
132	4	-2	67.6	52.4	 	 	 	 	 
132	6	-1	32.1	52	 	 	 	 	 
132	0	0	32.1	52	 	 	 	 	 
132	-6	1	67.6	52.4	0	.599999999999994	0	0	0
132	-5	2	67.6	52.4	0	.599999999999994	0	0	0
132	3	3	54	52.4	0	.700000000000003	0	0	0
132	-4	4	66.8	52.4	0	.599999999999994	0	0	0
132	-3	5	66.8	52.4	0	.599999999999994	0	0	0
132	-2	6	45.7	63.5	3.2	8	5	20	42.08
132	-1	7	31.9	51.9	5	11	7	35	18.36
133	2	-3	59.4	52.4	 	 	 	 	 
133	4	-2	67.6	52.4	 	 	 	 	 
133	6	-1	38.4	51.9	 	 	 	 	 
133	0	0	38.4	51.9	 	 	 	 	 
133	-6	1	67.6	52.4	5	1.1	1	7	52.35
133	-5	2	67.6	52.4	5	2.1	4	19	40.93
133	3	3	54	52.4	5	12	4	29	30.05
133	-4	4	66.8	52.4	0	.599999999999994	0	0	0
133	-3	5	66.8	52.4	0	.599999999999994	0	0	0
133	-2	6	44.6	63.5	3.2	8	5	17	47.49
133	-1	7	37	51.9	5	11	7	33	28.33
134	2	-3	63.1	52.4	 	 	 	 	 
134	4	-2	67.6	52.4	 	 	 	 	 
134	6	-1	35.8	51.9	 	 	 	 	 
134	0	0	35.8	51.9	 	 	 	 	 
134	-6	1	67.6	52.4	0	.700000000000003	0	0	0
134	-5	2	67.6	52.4	0	.700000000000003	0	0	0
134	3	3	54	52.4	0	.700000000000003	0	0	0
134	-4	4	66.8	52.4	0	.700000000000003	0	0	0
134	-3	5	66.8	52.4	0	.700000000000003	0	0	0
134	-2	6	45.7	63.5	0	.700000000000003	0	0	0
134	-1	7	35.8	51.9	5	11	7	35	18.36
135	2	-3	61.8	41.4	 	 	 	 	 
135	4	-2	67.6	41.4	 	 	 	 	 
135	6	-1	46.2	44.7	 	 	 	 	 
135	0	0	46.3	44.7	 	 	 	 	 
135	-6	1	67.6	41.4	4	1.1	1	7	53.92
135	-5	2	67.6	41.4	4	2.1	4	13	57.24
135	3	3	54	41.4	4	12	4	36	17.52
135	-4	4	66.8	41.4	0	.5	0	0	0
135	-3	5	66.8	41.4	3.2	2.2	5	17	48.51
135	-2	6	45.7	63.5	3.2	8	5	20	42.08
135	-1	7	46.1	41.4	4	10	7	33	28.35
136	2	-3	40.8	42.7	 	 	 	 	 
136	4	-2	40.8	42.7	 	 	 	 	 
136	6	-1	40.5	42.7	 	 	 	 	 
136	0	0	40.5	42.7	 	 	 	 	 
136	-6	1	40.8	42.7	4	1.1	1	7	53.92
136	-5	2	40.8	42.7	4	2.1	4	13	57.24
136	3	3	40.8	42.7	4	12	4	36	17.52
136	-4	4	54.1	42.7	3.2	1.2	5	17	45.58
136	-3	5	54.1	42.7	3.2	2.2	5	17	48.51
136	-2	6	42.6	44.4	3.2	8	5	20	42.08
136	-1	7	39.1	42.6	4	10	7	33	28.35
137	2	-3	32.8	34.6	 	 	 	 	 
137	4	-2	32.8	34.6	 	 	 	 	 
137	6	-1	33.1	34.7	 	 	 	 	 
137	0	0	33.1	34.7	 	 	 	 	 
137	-6	1	32.8	34.6	4	1.1	1	7	53.92
137	-5	2	32.8	34.6	4	2.1	4	13	57.24
137	3	3	32.8	34.6	4	12	4	36	17.52
137	-4	4	54.1	34.6	0	.599999999999994	0	0	0
137	-3	5	54.1	34.6	0	.599999999999994	0	0	0
137	-2	6	42.6	44.4	3.2	8	5	20	42.08
137	-1	7	32.8	34.6	4	10	7	33	28.35
138	2	-3	68.5	72.4	 	 	 	 	 
138	4	-2	68.3	72.7	 	 	 	 	 
138	6	-1	68.1	66.8	 	 	 	 	 
138	0	0	68.1	66.8	 	 	 	 	 
138	-6	1	68.3	72.7	0	.400000000000006	0	0	0
138	-5	2	68.3	72.7	0	.5	0	0	0
138	3	3	68.8	71.8	0	.5	0	0	0
138	-4	4	68.3	66.9	2	1.2	1	3	68.98
138	-3	5	68.3	66.9	2	2.2	2	14	52.8
138	-2	6	68.4	63.6	0	.5	0	0	0
138	-1	7	58.9	62.8	2	2.2	2	14	52.8
139	2	-3	65.7	66.6	 	 	 	 	 
139	4	-2	59	72.7	 	 	 	 	 
139	6	-1	58.8	61	 	 	 	 	 
139	0	0	58.8	61	 	 	 	 	 
139	-6	1	59	72.7	3.1	1.1	1	7	60.57
139	-5	2	59	72.7	3.1	2.1	4	13	56.02
139	3	3	68.8	64.1	3.1	12	4	13	56.06
139	-4	4	68.3	66.9	0	.599999999999994	0	0	0
139	-3	5	68.3	66.9	0	.599999999999994	0	0	0
139	-2	6	62.5	59.5	3.1	5.2	2	12	56.95
139	-1	7	58.6	61	3.1	6	3	21	39.85
140	2	-3	68.4	71.9	 	 	 	 	 
140	4	-2	64.9	72.7	 	 	 	 	 
140	6	-1	65.3	57.6	 	 	 	 	 
140	0	0	65.3	57.7	 	 	 	 	 
140	-6	1	64.9	72.7	3.1	1.1	1	7	60.57
140	-5	2	64.9	72.7	3.1	2.1	4	13	56.02
140	3	3	68.8	71.8	3.1	12	4	13	56.06
140	-4	4	68.3	66.9	0	.599999999999994	0	0	0
140	-3	5	68.3	66.9	0	.599999999999994	0	0	0
140	-2	6	68.4	63.6	3.1	5.2	2	12	56.95
140	-1	7	64.9	57.4	3.1	6	3	28	34.62
141	2	-3	72.4	78.5	 	 	 	 	 
141	4	-2	76.5	72.7	 	 	 	 	 
141	6	-1	76.4	67.3	 	 	 	 	 
141	0	0	76.2	67.5	 	 	 	 	 
141	-6	1	76.5	72.7	3.1	1.1	1	7	60.57
141	-5	2	76.5	72.7	3.1	2.1	4	13	56.02
141	3	3	68.8	80.5	3.1	12	4	13	56.06
141	-4	4	68.3	66.9	0	.599999999999994	0	0	0
141	-3	5	68.3	66.9	0	.599999999999994	0	0	0
141	-2	6	68.4	66.9	3.1	5.2	2	12	56.95
141	-1	7	76.5	67.3	3.1	6	3	28	34.62
142	2	-3	72.9	72.4	 	 	 	 	 
142	4	-2	74.9	72.7	 	 	 	 	 
142	6	-1	74.9	73.5	 	 	 	 	 
142	0	0	74.9	73.5	 	 	 	 	 
142	-6	1	74.9	72.7	0	.599999999999994	0	0	0
142	-5	2	74.9	72.7	0	.599999999999994	0	0	0
142	3	3	68.8	71.8	0	.599999999999994	0	0	0
142	-4	4	68.3	66.9	0	.599999999999994	0	0	0
142	-3	5	68.3	66.9	0	.599999999999994	0	0	0
142	-2	6	74.9	73.5	2	5.1	2	10	61.14
142	-1	7	58.9	62.8	0	.599999999999994	0	0	0
143	2	-3	64.9	58.2	 	 	 	 	 
143	4	-2	67.5	61.8	 	 	 	 	 
143	6	-1	64.3	58.5	 	 	 	 	 
143	0	0	64.6	58.3	 	 	 	 	 
143	-6	1	70.8	62.3	2	1.1	1	7	63.75
143	-5	2	67.4	61.8	2	2.1	4	13	56.5
143	3	3	62.4	55.5	2	12	4	19	38.96
143	-4	4	63.1	57.5	2	1.2	1	3	68.66
143	-3	5	65.6	59.2	2	2.2	2	14	52.8
143	-2	6	56	51.4	0	.5	0	0	0
143	-1	7	60	50.4	2	2.2	2	14	52.8
144	2	-3	68.3	60.5	 	 	 	 	 
144	4	-2	70.8	62.3	 	 	 	 	 
144	6	-1	52.4	50.1	 	 	 	 	 
144	0	0	52.4	50.1	 	 	 	 	 
144	-6	1	70.8	62.3	0	.599999999999994	0	0	0
144	-5	2	70.8	62.3	0	.599999999999994	0	0	0
144	3	3	63.3	56.8	0	.700000000000003	0	0	0
144	-4	4	65.6	59.2	0	.599999999999994	0	0	0
144	-3	5	65.6	59.2	0	.599999999999994	0	0	0
144	-2	6	45.6	51.4	3.1	5.2	2	16	48.15
144	-1	7	52.9	50.1	3.1	6	3	28	34.62
145	2	-3	68.3	60.5	 	 	 	 	 
145	4	-2	70.8	62.3	 	 	 	 	 
145	6	-1	41.8	42.5	 	 	 	 	 
145	0	0	41.8	42.5	 	 	 	 	 
145	-6	1	70.8	62.3	0	.599999999999994	0	0	0
145	-5	2	70.8	62.3	0	.599999999999994	0	0	0
145	3	3	63.3	56.8	0	.700000000000003	0	0	0
145	-4	4	65.6	59.2	0	.599999999999994	0	0	0
145	-3	5	65.6	59.2	0	.599999999999994	0	0	0
145	-2	6	56	51.4	3.2	8	5	20	42.08
145	-1	7	40.6	42.4	4	10	7	33	28.35
146	2	-3	53.5	58.7	 	 	 	 	 
146	4	-2	70.8	62.3	 	 	 	 	 
146	6	-1	49.9	47.6	 	 	 	 	 
146	0	0	51.3	51.8	 	 	 	 	 
146	-6	1	70.8	62.3	4	1.1	1	7	53.92
146	-5	2	70.8	62.3	4	2.1	4	19	41.25
146	3	3	50.3	58	4	12	4	36	17.52
146	-4	4	65.6	59.2	0	.5	0	0	0
146	-3	5	65.6	59.2	3.1	2.2	5	17	47.61
146	-2	6	56	51.4	3.1	5.2	2	16	48.15
146	-1	7	49.7	47.3	4	6	3	34	27.1
147	2	-3	69.6	60.5	 	 	 	 	 
147	4	-2	72.5	62.3	 	 	 	 	 
147	6	-1	61.8	55.1	 	 	 	 	 
147	0	0	69.6	60.5	 	 	 	 	 
147	-6	1	72.5	62.3	2	1.1	1	7	63.75
147	-5	2	72.5	62.3	2	2.1	4	13	56.5
147	3	3	63	56.8	2	12	4	19	46.62
147	-4	4	65.6	59.2	0	.0999999999999943	0	0	0
147	-3	5	65.6	59.2	0	.200000000000003	0	0	0
147	-2	6	56	51.4	0	.200000000000003	0	0	0
147	-1	7	60	50.4	0	.299999999999997	0	0	0
148	2	-3	72.3	58.9	 	 	 	 	 
148	4	-2	70.8	62.3	 	 	 	 	 
148	6	-1	66.3	63.4	 	 	 	 	 
148	0	0	66.7	62.7	 	 	 	 	 
148	-6	1	70.8	62.3	3.1	1.1	1	7	60.57
148	-5	2	70.8	62.3	3.1	2.1	4	13	56.02
148	3	3	73	56.8	3.1	12	4	13	56.06
148	-4	4	69.4	59.2	0	.5	0	0	0
148	-3	5	65.6	59.2	2	2.2	2	14	52.8
148	-2	6	56	51.4	3.1	5.2	2	16	48.15
148	-1	7	66.3	63.6	3.1	6	3	21	39.85
149	2	-3	74.6	59.1	 	 	 	 	 
149	4	-2	81.2	62.3	 	 	 	 	 
149	6	-1	71	59.2	 	 	 	 	 
149	0	0	72	59.2	 	 	 	 	 
149	-6	1	81.2	62.3	2	1.1	1	1	71.72
149	-5	2	81.2	62.3	2	2.1	1	1	71.74
149	3	3	63.3	56.8	2	5.1	1	1	69.56
149	-4	4	78.7	59.2	2	1.2	1	3	69.14
149	-3	5	65.6	59.2	2	2.2	2	14	52.8
149	-2	6	56	51.4	0	.5	0	0	0
149	-1	7	60	50.4	0	.5	0	0	0
150	2	-3	75.7	73.5	 	 	 	 	 
150	4	-2	78.3	75.5	 	 	 	 	 
150	6	-1	66.3	59.5	 	 	 	 	 
150	0	0	67.7	62.3	 	 	 	 	 
150	-6	1	78.3	75.5	3.1	1.1	1	7	60.57
150	-5	2	78.3	75.5	3.1	2.1	4	13	56.02
150	3	3	73.2	72.3	3.1	12	4	29	30.78
150	-4	4	71.6	78.4	2	1.2	1	3	68.66
150	-3	5	65.6	59.2	2	2.2	2	14	52.8
150	-2	6	68.2	51.4	3.1	5.2	2	16	48.15
150	-1	7	65.1	57.5	3.1	6	3	21	39.85
151	2	-3	57	58.7	 	 	 	 	 
151	4	-2	63.7	58.2	 	 	 	 	 
151	6	-1	52.3	37.7	 	 	 	 	 
151	0	0	52.3	37.7	 	 	 	 	 
151	-6	1	63.7	58.2	0	.400000000000006	0	0	0
151	-5	2	63.7	58.2	0	.400000000000006	0	0	0
151	3	3	43.5	59.7	0	.700000000000003	0	0	0
151	-4	4	58.6	53.8	2	1.2	1	3	67.62
151	-3	5	58.6	53.8	0	.400000000000006	0	0	0
151	-2	6	54.2	43.7	3.2	8	5	17	47.49
151	-1	7	51.6	37.2	3.2	9	5	15	50.9
152	2	-3	57	58.7	 	 	 	 	 
152	4	-2	63.7	58.2	 	 	 	 	 
152	6	-1	64	38.4	 	 	 	 	 
152	0	0	64	38.4	 	 	 	 	 
152	-6	1	63.7	58.2	0	.400000000000006	0	0	0
152	-5	2	63.7	58.2	0	.400000000000006	0	0	0
152	3	3	43.5	59.7	0	.700000000000003	0	0	0
152	-4	4	66.5	53.8	2	1.2	1	3	67.62
152	-3	5	58.6	53.8	0	.400000000000006	0	0	0
152	-2	6	63	43.7	3.1	5.2	2	5	64.3
152	-1	7	64	37.2	3.1	6	2	5	64.84
153	2	-3	50.8	59.3	 	 	 	 	 
153	4	-2	63.7	58.2	 	 	 	 	 
153	6	-1	42.7	45.5	 	 	 	 	 
153	0	0	42.8	45.6	 	 	 	 	 
153	-6	1	63.7	58.2	4	1.1	1	7	53.92
153	-5	2	63.7	58.2	4	2.1	4	13	57.24
153	3	3	43.5	59.7	4	12	4	36	17.52
153	-4	4	58.6	53.8	3.1	1.2	1	3	67.24
153	-3	5	58.6	53.8	3.1	2.2	5	17	47.61
153	-2	6	54.2	43.7	3.1	5.2	2	16	48.15
153	-1	7	42.1	45.5	4	6	3	34	27.1
154	2	-3	48.8	59	 	 	 	 	 
154	4	-2	53.5	58.2	 	 	 	 	 
154	6	-1	50.6	52	 	 	 	 	 
154	0	0	49.4	56	 	 	 	 	 
154	-6	1	63.7	58.2	2	1.1	1	7	66.24
154	-5	2	53.3	58.2	2	2.1	4	13	56.5
154	3	3	43.5	59.7	2	12	4	19	46.62
154	-4	4	39.4	48.7	2	1.2	2	14	59.23
154	-3	5	58.6	53.8	2	2.2	5	20	43.4
154	-2	6	54.2	43.7	0	.5	0	0	0
154	-1	7	45	37.2	0	.5	0	0	0
155	2	-3	43.5	59.7	 	 	 	 	 
155	4	-2	63.7	58.2	 	 	 	 	 
155	6	-1	34.5	40.7	 	 	 	 	 
155	0	0	34.6	40.9	 	 	 	 	 
155	-6	1	63.7	58.2	0	.299999999999997	0	0	0
155	-5	2	63.7	58.2	0	.299999999999997	0	0	0
155	3	3	43.5	59.7	4	12	4	36	17.52
155	-4	4	58.6	53.8	0	.599999999999994	0	0	0
155	-3	5	58.6	53.8	0	.599999999999994	0	0	0
155	-2	6	32.2	28.5	3.1	7	3	25	36.05
155	-1	7	35.9	41.9	4	7	3	34	22.95
156	2	-3	54.9	57.8	 	 	 	 	 
156	4	-2	63.7	58.2	 	 	 	 	 
156	6	-1	58.7	57.8	 	 	 	 	 
156	0	0	56.5	57.8	 	 	 	 	 
156	-6	1	63.7	58.2	2	1.1	1	7	66.24
156	-5	2	63.7	58.2	2	2.1	4	13	56.5
156	3	3	43.5	57.5	2	12	4	19	38.96
156	-4	4	62.7	68.4	2	1.2	2	14	59.23
156	-3	5	58.6	53.8	2	2.2	2	14	55.2
156	-2	6	54.2	43.7	0	.5	0	0	0
156	-1	7	45	37.2	2	2.2	2	14	55.2
157	2	-3	57	58.7	 	 	 	 	 
157	4	-2	63.7	58.2	 	 	 	 	 
157	6	-1	55.1	54.6	 	 	 	 	 
157	0	0	55.1	54.6	 	 	 	 	 
157	-6	1	63.7	58.2	0	.400000000000006	0	0	0
157	-5	2	63.7	58.2	0	.5	0	0	0
157	3	3	43.5	59.7	0	.700000000000003	0	0	0
157	-4	4	58.6	58.8	2	1.2	2	14	59.23
157	-3	5	58.6	53.8	2	2.2	5	20	43.4
157	-2	6	54.2	43.7	2	7	3	25	47.32
157	-1	7	45	57.2	2	7	3	25	47.32
158	2	-3	57	58.7	 	 	 	 	 
158	4	-2	63.7	58.2	 	 	 	 	 
158	6	-1	45	43.7	 	 	 	 	 
158	0	0	45	43.7	 	 	 	 	 
158	-6	1	63.7	58.2	0	.700000000000003	0	0	0
158	-5	2	63.7	58.2	0	.700000000000003	0	0	0
158	3	3	43.5	59.7	0	.700000000000003	0	0	0
158	-4	4	58.6	53.8	0	.700000000000003	0	0	0
158	-3	5	58.6	53.8	0	.700000000000003	0	0	0
158	-2	6	54.2	43.7	0	.700000000000003	0	0	0
158	-1	7	45	43.7	3.1	7	7	0	0
159	2	-3	51	54.9	 	 	 	 	 
159	4	-2	54.3	54.2	 	 	 	 	 
159	6	-1	56	52.4	 	 	 	 	 
159	0	0	52.9	53.4	 	 	 	 	 
159	-6	1	63.7	58.2	3.1	1.1	1	7	60.57
159	-5	2	54.2	54.1	3.1	2.1	4	13	56.02
159	3	3	43.5	56.2	3.1	12	4	29	30.78
159	-4	4	53.4	50.6	2	1.2	2	14	59.23
159	-3	5	58.6	53.8	2	2.2	2	14	55.2
159	-2	6	54.2	43.7	0	.5	0	0	0
159	-1	7	45	37.2	2	2.2	2	14	55.2
160	2	-3	43.5	59.7	 	 	 	 	 
160	4	-2	63.7	58.2	 	 	 	 	 
160	6	-1	38.7	43.4	 	 	 	 	 
160	0	0	38.8	43.5	 	 	 	 	 
160	-6	1	63.7	58.2	0	.299999999999997	0	0	0
160	-5	2	63.7	58.2	0	.299999999999997	0	0	0
160	3	3	43.5	59.7	4	12	4	36	17.52
160	-4	4	58.6	53.8	0	.599999999999994	0	0	0
160	-3	5	58.6	53.8	0	.599999999999994	0	0	0
160	-2	6	54.9	43.7	3.1	7	3	25	36.05
160	-1	7	35.8	43.4	4	7	3	34	22.95
161	2	-3	57	58.7	 	 	 	 	 
161	4	-2	63.7	58.2	 	 	 	 	 
161	6	-1	38.7	43.3	 	 	 	 	 
161	0	0	38.7	43.3	 	 	 	 	 
161	-6	1	63.7	58.2	0	.599999999999994	0	0	0
161	-5	2	63.7	58.2	0	.599999999999994	0	0	0
161	3	3	43.5	59.7	0	.700000000000003	0	0	0
161	-4	4	58.6	53.8	0	.599999999999994	0	0	0
161	-3	5	58.6	53.8	0	.599999999999994	0	0	0
161	-2	6	54.2	50.1	3.1	7	3	25	36.05
161	-1	7	35.9	43.1	4	7	3	34	22.95
162	2	-3	56	59	 	 	 	 	 
162	4	-2	63.7	58.2	 	 	 	 	 
162	6	-1	39.1	40.4	 	 	 	 	 
162	0	0	40.1	40.7	 	 	 	 	 
162	-6	1	63.7	58.2	3.2	1.1	1	7	64.04
162	-5	2	63.7	58.2	3.2	2.1	4	13	54.59
162	3	3	43.5	59.7	3.2	12	4	29	35.24
162	-4	4	58.6	53.8	2	1.2	2	14	59.23
162	-3	5	58.6	53.8	2	2.2	5	20	43.4
162	-2	6	54.2	43.5	3.2	7	3	25	37.44
162	-1	7	37.7	40	3.2	7	3	25	37.44
163	2	-3	57	58.7	 	 	 	 	 
163	4	-2	63.7	58.2	 	 	 	 	 
163	6	-1	18.7	39.1	 	 	 	 	 
163	0	0	18.7	39.1	 	 	 	 	 
163	-6	1	63.7	58.2	0	.599999999999994	0	0	0
163	-5	2	63.7	58.2	0	.599999999999994	0	0	0
163	3	3	43.5	59.7	0	.700000000000003	0	0	0
163	-4	4	58.6	53.8	0	.599999999999994	0	0	0
163	-3	5	58.6	53.8	0	.599999999999994	0	0	0
163	-2	6	54.2	43.7	3.2	8	5	20	42.08
163	-1	7	18.5	39.1	5	11	7	35	18.36
164	2	-3	43.5	59.7	 	 	 	 	 
164	4	-2	63.7	58.2	 	 	 	 	 
164	6	-1	41.6	34.6	 	 	 	 	 
164	0	0	41.6	34.8	 	 	 	 	 
164	-6	1	63.7	58.2	0	.299999999999997	0	0	0
164	-5	2	63.7	58.2	0	.299999999999997	0	0	0
164	3	3	43.5	59.7	4	12	4	36	17.52
164	-4	4	58.6	53.8	0	.599999999999994	0	0	0
164	-3	5	58.6	53.8	0	.599999999999994	0	0	0
164	-2	6	39.8	43.7	3.1	7	3	25	36.05
164	-1	7	41.8	34.6	4	7	3	34	22.95
165	2	-3	57	58.7	 	 	 	 	 
165	4	-2	63.7	58.2	 	 	 	 	 
165	6	-1	36.2	38.8	 	 	 	 	 
165	0	0	36.2	38.8	 	 	 	 	 
165	-6	1	63.7	58.2	0	.599999999999994	0	0	0
165	-5	2	63.7	58.2	0	.599999999999994	0	0	0
165	3	3	43.5	59.7	0	.700000000000003	0	0	0
165	-4	4	58.6	53.8	0	.599999999999994	0	0	0
165	-3	5	58.6	53.8	0	.599999999999994	0	0	0
165	-2	6	54.2	43.7	3.1	5.2	2	16	48.15
165	-1	7	35.7	38.3	4	6	3	34	27.1
166	2	-3	36.4	59.3	 	 	 	 	 
166	4	-2	63.7	58.2	 	 	 	 	 
166	6	-1	33.3	28.5	 	 	 	 	 
166	0	0	34.4	28.6	 	 	 	 	 
166	-6	1	63.7	58.2	5	1.1	1	7	52.35
166	-5	2	63.7	58.2	5	2.1	4	19	40.93
166	3	3	33.4	59.7	5	12	4	29	30.05
166	-4	4	58.6	53.8	0	.5	0	0	0
166	-3	5	58.6	53.8	3.2	2.2	5	17	48.51
166	-2	6	54.2	39.1	3.2	8	5	20	42.08
166	-1	7	32.7	28.4	5	11	7	35	18.36
167	2	-3	54.5	56.3	 	 	 	 	 
167	4	-2	60.1	57.2	 	 	 	 	 
167	6	-1	51.8	57.2	 	 	 	 	 
167	0	0	53.5	57	 	 	 	 	 
167	-6	1	63.7	58.2	3.2	1.1	1	7	64.04
167	-5	2	60	57.2	3.2	2.1	4	13	54.59
167	3	3	50	55	3.2	12	4	19	42.7
167	-4	4	58.6	64	2	1.2	2	14	59.23
167	-3	5	58.6	53.8	2	2.2	5	20	43.4
167	-2	6	54.2	43.7	3.2	7	3	25	37.44
167	-1	7	51.1	57.2	3.2	7	3	25	37.44
168	2	-3	55	58.8	 	 	 	 	 
168	4	-2	63.7	58.2	 	 	 	 	 
168	6	-1	35.4	32.6	 	 	 	 	 
168	0	0	37.1	32.9	 	 	 	 	 
168	-6	1	63.7	58.2	4	1.1	1	7	53.92
168	-5	2	63.7	58.2	4	2.1	4	19	41.25
168	3	3	43.5	59.7	4	12	4	36	17.52
168	-4	4	59.9	45	3.2	1.2	5	17	45.58
168	-3	5	58.6	53.8	3.2	2.2	5	17	48.51
168	-2	6	54.2	28.6	3.2	8	5	20	42.08
168	-1	7	31.1	31.7	4	10	7	33	28.35
169	2	-3	50.6	59.2	 	 	 	 	 
169	4	-2	63.7	58.2	 	 	 	 	 
169	6	-1	59.4	37.2	 	 	 	 	 
169	0	0	57.2	44.1	 	 	 	 	 
169	-6	1	63.7	58.2	3.2	1.1	1	7	64.04
169	-5	2	63.7	58.2	3.2	2.1	4	13	54.59
169	3	3	43.5	59.7	3.2	12	4	19	45.94
169	-4	4	58.6	53.8	2	1.2	2	14	59.23
169	-3	5	58.6	53.8	2	2.2	5	20	43.4
169	-2	6	54.2	43.7	0	.700000000000003	0	0	0
169	-1	7	59.4	37.2	3.2	9	5	15	50.35
170	2	-3	57	58.7	 	 	 	 	 
170	4	-2	63.7	58.2	 	 	 	 	 
170	6	-1	40.7	42.2	 	 	 	 	 
170	0	0	40.7	42.2	 	 	 	 	 
170	-6	1	63.7	58.2	0	.599999999999994	0	0	0
170	-5	2	63.7	58.2	0	.599999999999994	0	0	0
170	3	3	43.5	59.7	0	.700000000000003	0	0	0
170	-4	4	58.6	53.8	0	.599999999999994	0	0	0
170	-3	5	58.6	53.8	0	.599999999999994	0	0	0
170	-2	6	48.6	43.7	3.2	8	5	20	42.08
170	-1	7	40.1	42.2	4	10	7	33	28.35
171	2	-3	62	66.9	 	 	 	 	 
171	4	-2	59.1	64.9	 	 	 	 	 
171	6	-1	58.8	57.2	 	 	 	 	 
171	0	0	60.5	63.5	 	 	 	 	 
171	-6	1	91.4	64.9	3.1	1.1	1	7	60.57
171	-5	2	58.6	64.9	3.1	2.1	4	13	56.02
171	3	3	64.2	68.2	3.1	12	4	29	30.78
171	-4	4	59.9	64.4	2	1.2	2	14	59.23
171	-3	5	58.6	53.8	2	2.2	5	20	43.4
171	-2	6	54.2	43.7	0	.5	0	0	0
171	-1	7	45	37.2	2	2.2	5	20	43.4
172	2	-3	57	58.7	 	 	 	 	 
172	4	-2	63.7	58.2	 	 	 	 	 
172	6	-1	45	53.2	 	 	 	 	 
172	0	0	45	53.2	 	 	 	 	 
172	-6	1	63.7	58.2	0	.599999999999994	0	0	0
172	-5	2	63.7	58.2	0	.599999999999994	0	0	0
172	3	3	43.5	59.7	0	.700000000000003	0	0	0
172	-4	4	58.6	53.8	0	.599999999999994	0	0	0
172	-3	5	58.6	53.8	0	.599999999999994	0	0	0
172	-2	6	52.9	51.1	3.1	5.2	2	16	48.15
172	-1	7	44.6	53.3	4	6	3	28	32.42
173	2	-3	77.1	80.6	 	 	 	 	 
173	4	-2	77.1	80.6	 	 	 	 	 
173	6	-1	77.1	80.6	 	 	 	 	 
173	0	0	77.1	80.6	 	 	 	 	 
173	-6	1	77.1	80.6	0	.400000000000006	0	0	0
173	-5	2	77.1	80.6	0	.400000000000006	0	0	0
173	3	3	77.1	80.6	0	.400000000000006	0	0	0
173	-4	4	77.1	80.6	2	1.2	1	3	79.53
173	-3	5	66.7	65.8	0	.400000000000006	0	0	0
173	-2	6	77.1	80.6	0	.400000000000006	0	0	0
173	-1	7	77.1	80.6	0	.400000000000006	0	0	0
174	2	-3	69.6	70.9	 	 	 	 	 
174	4	-2	69.6	70.9	 	 	 	 	 
174	6	-1	69.6	70.9	 	 	 	 	 
174	0	0	69.6	70.9	 	 	 	 	 
174	-6	1	69.6	70.9	0	.400000000000006	0	0	0
174	-5	2	69.6	70.9	0	.400000000000006	0	0	0
174	3	3	69.6	70.9	0	.400000000000006	0	0	0
174	-4	4	69.6	70.9	2	1.2	1	3	69.14
174	-3	5	66.7	65.8	0	.400000000000006	0	0	0
174	-2	6	69.6	70.9	0	.400000000000006	0	0	0
174	-1	7	69.6	70.9	0	.400000000000006	0	0	0
175	2	-3	63.3	61.1	 	 	 	 	 
175	4	-2	63.3	61.1	 	 	 	 	 
175	6	-1	65.3	64.2	 	 	 	 	 
175	0	0	65.3	64.2	 	 	 	 	 
175	-6	1	63.3	61.1	0	.400000000000006	0	0	0
175	-5	2	63.3	61.1	0	.5	0	0	0
175	3	3	63.3	61.1	0	.5	0	0	0
175	-4	4	63.3	61.1	2	1.2	1	4	66.11
175	-3	5	66.7	65.8	2	2.2	2	8	62.19
175	-2	6	63.3	61.1	0	.5	0	0	0
175	-1	7	63.3	61.1	2	2.2	2	8	62.19
176	2	-3	62.2	65.8	 	 	 	 	 
176	4	-2	62.2	65.8	 	 	 	 	 
176	6	-1	64.8	65.8	 	 	 	 	 
176	0	0	64.8	65.8	 	 	 	 	 
176	-6	1	62.2	65.8	0	.400000000000006	0	0	0
176	-5	2	62.2	65.8	0	.5	0	0	0
176	3	3	62.2	65.8	0	.5	0	0	0
176	-4	4	62.2	65.8	2	1.2	1	4	66.11
176	-3	5	66.7	65.8	2	2.2	2	8	62.19
176	-2	6	62.2	65.8	0	.5	0	0	0
176	-1	7	62.2	65.8	2	2.2	1	8	62.19
177	2	-3	63.9	62.6	 	 	 	 	 
177	4	-2	63.9	62.6	 	 	 	 	 
177	6	-1	65.5	64.7	 	 	 	 	 
177	0	0	65.5	64.7	 	 	 	 	 
177	-6	1	63.9	62.6	0	.400000000000006	0	0	0
177	-5	2	63.9	62.6	0	.5	0	0	0
177	3	3	63.9	62.6	0	.5	0	0	0
177	-4	4	63.9	62.6	2	1.2	1	4	66.11
177	-3	5	66.7	65.8	2	2.2	2	8	62.19
177	-2	6	63.9	62.6	0	.5	0	0	0
177	-1	7	63.9	62.6	2	2.2	2	8	62.19
178	2	-3	76	63.9	 	 	 	 	 
178	4	-2	76	63.9	 	 	 	 	 
178	6	-1	70.7	65.1	 	 	 	 	 
178	0	0	70.7	65.1	 	 	 	 	 
178	-6	1	76	63.9	0	.400000000000006	0	0	0
178	-5	2	76	63.9	0	.5	0	0	0
178	3	3	76	63.9	0	.5	0	0	0
178	-4	4	76	63.9	2	1.2	1	4	66.11
178	-3	5	66.7	65.8	2	2.2	2	8	62.19
178	-2	6	76	63.9	0	.5	0	0	0
178	-1	7	76	63.9	2	2.2	2	8	62.19
179	2	-3	70.6	66	 	 	 	 	 
179	4	-2	70.6	66	 	 	 	 	 
179	6	-1	68.3	65.9	 	 	 	 	 
179	0	0	68.3	65.9	 	 	 	 	 
179	-6	1	70.6	66	0	.400000000000006	0	0	0
179	-5	2	70.6	66	0	.5	0	0	0
179	3	3	70.6	66	0	.5	0	0	0
179	-4	4	70.6	66	2	1.2	1	3	68.66
179	-3	5	66.7	65.8	2	2.2	2	14	52.8
179	-2	6	70.6	66	0	.5	0	0	0
179	-1	7	70.6	66	2	2.2	2	14	52.8
180	2	-3	66.8	65.5	 	 	 	 	 
180	4	-2	66.8	65.5	 	 	 	 	 
180	6	-1	66.7	65.7	 	 	 	 	 
180	0	0	66.7	65.7	 	 	 	 	 
180	-6	1	66.8	65.5	0	.400000000000006	0	0	0
180	-5	2	66.8	65.5	0	.5	0	0	0
180	3	3	66.8	65.5	0	.5	0	0	0
180	-4	4	66.8	65.5	2	1.2	1	3	68.98
180	-3	5	66.7	65.8	2	2.2	2	8	62.19
180	-2	6	66.8	65.5	0	.5	0	0	0
180	-1	7	66.8	65.5	2	2.2	2	8	62.19
181	2	-3	82.1	86.6	 	 	 	 	 
181	4	-2	80.5	90.2	 	 	 	 	 
181	6	-1	94.5	96.4	 	 	 	 	 
181	0	0	89.6	94.1	 	 	 	 	 
181	-6	1	85.8	90.2	1	3	1	1	82.05
181	-5	2	80.5	90.2	1	3	1	1	82.05
181	3	3	88.7	78.8	1	3	1	1	82.05
181	-4	4	79.9	73.9	0	.700000000000003	0	0	0
181	-3	5	79.9	73.9	0	.700000000000003	0	0	0
181	-2	6	64.4	65.7	0	.700000000000003	0	0	0
181	-1	7	94.5	96.4	1	4	1	2	76.29
182	2	-3	95	80.8	 	 	 	 	 
182	4	-2	96.4	82	 	 	 	 	 
182	6	-1	73.2	69.6	 	 	 	 	 
182	0	0	90.4	73.6	 	 	 	 	 
182	-6	1	96.4	82	1	3	1	1	74.94
182	-5	2	96.4	82	1	3	1	1	74.94
182	3	3	88.7	78.8	1	3	1	1	74.94
182	-4	4	79.9	73.9	0	.700000000000003	0	0	0
182	-3	5	79.9	73.9	0	.700000000000003	0	0	0
182	-2	6	64.4	65.7	0	.700000000000003	0	0	0
182	-1	7	73.2	69.6	1	4	1	2	76.29
183	2	-3	86.6	76.8	 	 	 	 	 
183	4	-2	85.8	82	 	 	 	 	 
183	6	-1	50.3	58	 	 	 	 	 
183	0	0	51.1	58.2	 	 	 	 	 
183	-6	1	85.8	82	2	5.1	1	1	65.25
183	-5	2	85.8	82	2	5.1	1	1	65.25
183	3	3	88.7	73.6	2	5.1	1	1	69.56
183	-4	4	79.9	69.2	2	1.2	1	3	67.62
183	-3	5	79.9	73.9	2	2.2	2	5	65.68
183	-2	6	52.7	65.7	2	5.1	2	10	61.14
183	-1	7	48.1	56.6	2	5.1	2	10	61.14
184	2	-3	81.1	80.4	 	 	 	 	 
184	4	-2	80.1	82	 	 	 	 	 
184	6	-1	78.6	85.6	 	 	 	 	 
184	0	0	79.5	84.7	 	 	 	 	 
184	-6	1	85.8	82	1	3	1	1	73.06
184	-5	2	80.1	82	1	3	1	1	73.06
184	3	3	88.7	78.8	1	3	1	1	73.06
184	-4	4	79.9	73.9	0	.700000000000003	0	0	0
184	-3	5	79.9	73.9	0	.700000000000003	0	0	0
184	-2	6	64.4	65.7	0	.700000000000003	0	0	0
184	-1	7	78.6	85.6	1	4	1	2	70.92
185	2	-3	85.8	78.8	 	 	 	 	 
185	4	-2	85.8	82	 	 	 	 	 
185	6	-1	60.9	79.4	 	 	 	 	 
185	0	0	61	79.4	 	 	 	 	 
185	-6	1	85.8	82	2	5.1	1	1	65.25
185	-5	2	85.8	82	2	5.1	1	1	65.25
185	3	3	88.7	78.8	2	5.1	1	1	69.56
185	-4	4	79.9	73.9	2	1.2	1	3	67.62
185	-3	5	79.9	73.9	2	2.2	2	5	65.68
185	-2	6	64.4	65.7	2	5.1	2	10	61.14
185	-1	7	60.2	80.1	2	5.1	2	10	61.14
186	2	-3	86.4	80.2	 	 	 	 	 
186	4	-2	85.8	82	 	 	 	 	 
186	6	-1	60.2	69.6	 	 	 	 	 
186	0	0	73.5	71.3	 	 	 	 	 
186	-6	1	85.8	82	1	3	1	1	73.06
186	-5	2	85.8	82	1	3	1	1	73.06
186	3	3	88.7	78.8	1	3	1	1	73.06
186	-4	4	79.9	73.9	0	.700000000000003	0	0	0
186	-3	5	79.9	73.9	0	.700000000000003	0	0	0
186	-2	6	64.4	65.7	0	.700000000000003	0	0	0
186	-1	7	60.2	69.6	1	4	1	2	76.29
187	2	-3	88.1	82.8	 	 	 	 	 
187	4	-2	85.8	82	 	 	 	 	 
187	6	-1	73.2	69.6	 	 	 	 	 
187	0	0	84.4	78	 	 	 	 	 
187	-6	1	85.8	82	2	5.1	1	1	65.25
187	-5	2	85.8	82	2	5.1	1	1	65.25
187	3	3	88.7	83	2	5.1	1	1	69.56
187	-4	4	79.9	73.9	2	1.2	1	3	67.62
187	-3	5	79.9	73.9	2	2.2	2	5	65.68
187	-2	6	64.4	65.7	2	5.1	2	10	61.14
187	-1	7	73.2	69.6	2	5.1	2	10	61.14
188	2	-3	88.2	79.3	 	 	 	 	 
188	4	-2	85.8	82	 	 	 	 	 
188	6	-1	65.8	84.8	 	 	 	 	 
188	0	0	74.5	84.3	 	 	 	 	 
188	-6	1	85.8	82	2	5.1	1	1	65.25
188	-5	2	85.8	82	2	5.1	1	1	65.25
188	3	3	88.7	78.8	2	5.1	1	1	69.56
188	-4	4	79.9	73.9	2	1.2	1	3	67.62
188	-3	5	79.9	73.9	2	2.2	2	5	65.68
188	-2	6	64.4	65.7	2	5.1	2	10	61.14
188	-1	7	65.5	85	2	5.1	2	10	61.14
189	2	-3	86.8	78.8	 	 	 	 	 
189	4	-2	85.8	82	 	 	 	 	 
189	6	-1	73.4	78.9	 	 	 	 	 
189	0	0	73.4	78.9	 	 	 	 	 
189	-6	1	85.8	82	2	5.1	1	1	65.25
189	-5	2	85.8	82	2	5.1	1	1	65.25
189	3	3	88.7	78.8	2	5.1	1	1	69.56
189	-4	4	79.9	73.9	2	1.2	1	3	67.62
189	-3	5	79.9	73.9	2	2.2	2	5	65.68
189	-2	6	64.4	65.7	2	5.1	2	10	61.14
189	-1	7	73.2	79	2	5.1	2	10	61.14
190	2	-3	86.8	80.9	 	 	 	 	 
190	4	-2	85.8	82	 	 	 	 	 
190	6	-1	71.6	69.6	 	 	 	 	 
190	0	0	71.6	69.6	 	 	 	 	 
190	-6	1	85.8	82	0	.400000000000006	0	0	0
190	-5	2	85.8	82	0	.400000000000006	0	0	0
190	3	3	88.7	78.8	0	.400000000000006	0	0	0
190	-4	4	79.9	73.9	2	1.2	1	3	67.62
190	-3	5	79.9	73.9	2	2.2	2	5	65.68
190	-2	6	64.4	65.7	2	5.1	2	10	61.14
190	-1	7	71.6	69.6	2	5.1	2	10	61.14
191	2	-3	87.1	79.7	 	 	 	 	 
191	4	-2	85.8	82	 	 	 	 	 
191	6	-1	65	72.6	 	 	 	 	 
191	0	0	69.9	72.8	 	 	 	 	 
191	-6	1	85.8	82	2	5.1	1	1	65.25
191	-5	2	85.8	82	2	5.1	1	1	65.25
191	3	3	88.7	78.8	2	5.1	1	1	69.56
191	-4	4	79.9	73.9	2	1.2	1	3	67.62
191	-3	5	79.9	73.9	2	2.2	2	5	65.68
191	-2	6	64.4	65.7	2	5.1	2	10	61.14
191	-1	7	64.6	72.6	2	5.1	2	10	61.14
192	2	-3	86.8	80.9	 	 	 	 	 
192	4	-2	85.8	82	 	 	 	 	 
192	6	-1	99	69.6	 	 	 	 	 
192	0	0	99	69.6	 	 	 	 	 
192	-6	1	85.8	82	0	.700000000000003	0	0	0
192	-5	2	85.8	82	0	.700000000000003	0	0	0
192	3	3	88.7	78.8	0	.700000000000003	0	0	0
192	-4	4	79.9	73.9	0	.700000000000003	0	0	0
192	-3	5	79.9	73.9	0	.700000000000003	0	0	0
192	-2	6	64.4	65.7	0	.700000000000003	0	0	0
192	-1	7	99	69.6	1	4	1	2	76.29
193	2	-3	86.8	80.8	 	 	 	 	 
193	4	-2	85.8	82	 	 	 	 	 
193	6	-1	77.5	80.7	 	 	 	 	 
193	0	0	77.5	80.7	 	 	 	 	 
193	-6	1	85.8	82	2	5.1	1	1	65.25
193	-5	2	85.8	82	2	5.1	1	1	65.25
193	3	3	88.7	78.8	2	5.1	1	1	69.56
193	-4	4	77.4	76	2	1.2	1	3	67.62
193	-3	5	79.9	73.9	2	2.2	2	5	65.68
193	-2	6	64.4	65.7	0	.700000000000003	0	0	0
193	-1	7	77.3	81	2	5.1	2	10	61.14
194	2	-3	88.1	81.7	 	 	 	 	 
194	4	-2	85.8	82	 	 	 	 	 
194	6	-1	71.6	77	 	 	 	 	 
194	0	0	72.1	77.7	 	 	 	 	 
194	-6	1	85.8	82	2	5.1	1	1	65.25
194	-5	2	85.8	82	2	5.1	1	1	65.25
194	3	3	88.7	81.6	2	5.1	1	1	69.56
194	-4	4	74.7	73.9	2	1.2	1	3	67.62
194	-3	5	79.9	73.9	2	2.2	2	5	65.68
194	-2	6	64.4	65.7	0	.700000000000003	0	0	0
194	-1	7	71.3	77.1	2	5.1	2	10	61.14
195	2	-3	87.3	82	 	 	 	 	 
195	4	-2	85.8	82	 	 	 	 	 
195	6	-1	77.1	69.6	 	 	 	 	 
195	0	0	77.7	70.7	 	 	 	 	 
195	-6	1	85.8	82	1	3	1	1	73.06
195	-5	2	85.8	82	1	3	1	1	73.06
195	3	3	88.7	78.8	1	3	1	1	73.06
195	-4	4	79.9	73.9	0	.700000000000003	0	0	0
195	-3	5	79.9	73.9	0	.700000000000003	0	0	0
195	-2	6	64.4	65.7	0	.700000000000003	0	0	0
195	-1	7	77.1	69.6	1	4	1	2	70.92
196	2	-3	87.6	80.9	 	 	 	 	 
196	4	-2	85.8	82	 	 	 	 	 
196	6	-1	73.4	69.6	 	 	 	 	 
196	0	0	73.9	70.5	 	 	 	 	 
196	-6	1	85.8	82	1	3	1	1	73.06
196	-5	2	85.8	82	1	3	1	1	73.06
196	3	3	88.7	78.8	1	3	1	1	73.06
196	-4	4	79.9	73.9	0	.700000000000003	0	0	0
196	-3	5	79.9	73.9	0	.700000000000003	0	0	0
196	-2	6	64.4	65.7	0	.700000000000003	0	0	0
196	-1	7	73.4	69.6	1	4	1	2	70.92
197	2	-3	87.4	80.9	 	 	 	 	 
197	4	-2	85.8	82	 	 	 	 	 
197	6	-1	73.9	69.6	 	 	 	 	 
197	0	0	74.1	69.6	 	 	 	 	 
197	-6	1	85.8	82	1	3	1	1	73.06
197	-5	2	85.8	82	1	3	1	1	73.06
197	3	3	88.7	78.8	1	3	1	1	73.06
197	-4	4	79.9	73.9	0	.700000000000003	0	0	0
197	-3	5	79.9	73.9	0	.700000000000003	0	0	0
197	-2	6	64.4	65.7	0	.700000000000003	0	0	0
197	-1	7	73.9	69.6	1	4	1	2	70.92
198	2	-3	87.5	82	 	 	 	 	 
198	4	-2	85.8	82	 	 	 	 	 
198	6	-1	70.8	69.6	 	 	 	 	 
198	0	0	71.3	70.3	 	 	 	 	 
198	-6	1	85.8	82	1	3	1	1	73.06
198	-5	2	85.8	82	1	3	1	1	73.06
198	3	3	88.7	78.8	1	3	1	1	73.06
198	-4	4	79.9	73.9	0	.700000000000003	0	0	0
198	-3	5	79.9	73.9	0	.700000000000003	0	0	0
198	-2	6	64.4	65.7	0	.700000000000003	0	0	0
198	-1	7	70.8	69.6	1	4	1	2	70.92
199	2	-3	88	80.9	 	 	 	 	 
199	4	-2	85.8	82	 	 	 	 	 
199	6	-1	65.1	69.4	 	 	 	 	 
199	0	0	65.7	69.4	 	 	 	 	 
199	-6	1	85.8	82	2	5.1	1	1	65.25
199	-5	2	85.8	82	2	5.1	1	1	65.25
199	3	3	88.7	78.8	2	5.1	1	1	69.56
199	-4	4	79.9	73.9	2	1.2	1	4	66.11
199	-3	5	79.9	73.9	2	2.2	2	8	62.19
199	-2	6	64.4	65.7	2	5.1	2	6	64.05
199	-1	7	65	69.6	2	5.1	2	6	64.05
200	2	-3	87.3	82	 	 	 	 	 
200	4	-2	85.8	82	 	 	 	 	 
200	6	-1	66.3	69.6	 	 	 	 	 
200	0	0	66.5	71.4	 	 	 	 	 
200	-6	1	85.8	82	1	3	1	1	73.06
200	-5	2	85.8	82	1	3	1	1	73.06
200	3	3	88.7	78.8	1	3	1	1	73.06
200	-4	4	79.9	73.9	0	.700000000000003	0	0	0
200	-3	5	79.9	73.9	0	.700000000000003	0	0	0
200	-2	6	64.4	65.7	0	.700000000000003	0	0	0
200	-1	7	66.3	69.6	1	4	1	2	70.92
201	2	-3	84.8	80.9	 	 	 	 	 
201	4	-2	82	82	 	 	 	 	 
201	6	-1	70.7	69.6	 	 	 	 	 
201	0	0	70.9	69.6	 	 	 	 	 
201	-6	1	85.8	82	1	3	1	1	73.06
201	-5	2	82	82	1	3	1	1	73.06
201	3	3	88.7	78.8	1	3	1	1	73.06
201	-4	4	79.9	73.9	0	.700000000000003	0	0	0
201	-3	5	79.9	73.9	0	.700000000000003	0	0	0
201	-2	6	64.4	65.7	0	.700000000000003	0	0	0
201	-1	7	70.7	69.6	1	4	1	2	70.92
202	2	-3	88	80.9	 	 	 	 	 
202	4	-2	85.8	82	 	 	 	 	 
202	6	-1	77.1	69.6	 	 	 	 	 
202	0	0	77.2	69.6	 	 	 	 	 
202	-6	1	85.8	82	1	3	1	1	73.06
202	-5	2	85.8	82	1	3	1	1	73.06
202	3	3	88.7	78.8	1	3	1	1	73.06
202	-4	4	79.9	73.9	0	.700000000000003	0	0	0
202	-3	5	79.9	73.9	0	.700000000000003	0	0	0
202	-2	6	64.4	65.7	0	.700000000000003	0	0	0
202	-1	7	77.1	69.6	1	4	1	2	70.92
203	2	-3	87	80.4	 	 	 	 	 
203	4	-2	85.8	82	 	 	 	 	 
203	6	-1	75.1	69.6	 	 	 	 	 
203	0	0	75.4	70	 	 	 	 	 
203	-6	1	85.8	82	1	3	1	1	73.06
203	-5	2	85.8	82	1	3	1	1	73.06
203	3	3	88.7	78.8	1	3	1	1	73.06
203	-4	4	79.9	73.9	0	.700000000000003	0	0	0
203	-3	5	79.9	73.9	0	.700000000000003	0	0	0
203	-2	6	64.4	65.7	0	.700000000000003	0	0	0
203	-1	7	75.1	69.6	1	4	1	2	70.92
204	2	-3	87.3	82	 	 	 	 	 
204	4	-2	85.8	82	 	 	 	 	 
204	6	-1	80.3	69.6	 	 	 	 	 
204	0	0	80.4	69.6	 	 	 	 	 
204	-6	1	85.8	82	1	3	1	1	73.06
204	-5	2	85.8	82	1	3	1	1	73.06
204	3	3	88.7	78.8	1	3	1	1	73.06
204	-4	4	79.9	73.9	0	.700000000000003	0	0	0
204	-3	5	79.9	73.9	0	.700000000000003	0	0	0
204	-2	6	64.4	65.7	0	.700000000000003	0	0	0
204	-1	7	80.3	69.6	1	4	1	2	70.92
205	2	-3	87.8	79.3	 	 	 	 	 
205	4	-2	85.8	82	 	 	 	 	 
205	6	-1	93	80.2	 	 	 	 	 
205	0	0	92.9	80.2	 	 	 	 	 
205	-6	1	85.8	82	1	3	1	1	73.06
205	-5	2	85.8	82	1	3	1	1	73.06
205	3	3	88.7	78.8	1	3	1	1	73.06
205	-4	4	79.9	73.9	0	.700000000000003	0	0	0
205	-3	5	79.9	73.9	0	.700000000000003	0	0	0
205	-2	6	64.4	65.7	0	.700000000000003	0	0	0
205	-1	7	93	80.2	1	4	1	2	70.92
206	2	-3	88	88.7	 	 	 	 	 
206	4	-2	85.8	82	 	 	 	 	 
206	6	-1	77.7	85	 	 	 	 	 
206	0	0	79.4	86	 	 	 	 	 
206	-6	1	85.8	82	2	1.1	1	1	66.86
206	-5	2	85.8	82	2	2.1	4	13	53.87
206	3	3	88.4	89.2	2	5.1	2	9	60.89
206	-4	4	91.6	73.9	2	1.2	1	3	72.19
206	-3	5	79.9	73.9	2	2.2	2	14	57.81
206	-2	6	64.4	65.7	0	.700000000000003	0	0	0
206	-1	7	76.4	87.8	2	5.1	2	10	59.38
207	2	-3	67.2	53.1	 	 	 	 	 
207	4	-2	85.8	82	 	 	 	 	 
207	6	-1	82.9	73.6	 	 	 	 	 
207	0	0	74.5	66.9	 	 	 	 	 
207	-6	1	85.8	82	2	1.1	1	1	66.86
207	-5	2	85.8	82	2	2.1	4	13	53.87
207	3	3	64.4	50.8	2	5.1	2	9	60.89
207	-4	4	80.1	73.9	2	1.2	1	3	72.19
207	-3	5	79.9	73.9	2	2.2	2	14	57.81
207	-2	6	64.4	65.7	0	.700000000000003	0	0	0
207	-1	7	84.4	73.6	2	5.1	2	10	59.38
208	2	-3	78.9	83.9	 	 	 	 	 
208	4	-2	85.8	82	 	 	 	 	 
208	6	-1	70.3	59	 	 	 	 	 
208	0	0	73	63.4	 	 	 	 	 
208	-6	1	85.8	82	2	1.1	1	1	66.86
208	-5	2	85.8	82	2	2.1	4	13	53.87
208	3	3	77.8	84.2	2	5.1	2	9	60.89
208	-4	4	79.9	73.9	2	1.2	1	3	72.19
208	-3	5	79.9	73.9	2	2.2	2	14	57.81
208	-2	6	64.4	65.7	2	5.1	2	10	59.38
208	-1	7	68.9	58.6	2	5.1	2	10	59.38
209	2	-3	82.6	79.9	 	 	 	 	 
209	4	-2	81.2	82	 	 	 	 	 
209	6	-1	81.2	69.6	 	 	 	 	 
209	0	0	81.5	71.1	 	 	 	 	 
209	-6	1	85.8	82	1	3	1	1	82.05
209	-5	2	81.2	82	1	3	1	1	82.05
209	3	3	88.7	78.8	1	3	1	1	82.05
209	-4	4	79.9	73.9	0	.700000000000003	0	0	0
209	-3	5	79.9	73.9	0	.700000000000003	0	0	0
209	-2	6	64.4	65.7	0	.700000000000003	0	0	0
209	-1	7	81.2	69.6	1	4	1	2	76.29
210	2	-3	86.1	82	 	 	 	 	 
210	4	-2	85.8	82	 	 	 	 	 
210	6	-1	71.3	78.2	 	 	 	 	 
210	0	0	71.6	78.4	 	 	 	 	 
210	-6	1	85.8	82	1	3	1	1	82.05
210	-5	2	85.8	82	1	3	1	1	82.05
210	3	3	88.7	78.8	1	3	1	1	82.05
210	-4	4	79.9	73.9	0	.700000000000003	0	0	0
210	-3	5	79.9	73.9	0	.700000000000003	0	0	0
210	-2	6	64.4	65.7	0	.700000000000003	0	0	0
210	-1	7	71.3	78.2	1	4	1	2	76.29
211	2	-3	84.7	78.8	 	 	 	 	 
211	4	-2	83.7	82	 	 	 	 	 
211	6	-1	74.9	69.6	 	 	 	 	 
211	0	0	76.2	70.3	 	 	 	 	 
211	-6	1	85.8	82	1	3	1	1	73.06
211	-5	2	83.7	82	1	3	1	1	73.06
211	3	3	88.7	78.8	1	3	1	1	73.06
211	-4	4	79.9	73.9	0	.700000000000003	0	0	0
211	-3	5	79.9	73.9	0	.700000000000003	0	0	0
211	-2	6	64.4	65.7	0	.700000000000003	0	0	0
211	-1	7	74.9	69.6	1	4	1	2	76.29
212	2	-3	92.7	79.8	 	 	 	 	 
212	4	-2	94.3	82	 	 	 	 	 
212	6	-1	86.5	69.6	 	 	 	 	 
212	0	0	87.8	71.9	 	 	 	 	 
212	-6	1	94.3	82	1	3	1	1	74.94
212	-5	2	94.3	82	1	3	1	1	74.94
212	3	3	88.7	78.8	1	3	1	1	74.94
212	-4	4	79.9	73.9	0	.700000000000003	0	0	0
212	-3	5	79.9	73.9	0	.700000000000003	0	0	0
212	-2	6	64.4	65.7	0	.700000000000003	0	0	0
212	-1	7	86.5	69.6	1	4	1	2	70.92
213	2	-3	98.1	79.1	 	 	 	 	 
213	4	-2	85.8	82	 	 	 	 	 
213	6	-1	99	69.6	 	 	 	 	 
213	0	0	98.2	72.5	 	 	 	 	 
213	-6	1	85.8	82	1	3	2	9	62.33
213	-5	2	85.8	82	1	3	2	9	62.33
213	3	3	99	78.8	1	3	2	9	62.33
213	-4	4	79.9	73.9	0	.700000000000003	0	0	0
213	-3	5	79.9	73.9	0	.700000000000003	0	0	0
213	-2	6	64.4	65.7	0	.700000000000003	0	0	0
213	-1	7	99	69.6	1	4	2	10	63.88
214	2	-3	97.9	81.2	 	 	 	 	 
214	4	-2	99	82	 	 	 	 	 
214	6	-1	98.1	94.1	 	 	 	 	 
214	0	0	98	91	 	 	 	 	 
214	-6	1	99	82	1	3	1	1	82.05
214	-5	2	99	82	1	3	1	1	82.05
214	3	3	88.7	78.8	1	3	1	1	82.05
214	-4	4	79.9	73.9	0	.700000000000003	0	0	0
214	-3	5	79.9	73.9	0	.700000000000003	0	0	0
214	-2	6	64.4	65.7	0	.700000000000003	0	0	0
214	-1	7	98.1	94.1	1	4	1	2	76.29
215	2	-3	86.8	80.9	 	 	 	 	 
215	4	-2	85.8	82	 	 	 	 	 
215	6	-1	72.5	71.9	 	 	 	 	 
215	0	0	72.5	71.9	 	 	 	 	 
215	-6	1	85.8	82	0	.400000000000006	0	0	0
215	-5	2	85.8	82	0	.5	0	0	0
215	3	3	88.7	78.8	0	.700000000000003	0	0	0
215	-4	4	79.2	73.9	2	1.2	1	3	67.62
215	-3	5	79.9	73.9	2	2.2	2	5	65.68
215	-2	6	64.4	65.7	0	.700000000000003	0	0	0
215	-1	7	71.8	71.8	2	5.1	2	10	61.14
216	2	-3	86.8	80.9	 	 	 	 	 
216	4	-2	85.8	82	 	 	 	 	 
216	6	-1	71.2	71.5	 	 	 	 	 
216	0	0	71.2	71.5	 	 	 	 	 
216	-6	1	85.8	82	0	.400000000000006	0	0	0
216	-5	2	85.8	82	0	.5	0	0	0
216	3	3	88.7	78.8	0	.700000000000003	0	0	0
216	-4	4	86.4	73.9	2	1.2	1	3	67.62
216	-3	5	79.9	73.9	2	2.2	2	14	55.2
216	-2	6	64.4	65.7	0	.700000000000003	0	0	0
216	-1	7	59.9	69.6	2	5.1	2	14	55.43
217	2	-3	84.1	85.4	 	 	 	 	 
217	4	-2	76.2	78.3	 	 	 	 	 
217	6	-1	85.3	80.9	 	 	 	 	 
217	0	0	85	81.3	 	 	 	 	 
217	-6	1	85.8	82	1	3	1	1	74.94
217	-5	2	76.2	78.3	1	3	1	1	74.94
217	3	3	89.9	87	1	3	1	1	74.94
217	-4	4	79.9	73.9	0	.700000000000003	0	0	0
217	-3	5	79.9	73.9	0	.700000000000003	0	0	0
217	-2	6	64.4	65.7	0	.700000000000003	0	0	0
217	-1	7	85.3	80.9	1	4	1	2	70.92
218	2	-3	78.7	79.3	 	 	 	 	 
218	4	-2	85.8	82	 	 	 	 	 
218	6	-1	66.8	71.4	 	 	 	 	 
218	0	0	67.3	71.6	 	 	 	 	 
218	-6	1	85.8	82	3.1	1.1	1	7	60.57
218	-5	2	85.8	82	3.1	2.1	4	13	63.07
218	3	3	77.4	78.8	3.1	12	4	13	56.06
218	-4	4	79.9	73.9	2	1.2	1	4	66.11
218	-3	5	79.9	73.9	2	2.2	2	8	62.19
218	-2	6	64.4	65.7	3.1	5.2	2	12	56.95
218	-1	7	66.8	71.4	3.1	6	2	6	61.85
219	2	-3	88.1	78.8	 	 	 	 	 
219	4	-2	85.8	82	 	 	 	 	 
219	6	-1	64	66.6	 	 	 	 	 
219	0	0	64	66.6	 	 	 	 	 
219	-6	1	85.8	82	2	5.1	1	1	65.25
219	-5	2	85.8	82	2	5.1	1	1	65.25
219	3	3	88.7	78.8	2	5.1	1	1	69.56
219	-4	4	79.9	73.9	0	.5	0	0	0
219	-3	5	79.9	73.9	2	2.2	2	8	62.19
219	-2	6	64.4	65.7	2	5.1	2	6	64.05
219	-1	7	64	66.6	2	5.1	2	6	64.05
220	2	-3	88.2	79.9	 	 	 	 	 
220	4	-2	85.8	82	 	 	 	 	 
220	6	-1	66.7	72.3	 	 	 	 	 
220	0	0	66.8	72.3	 	 	 	 	 
220	-6	1	85.8	82	2	5.1	1	1	65.25
220	-5	2	85.8	82	2	5.1	1	1	65.25
220	3	3	88.7	78.8	2	5.1	1	1	69.56
220	-4	4	79.2	73.9	2	1.2	1	4	66.11
220	-3	5	79.9	73.9	2	2.2	2	8	62.19
220	-2	6	67.8	65.7	2	5.1	2	6	64.05
220	-1	7	66.5	72.3	2	5.1	2	6	64.05
221	2	-3	53.9	57.4	 	 	 	 	 
221	4	-2	53.9	58.3	 	 	 	 	 
221	6	-1	53.9	37.6	 	 	 	 	 
221	0	0	53.9	37.6	 	 	 	 	 
221	-6	1	53.9	58.3	0	16	1	3	67.17
221	-5	2	53.9	58.3	0	16	1	3	67.17
221	3	3	53.9	55.7	0	16	6	22	38.68
221	-4	4	53.9	53.8	0	16	1	3	67.17
221	-3	5	53.9	53.8	0	16	1	3	67.17
221	-2	6	53.9	43.6	0	16	5	17	49.26
221	-1	7	53.9	36.5	0	16	6	22	38.68
222	2	-3	53.9	57.4	 	 	 	 	 
222	4	-2	53.9	58.3	 	 	 	 	 
222	6	-1	53.9	37.5	 	 	 	 	 
222	0	0	53.9	37.5	 	 	 	 	 
222	-6	1	53.9	58.3	0	16	1	3	67.17
222	-5	2	53.9	58.3	0	16	1	3	67.17
222	3	3	53.9	55.7	0	16	6	22	38.68
222	-4	4	53.9	53.8	0	16	1	3	67.17
222	-3	5	53.9	53.8	0	16	1	3	67.17
222	-2	6	53.9	43.6	0	16	5	17	49.26
222	-1	7	53.9	36.5	0	16	6	22	38.68
