ISCO	STDEMPST	SEEMPST	MCAMSIS	FCAMSIS	ISEI	TREI
0	0	0	58.9	61.2	-999	-999
0	2	4	65.7	61.2	-999	-999
0	6	2	58.88	61.2	-999	-999
1	0	0	56.65	51.86	-999	-999
1	2	4	49.25	43.37	-999	-999
1	6	2	63.01	57.14	-999	-999
2	0	0	65.09	67.18	-999	-999
2	2	4	72.54	75.06	-999	-999
2	6	2	64.83	66.96	-999	-999
3	0	0	61.41	60.78	-999	-999
3	2	4	67.45	71.77	-999	-999
3	6	2	61.14	60.47	-999	-999
4	0	0	53.4	53.77	-999	-999
4	2	4	56.76	64.38	-999	-999
4	6	2	53.34	53.44	-999	-999
5	0	0	54	41.04	-999	-999
5	2	4	48.33	47.62	-999	-999
5	6	2	54.17	40.83	-999	-999
6	0	0	37.85	33.78	-999	-999
6	2	4	40.92	46.86	-999	-999
6	6	2	37.22	31.37	-999	-999
7	0	0	37.22	30.55	-999	-999
7	2	4	43.42	54.08	-999	-999
7	6	2	36.65	29.42	-999	-999
8	0	0	34.29	27.61	-999	-999
8	2	4	40.74	44.72	-999	-999
8	6	2	33.58	26.62	-999	-999
9	0	0	39.02	29.68	-999	-999
9	2	4	47.58	47.25	-999	-999
9	6	2	38.72	29.17	-999	-999
10	0	0	56.65	51.86	-999	-999
10	2	4	49.25	43.37	-999	-999
10	6	2	63.01	57.14	-999	-999
11	0	0	75.85	69.35	-999	-999
11	2	4	78.75	79.68	-999	-999
11	6	2	75.83	69.27	-999	-999
12	0	0	64.37	54.55	-999	-999
12	2	4	58.88	56.61	-999	-999
12	6	2	64.71	54.49	-999	-999
13	0	0	52.62	45.41	-999	-999
13	2	4	49	42.86	-999	-999
13	6	2	58.18	55.52	-999	-999
20	0	0	65.09	67.18	-999	-999
20	2	4	72.54	75.06	-999	-999
20	6	2	64.83	66.96	-999	-999
21	0	0	59.79	63.25	-999	-999
21	2	4	65.61	75.93	-999	-999
21	6	2	59.66	62.98	-999	-999
22	0	0	94.06	74.11	-999	-999
22	2	4	90.93	83.65	-999	-999
22	6	2	94.26	73.86	-999	-999
23	0	0	62.75	68.61	-999	-999
23	2	4	67.4	76.93	-999	-999
23	6	2	62.62	68.5	-999	-999
24	0	0	70.86	64.58	-999	-999
24	2	4	75.33	73.09	-999	-999
24	6	2	70.59	64.18	-999	-999
30	0	0	61.41	60.78	-999	-999
30	2	4	67.45	71.77	-999	-999
30	6	2	61.14	60.47	-999	-999
31	0	0	58.25	53.23	-999	-999
31	2	4	69.85	61.68	-999	-999
31	6	2	57.8	53.03	-999	-999
32	0	0	60.91	62.44	-999	-999
32	2	4	67.2	74.33	-999	-999
32	6	2	60.46	62.14	-999	-999
33	0	0	61.41	60.78	-999	-999
33	2	4	67.45	71.77	-999	-999
33	6	2	61.14	60.47	-999	-999
34	0	0	63.74	62.1	-999	-999
34	2	4	66.02	72.38	-999	-999
34	6	2	63.64	61.73	-999	-999
40	0	0	53.4	53.77	-999	-999
40	2	4	56.76	64.38	-999	-999
40	6	2	53.34	53.44	-999	-999
41	0	0	52.95	53.6	-999	-999
41	2	4	54.3	64.6	-999	-999
41	6	2	52.94	53.26	-999	-999
42	0	0	61.99	59.94	-999	-999
42	2	4	61.38	59.22	-999	-999
42	6	2	62.07	59.98	-999	-999
50	0	0	54	41.04	-999	-999
50	2	4	48.33	47.62	-999	-999
50	6	2	54.17	40.83	-999	-999
51	0	0	49.79	40.41	-999	-999
51	2	4	45.61	47.96	-999	-999
51	6	2	50.02	40.13	-999	-999
52	0	0	56.84	43.46	-999	-999
52	2	4	56.2	40.9	-999	-999
52	6	2	56.85	43.48	-999	-999
60	0	0	37.85	33.78	-999	-999
60	2	4	40.92	46.86	-999	-999
60	6	2	37.22	31.37	-999	-999
61	0	0	37.85	33.78	-999	-999
61	2	4	40.92	46.86	-999	-999
61	6	2	37.22	31.37	-999	-999
62	0	0	37.85	33.78	-999	-999
62	2	4	40.92	46.86	-999	-999
62	6	2	37.22	31.37	-999	-999
70	0	0	37.22	30.55	-999	-999
70	2	4	43.42	54.08	-999	-999
70	6	2	36.65	29.42	-999	-999
71	0	0	37.53	24.64	-999	-999
71	2	4	42.64	43	-999	-999
71	6	2	36.92	22.29	-999	-999
72	0	0	36.78	30.36	-999	-999
72	2	4	43.06	55.5	-999	-999
72	6	2	36.37	29.88	-999	-999
73	0	0	43.72	36.58	-999	-999
73	2	4	55.5	66.69	-999	-999
73	6	2	42.43	35.08	-999	-999
74	0	0	34.4	28.82	-999	-999
74	2	4	42.3	52.03	-999	-999
74	6	2	33.23	26.85	-999	-999
75	0	0	37.22	30.55	-999	-999
75	2	4	43.42	54.08	-999	-999
75	6	2	36.65	29.42	-999	-999
80	0	0	34.29	27.61	-999	-999
80	2	4	40.74	44.72	-999	-999
80	6	2	33.58	26.62	-999	-999
81	0	0	32.42	24.03	-999	-999
81	2	4	45.94	41.6	-999	-999
81	6	2	32.05	23.61	-999	-999
82	0	0	34.72	26.53	-999	-999
82	2	4	46.08	57.03	-999	-999
82	6	2	34.34	25.93	-999	-999
83	0	0	34.74	34.04	-999	-999
83	2	4	39.79	41.54	-999	-999
83	6	2	33.74	32.35	-999	-999
84	0	0	34.29	27.61	-999	-999
84	2	4	40.74	44.72	-999	-999
84	6	2	33.58	26.62	-999	-999
90	0	0	39.02	29.68	-999	-999
90	2	4	47.58	47.25	-999	-999
90	6	2	38.72	29.17	-999	-999
91	0	0	42.34	30.62	-999	-999
91	2	4	48.98	47.88	-999	-999
91	6	2	42	30.06	-999	-999
92	0	0	39.02	29.68	-999	-999
92	2	4	47.58	47.25	-999	-999
92	6	2	38.72	29.17	-999	-999
93	0	0	33.92	25.7	-999	-999
93	2	4	38.77	40.69	-999	-999
93	6	2	33.86	25.51	-999	-999
99	0	0	39.02	29.68	-999	-999
99	2	4	47.58	47.25	-999	-999
99	6	2	38.72	29.17	-999	-999
100	0	0	56.65	51.86	-999	-999
100	2	4	49.25	43.37	-999	-999
100	6	2	63.01	57.14	-999	-999
110	0	0	58.9	61.2	-999	-999
110	2	4	65.7	61.2	-999	-999
110	6	2	58.88	61.2	-999	-999
111	0	0	75.85	69.35	-999	-999
111	2	4	78.75	79.68	-999	-999
111	6	2	75.83	69.27	-999	-999
112	0	0	75.85	69.35	-999	-999
112	2	4	78.75	79.68	-999	-999
112	6	2	75.83	69.27	-999	-999
113	0	0	75.85	69.35	-999	-999
113	2	4	78.75	79.68	-999	-999
113	6	2	75.83	69.27	-999	-999
114	0	0	75.85	69.35	-999	-999
114	2	4	78.75	79.68	-999	-999
114	6	2	75.83	69.27	-999	-999
120	0	0	64.37	54.55	-999	-999
120	2	4	58.88	56.61	-999	-999
120	6	2	64.71	54.49	-999	-999
121	0	0	67.2	78.18	-999	-999
121	2	4	82.9	89.6	-999	-999
121	6	2	67	78.1	-999	-999
122	0	0	60	50.43	-999	-999
122	2	4	54.79	54.34	-999	-999
122	6	2	60.55	50.31	-999	-999
123	0	0	76.07	77.15	-999	-999
123	2	4	88.5	84.1	-999	-999
123	6	2	75.7	77	-999	-999
124	0	0	64.37	54.55	-999	-999
124	2	4	58.88	56.61	-999	-999
124	6	2	64.71	54.49	-999	-999
125	0	0	64.37	54.55	-999	-999
125	2	4	58.88	56.61	-999	-999
125	6	2	64.71	54.49	-999	-999
130	0	0	52.62	45.41	-999	-999
130	2	4	49	42.86	-999	-999
130	6	2	58.18	55.52	-999	-999
131	0	0	52.62	45.41	-999	-999
131	2	4	49	42.86	-999	-999
131	6	2	58.18	55.52	-999	-999
200	0	0	65.09	67.18	-999	-999
200	2	4	72.54	75.06	-999	-999
200	6	2	64.83	66.96	-999	-999
210	0	0	59.79	63.25	-999	-999
210	2	4	65.61	75.93	-999	-999
210	6	2	59.66	62.98	-999	-999
211	0	0	79.09	74.36	-999	-999
211	2	4	81.4	93	-999	-999
211	6	2	79.05	74.15	-999	-999
212	0	0	86.68	82.32	-999	-999
212	2	4	74.1	74	-999	-999
212	6	2	86.9	82.4	-999	-999
213	0	0	70.56	68.39	-999	-999
213	2	4	77.9	79.8	-999	-999
213	6	2	70.4	68.2	-999	-999
214	0	0	57.18	57.89	-999	-999
214	2	4	63.12	73.01	-999	-999
214	6	2	57.05	57.5	-999	-999
220	0	0	94.06	74.11	-999	-999
220	2	4	90.93	83.65	-999	-999
220	6	2	94.26	73.86	-999	-999
221	0	0	95.13	86.49	-999	-999
221	2	4	81.4	93	-999	-999
221	6	2	95.5	86.4	-999	-999
222	0	0	94.56	74.03	-999	-999
222	2	4	91.51	83.72	-999	-999
222	6	2	94.75	73.77	-999	-999
223	0	0	69.06	68.56	-999	-999
223	2	4	60.8	74.3	-999	-999
223	6	2	69.4	68.5	-999	-999
230	0	0	62.75	68.61	-999	-999
230	2	4	67.4	76.93	-999	-999
230	6	2	62.62	68.5	-999	-999
231	0	0	80.47	88.89	-999	-999
231	2	4	91.8	99	-999	-999
231	6	2	80.1	88.7	-999	-999
232	0	0	63.33	66.99	-999	-999
232	2	4	72.53	78.21	-999	-999
232	6	2	63.19	66.85	-999	-999
233	0	0	59.26	72.18	-999	-999
233	2	4	55.1	81.1	-999	-999
233	6	2	59.3	72.1	-999	-999
234	0	0	62.75	68.61	-999	-999
234	2	4	67.4	76.93	-999	-999
234	6	2	62.62	68.5	-999	-999
235	0	0	52.25	64.12	-999	-999
235	2	4	56.48	69.22	-999	-999
235	6	2	51.99	63.99	-999	-999
240	0	0	70.86	64.58	-999	-999
240	2	4	75.33	73.09	-999	-999
240	6	2	70.59	64.18	-999	-999
241	0	0	67.27	59.18	-999	-999
241	2	4	66.43	62.57	-999	-999
241	6	2	67.29	59.05	-999	-999
242	0	0	86.92	82.65	-999	-999
242	2	4	85.16	86.93	-999	-999
242	6	2	87.14	82.41	-999	-999
243	0	0	72.51	71.1	-999	-999
243	2	4	81.62	76.71	-999	-999
243	6	2	72.31	70.97	-999	-999
244	0	0	75.53	69.92	-999	-999
244	2	4	79	83.01	-999	-999
244	6	2	75.34	69.42	-999	-999
245	0	0	71.64	73.13	-999	-999
245	2	4	77.31	81.86	-999	-999
245	6	2	70.59	71.81	-999	-999
246	0	0	68.69	75.29	-999	-999
246	2	4	60.5	62.5	-999	-999
246	6	2	68.8	75.4	-999	-999
247	0	0	70.86	64.58	-999	-999
247	2	4	75.33	73.09	-999	-999
247	6	2	70.59	64.18	-999	-999
300	0	0	61.41	60.78	-999	-999
300	2	4	67.45	71.77	-999	-999
300	6	2	61.14	60.47	-999	-999
310	0	0	58.25	53.23	-999	-999
310	2	4	69.85	61.68	-999	-999
310	6	2	57.8	53.03	-999	-999
311	0	0	56.67	60.78	-999	-999
311	2	4	71.19	69.67	-999	-999
311	6	2	56.31	60.43	-999	-999
312	0	0	54.94	46.3	-999	-999
312	2	4	53.6	57.3	-999	-999
312	6	2	54.95	46.12	-999	-999
313	0	0	63.5	52.76	-999	-999
313	2	4	72.5	59.03	-999	-999
313	6	2	61.63	52.59	-999	-999
314	0	0	60.89	66.21	-999	-999
314	2	4	54.63	68.05	-999	-999
314	6	2	61.05	66.2	-999	-999
315	0	0	64.55	58.61	-999	-999
315	2	4	66.2	73.84	-999	-999
315	6	2	64.53	58.34	-999	-999
320	0	0	60.91	62.44	-999	-999
320	2	4	67.2	74.33	-999	-999
320	6	2	60.46	62.14	-999	-999
321	0	0	57.8	59.94	-999	-999
321	2	4	65.45	71.19	-999	-999
321	6	2	57.32	59.67	-999	-999
322	0	0	62.13	60	-999	-999
322	2	4	69.11	75.46	-999	-999
322	6	2	60.68	59.26	-999	-999
323	0	0	65.99	64.31	-999	-999
323	2	4	60.8	73.92	-999	-999
323	6	2	66.01	64.17	-999	-999
324	0	0	60.91	62.44	-999	-999
324	2	4	67.2	74.33	-999	-999
324	6	2	60.46	62.14	-999	-999
330	0	0	61.41	60.78	-999	-999
330	2	4	67.45	71.77	-999	-999
330	6	2	61.14	60.47	-999	-999
331	0	0	61.41	60.78	-999	-999
331	2	4	67.45	71.77	-999	-999
331	6	2	61.14	60.47	-999	-999
332	0	0	61.41	60.78	-999	-999
332	2	4	67.45	71.77	-999	-999
332	6	2	61.14	60.47	-999	-999
333	0	0	61.41	60.78	-999	-999
333	2	4	67.45	71.77	-999	-999
333	6	2	61.14	60.47	-999	-999
334	0	0	61.41	60.78	-999	-999
334	2	4	67.45	71.77	-999	-999
334	6	2	61.14	60.47	-999	-999
340	0	0	63.74	62.1	-999	-999
340	2	4	66.02	72.38	-999	-999
340	6	2	63.64	61.73	-999	-999
341	0	0	60.81	58.51	-999	-999
341	2	4	60.9	66.68	-999	-999
341	6	2	60.81	58.35	-999	-999
342	0	0	56.95	58.18	-999	-999
342	2	4	55.49	65.34	-999	-999
342	6	2	56.96	58.13	-999	-999
343	0	0	59.65	67.06	-999	-999
343	2	4	66.7	71.9	-999	-999
343	6	2	59.6	67	-999	-999
344	0	0	70.16	68.03	-999	-999
344	2	4	75.42	74.96	-999	-999
344	6	2	70.13	68	-999	-999
345	0	0	63.74	62.1	-999	-999
345	2	4	66.02	72.38	-999	-999
345	6	2	63.64	61.73	-999	-999
346	0	0	56.35	67.39	-999	-999
346	2	4	63.1	87.6	-999	-999
346	6	2	56	65.8	-999	-999
347	0	0	70.46	69.2	-999	-999
347	2	4	69.72	75.06	-999	-999
347	6	2	70.54	68.34	-999	-999
348	0	0	67.18	59.16	-999	-999
348	2	4	60.5	62.5	-999	-999
348	6	2	67.2	59.1	-999	-999
400	0	0	53.4	53.77	-999	-999
400	2	4	56.76	64.38	-999	-999
400	6	2	53.34	53.44	-999	-999
410	0	0	52.95	53.6	-999	-999
410	2	4	54.3	64.6	-999	-999
410	6	2	52.94	53.26	-999	-999
411	0	0	69.95	62.74	-999	-999
411	2	4	60.9	74.04	-999	-999
411	6	2	70.16	62.47	-999	-999
412	0	0	64.36	59.3	-999	-999
412	2	4	53.6	57.33	-999	-999
412	6	2	64.4	59.32	-999	-999
413	0	0	46.91	44.25	-999	-999
413	2	4	53.7	43.3	-999	-999
413	6	2	46.81	44.3	-999	-999
414	0	0	47.88	44.48	-999	-999
414	2	4	44.07	50.62	-999	-999
414	6	2	47.92	44.41	-999	-999
419	0	0	49.82	49.81	-999	-999
419	2	4	62.22	63.17	-999	-999
419	6	2	49.63	49.25	-999	-999
420	0	0	61.99	59.94	-999	-999
420	2	4	61.38	59.22	-999	-999
420	6	2	62.07	59.98	-999	-999
421	0	0	61.99	59.94	-999	-999
421	2	4	61.38	59.22	-999	-999
421	6	2	62.07	59.98	-999	-999
422	0	0	61.99	59.94	-999	-999
422	2	4	61.38	59.22	-999	-999
422	6	2	62.07	59.98	-999	-999
500	0	0	54	41.04	-999	-999
500	2	4	48.33	47.62	-999	-999
500	6	2	54.17	40.83	-999	-999
510	0	0	49.79	40.41	-999	-999
510	2	4	45.61	47.96	-999	-999
510	6	2	50.02	40.13	-999	-999
511	0	0	42.84	60.71	-999	-999
511	2	4	44.76	50.96	-999	-999
511	6	2	42.83	60.79	-999	-999
512	0	0	44.05	37.66	-999	-999
512	2	4	40.94	42.36	-999	-999
512	6	2	44.45	37.49	-999	-999
513	0	0	50.74	40.29	-999	-999
513	2	4	58.32	48.79	-999	-999
513	6	2	50.66	40.19	-999	-999
514	0	0	48.39	47.86	-999	-999
514	2	4	47.07	49.11	-999	-999
514	6	2	49.59	46.18	-999	-999
515	0	0	49.79	40.41	-999	-999
515	2	4	45.61	47.96	-999	-999
515	6	2	50.02	40.13	-999	-999
516	0	0	53.06	47.28	-999	-999
516	2	4	50.98	53.01	-999	-999
516	6	2	53.08	47.25	-999	-999
520	0	0	56.84	43.46	-999	-999
520	2	4	56.2	40.9	-999	-999
520	6	2	56.85	43.48	-999	-999
521	0	0	56.84	43.46	-999	-999
521	2	4	56.2	40.9	-999	-999
521	6	2	56.85	43.48	-999	-999
522	0	0	56.84	43.46	-999	-999
522	2	4	56.2	40.9	-999	-999
522	6	2	56.85	43.48	-999	-999
523	0	0	56.84	43.46	-999	-999
523	2	4	56.2	40.9	-999	-999
523	6	2	56.85	43.48	-999	-999
600	0	0	37.85	33.78	-999	-999
600	2	4	40.92	46.86	-999	-999
600	6	2	37.22	31.37	-999	-999
610	0	0	37.85	33.78	-999	-999
610	2	4	40.92	46.86	-999	-999
610	6	2	37.22	31.37	-999	-999
611	0	0	37.23	36.77	-999	-999
611	2	4	48.04	49.56	-999	-999
611	6	2	35.56	33.87	-999	-999
612	0	0	37.02	29.1	-999	-999
612	2	4	47.01	42.36	-999	-999
612	6	2	35.47	27.37	-999	-999
613	0	0	53.81	52.14	-999	-999
613	2	4	49.71	39.1	-999	-999
613	6	2	54.05	54.54	-999	-999
614	0	0	32.2	22.88	-999	-999
614	2	4	36.2	41.4	-999	-999
614	6	2	31.41	22.28	-999	-999
615	0	0	38.32	34.01	-999	-999
615	2	4	36.76	39.29	-999	-999
615	6	2	42.68	27.27	-999	-999
620	0	0	37.85	33.78	-999	-999
620	2	4	40.92	46.86	-999	-999
620	6	2	37.22	31.37	-999	-999
621	0	0	37.85	33.78	-999	-999
621	2	4	40.92	46.86	-999	-999
621	6	2	37.22	31.37	-999	-999
700	0	0	37.22	30.55	-999	-999
700	2	4	43.42	54.08	-999	-999
700	6	2	36.65	29.42	-999	-999
710	0	0	37.53	24.64	-999	-999
710	2	4	42.64	43	-999	-999
710	6	2	36.92	22.29	-999	-999
711	0	0	30.05	28.16	-999	-999
711	2	4	37.32	52.03	-999	-999
711	6	2	29.66	27.11	-999	-999
712	0	0	37.27	33.42	-999	-999
712	2	4	43.4	49.8	-999	-999
712	6	2	36.63	28.95	-999	-999
713	0	0	39.83	41.24	-999	-999
713	2	4	43.6	44.67	-999	-999
713	6	2	39.34	40.37	-999	-999
714	0	0	37.51	15.91	-999	-999
714	2	4	40.21	32.4	-999	-999
714	6	2	36.99	14.83	-999	-999
720	0	0	36.78	30.36	-999	-999
720	2	4	43.06	55.5	-999	-999
720	6	2	36.37	29.88	-999	-999
721	0	0	32.28	26.29	-999	-999
721	2	4	41.61	51.93	-999	-999
721	6	2	31.66	25.5	-999	-999
722	0	0	33.95	21.72	-999	-999
722	2	4	44.19	58.49	-999	-999
722	6	2	32.8	19.66	-999	-999
723	0	0	35.26	31.79	-999	-999
723	2	4	40.35	52.1	-999	-999
723	6	2	34.88	31.57	-999	-999
724	0	0	43.2	34.32	-999	-999
724	2	4	49.27	64.24	-999	-999
724	6	2	42.89	34.01	-999	-999
730	0	0	43.72	36.58	-999	-999
730	2	4	55.5	66.69	-999	-999
730	6	2	42.43	35.08	-999	-999
731	0	0	49.09	41.65	-999	-999
731	2	4	57.48	68.32	-999	-999
731	6	2	47.8	39.25	-999	-999
732	0	0	29.6	27.2	-999	-999
732	2	4	60.25	55.56	-999	-999
732	6	2	27.8	24.57	-999	-999
733	0	0	38.75	27.16	-999	-999
733	2	4	52.28	66.74	-999	-999
733	6	2	36.73	24.42	-999	-999
734	0	0	46.95	40.29	-999	-999
734	2	4	55.03	72.06	-999	-999
734	6	2	46.67	39.53	-999	-999
740	0	0	34.4	28.82	-999	-999
740	2	4	42.3	52.03	-999	-999
740	6	2	33.23	26.85	-999	-999
741	0	0	36.2	29.54	-999	-999
741	2	4	40.99	46.11	-999	-999
741	6	2	35.48	28.06	-999	-999
742	0	0	31.05	21	-999	-999
742	2	4	42.8	39.8	-999	-999
742	6	2	30.2	20.4	-999	-999
743	0	0	38.38	29.71	-999	-999
743	2	4	46.5	55.17	-999	-999
743	6	2	36.17	27.44	-999	-999
744	0	0	32.14	26.21	-999	-999
744	2	4	36.94	44.2	-999	-999
744	6	2	28.35	23.82	-999	-999
750	0	0	37.22	30.55	-999	-999
750	2	4	43.42	54.08	-999	-999
750	6	2	36.65	29.42	-999	-999
751	0	0	37.22	30.55	-999	-999
751	2	4	43.42	54.08	-999	-999
751	6	2	36.65	29.42	-999	-999
752	0	0	37.22	30.55	-999	-999
752	2	4	43.42	54.08	-999	-999
752	6	2	36.65	29.42	-999	-999
753	0	0	37.22	30.55	-999	-999
753	2	4	43.42	54.08	-999	-999
753	6	2	36.65	29.42	-999	-999
800	0	0	34.29	27.61	-999	-999
800	2	4	40.74	44.72	-999	-999
800	6	2	33.58	26.62	-999	-999
810	0	0	32.42	24.03	-999	-999
810	2	4	45.94	41.6	-999	-999
810	6	2	32.05	23.61	-999	-999
811	0	0	38.09	27.8	-999	-999
811	2	4	48.3	27.8	-999	-999
811	6	2	36.7	27.8	-999	-999
812	0	0	26.31	22.3	-999	-999
812	2	4	35.7	52.1	-999	-999
812	6	2	26.27	22.18	-999	-999
813	0	0	27.87	20.68	-999	-999
813	2	4	55.5	46.9	-999	-999
813	6	2	26.87	19.8	-999	-999
814	0	0	29.89	21.27	-999	-999
814	2	4	45.72	40.25	-999	-999
814	6	2	29.14	20.55	-999	-999
815	0	0	33.31	30.02	-999	-999
815	2	4	57.4	48.4	-999	-999
815	6	2	33	29.9	-999	-999
816	0	0	43.95	48.35	-999	-999
816	2	4	37.8	37.3	-999	-999
816	6	2	44	48.7	-999	-999
817	0	0	32.42	24.03	-999	-999
817	2	4	45.94	41.6	-999	-999
817	6	2	32.05	23.61	-999	-999
820	0	0	34.72	26.53	-999	-999
820	2	4	46.08	57.03	-999	-999
820	6	2	34.34	25.93	-999	-999
821	0	0	31.4	26.09	-999	-999
821	2	4	37.1	52.1	-999	-999
821	6	2	31.3	25.7	-999	-999
822	0	0	35.95	38.95	-999	-999
822	2	4	46.57	70.25	-999	-999
822	6	2	35.47	37.86	-999	-999
823	0	0	30.88	21.16	-999	-999
823	2	4	48.69	48.4	-999	-999
823	6	2	29.93	20.8	-999	-999
824	0	0	23.7	20.16	-999	-999
824	2	4	42.6	39.8	-999	-999
824	6	2	23.4	20	-999	-999
825	0	0	42.45	35.3	-999	-999
825	2	4	51.34	69.08	-999	-999
825	6	2	42.11	34.22	-999	-999
826	0	0	30.18	25.95	-999	-999
826	2	4	45.36	48.03	-999	-999
826	6	2	29.15	25.11	-999	-999
827	0	0	32.27	25.66	-999	-999
827	2	4	42.35	47.46	-999	-999
827	6	2	31.92	25.12	-999	-999
828	0	0	40.38	23.35	-999	-999
828	2	4	48.81	54.5	-999	-999
828	6	2	39.87	23.02	-999	-999
829	0	0	34.72	26.53	-999	-999
829	2	4	46.08	57.03	-999	-999
829	6	2	34.34	25.93	-999	-999
830	0	0	34.74	34.04	-999	-999
830	2	4	39.79	41.54	-999	-999
830	6	2	33.74	32.35	-999	-999
831	0	0	47.71	44.64	-999	-999
831	2	4	44.55	41.54	-999	-999
831	6	2	47.72	44.64	-999	-999
832	0	0	36.16	38.94	-999	-999
832	2	4	40.28	41.7	-999	-999
832	6	2	35.19	38.02	-999	-999
833	0	0	29.85	20.49	-999	-999
833	2	4	38.25	36.77	-999	-999
833	6	2	28.52	20.12	-999	-999
834	0	0	36.19	31	-999	-999
834	2	4	35.5	41.54	-999	-999
834	6	2	36.21	31	-999	-999
840	0	0	34.29	27.61	-999	-999
840	2	4	40.74	44.72	-999	-999
840	6	2	33.58	26.62	-999	-999
900	0	0	39.02	29.68	-999	-999
900	2	4	47.58	47.25	-999	-999
900	6	2	38.72	29.17	-999	-999
910	0	0	42.34	30.62	-999	-999
910	2	4	48.98	47.88	-999	-999
910	6	2	42	30.06	-999	-999
911	0	0	42.34	30.62	-999	-999
911	2	4	48.98	47.88	-999	-999
911	6	2	42	30.06	-999	-999
912	0	0	42.34	30.62	-999	-999
912	2	4	48.98	47.88	-999	-999
912	6	2	42	30.06	-999	-999
913	0	0	41.77	28.74	-999	-999
913	2	4	50.05	47.55	-999	-999
913	6	2	40.53	28.11	-999	-999
914	0	0	43.45	36.41	-999	-999
914	2	4	49.1	40	-999	-999
914	6	2	43.33	36.23	-999	-999
915	0	0	39.72	51.85	-999	-999
915	2	4	41.11	62.35	-999	-999
915	6	2	39.68	51.64	-999	-999
916	0	0	37.84	41.8	-999	-999
916	2	4	51.1	51.7	-999	-999
916	6	2	35.3	35.2	-999	-999
920	0	0	39.02	29.68	-999	-999
920	2	4	47.58	47.25	-999	-999
920	6	2	38.72	29.17	-999	-999
921	0	0	39.02	29.68	-999	-999
921	2	4	47.58	47.25	-999	-999
921	6	2	38.72	29.17	-999	-999
930	0	0	33.92	25.7	-999	-999
930	2	4	38.77	40.69	-999	-999
930	6	2	33.86	25.51	-999	-999
931	0	0	33.92	25.7	-999	-999
931	2	4	38.77	40.69	-999	-999
931	6	2	33.86	25.51	-999	-999
932	0	0	28.01	21.69	-999	-999
932	2	4	44.68	41.07	-999	-999
932	6	2	27.72	21.43	-999	-999
933	0	0	34.84	31.61	-999	-999
933	2	4	37.39	40.08	-999	-999
933	6	2	34.81	31.51	-999	-999
990	0	0	39.02	29.68	-999	-999
990	2	4	47.58	47.25	-999	-999
990	6	2	38.72	29.17	-999	-999
999	0	0	39.02	29.68	-999	-999
999	2	4	47.58	47.25	-999	-999
999	6	2	38.72	29.17	-999	-999
1000	0	0	56.65	51.86	55	51
1000	2	4	49.25	43.37	55	51
1000	6	2	63.01	57.14	55	51
1100	0	0	75.85	69.35	70	67
1100	2	4	78.75	79.68	70	67
1100	6	2	75.83	69.27	70	67
1110	0	0	75.85	69.35	77	64
1110	2	4	78.75	79.68	77	64
1110	6	2	75.83	69.27	77	64
1120	0	0	75.85	69.35	77	71
1120	2	4	78.75	79.68	77	71
1120	6	2	75.83	69.27	77	71
1130	0	0	75.85	69.35	66	63
1130	2	4	78.75	79.68	66	63
1130	6	2	75.83	69.27	66	63
1140	0	0	75.85	69.35	58	63
1140	2	4	78.75	79.68	58	63
1140	6	2	75.83	69.27	58	63
1141	0	0	75.85	69.35	58	63
1141	2	4	78.75	79.68	58	63
1141	6	2	75.83	69.27	58	63
1142	0	0	75.85	69.35	58	63
1142	2	4	78.75	79.68	58	63
1142	6	2	75.83	69.27	58	63
1143	0	0	75.85	69.35	58	63
1143	2	4	78.75	79.68	58	63
1143	6	2	75.83	69.27	58	63
1200	0	0	64.37	54.55	68	60
1200	2	4	58.88	56.61	68	60
1200	6	2	64.71	54.49	68	60
1210	0	0	67.2	78.18	70	70
1210	2	4	82.9	89.6	70	70
1210	6	2	67	78.1	70	70
1220	0	0	60	50.43	67	63
1220	2	4	54.79	54.34	67	63
1220	6	2	60.55	50.31	67	63
1221	0	0	60	50.43	67	60
1221	2	4	54.79	54.34	67	60
1221	6	2	60.55	50.31	67	60
1222	0	0	60	50.43	67	60
1222	2	4	54.79	54.34	67	60
1222	6	2	60.55	50.31	67	60
1223	0	0	60	50.43	67	60
1223	2	4	54.79	54.34	67	60
1223	6	2	60.55	50.31	67	60
1224	0	0	60	50.43	59	60
1224	2	4	54.79	54.34	59	60
1224	6	2	60.55	50.31	59	60
1225	0	0	53.75	54.27	59	60
1225	2	4	51.9	54.8	59	60
1225	6	2	54.5	54.2	59	60
1226	0	0	60	50.43	59	60
1226	2	4	54.79	54.34	59	60
1226	6	2	60.55	50.31	59	60
1227	0	0	60	50.43	87	60
1227	2	4	54.79	54.34	87	60
1227	6	2	60.55	50.31	87	60
1228	0	0	60.84	49.2	59	60
1228	2	4	59.86	52.91	59	60
1228	6	2	60.85	49.16	59	60
1229	0	0	80.53	85.1	67	60
1229	2	4	89.2	85.1	67	60
1229	6	2	79.6	85.1	67	60
1230	0	0	76.07	77.15	61	60
1230	2	4	88.5	84.1	61	60
1230	6	2	75.7	77	61	60
1231	0	0	76.07	77.15	69	60
1231	2	4	88.5	84.1	69	60
1231	6	2	75.7	77	69	60
1232	0	0	76.07	77.15	69	60
1232	2	4	88.5	84.1	69	60
1232	6	2	75.7	77	69	60
1233	0	0	76.07	77.15	56	60
1233	2	4	88.5	84.1	56	60
1233	6	2	75.7	77	56	60
1234	0	0	76.07	77.15	69	60
1234	2	4	88.5	84.1	69	60
1234	6	2	75.7	77	69	60
1235	0	0	76.07	77.15	69	60
1235	2	4	88.5	84.1	69	60
1235	6	2	75.7	77	69	60
1236	0	0	76.07	77.15	69	60
1236	2	4	88.5	84.1	69	60
1236	6	2	75.7	77	69	60
1237	0	0	76.07	77.15	69	60
1237	2	4	88.5	84.1	69	60
1237	6	2	75.7	77	69	60
1239	0	0	76.07	77.15	69	60
1239	2	4	88.5	84.1	69	60
1239	6	2	75.7	77	69	60
1240	0	0	64.37	54.55	58	55
1240	2	4	58.88	56.61	58	55
1240	6	2	64.71	54.49	58	55
1250	0	0	64.37	54.55	64	65
1250	2	4	58.88	56.61	64	65
1250	6	2	64.71	54.49	64	65
1251	0	0	64.37	54.55	70	73
1251	2	4	58.88	56.61	70	73
1251	6	2	64.71	54.49	70	73
1252	0	0	64.37	54.55	60	63
1252	2	4	58.88	56.61	60	63
1252	6	2	64.71	54.49	60	63
1300	0	0	52.62	45.41	51	50
1300	2	4	49	42.86	51	50
1300	6	2	58.18	55.52	51	50
1310	0	0	52.62	45.41	51	50
1310	2	4	49	42.86	51	50
1310	6	2	58.18	55.52	51	50
1311	0	0	47.46	38.81	43	47
1311	2	4	47.2	38.3	43	47
1311	6	2	50.8	46.7	43	47
1312	0	0	52.62	45.41	56	52
1312	2	4	49	42.86	56	52
1312	6	2	58.18	55.52	56	52
1313	0	0	52.62	45.41	51	52
1313	2	4	49	42.86	51	52
1313	6	2	58.18	55.52	51	52
1314	0	0	61.58	52.41	49	46
1314	2	4	54.3	50.4	49	46
1314	6	2	67	57.4	49	46
1315	0	0	52.62	45.41	44	38
1315	2	4	49	42.86	44	38
1315	6	2	58.18	55.52	44	38
1316	0	0	52.62	45.41	51	52
1316	2	4	49	42.86	51	52
1316	6	2	58.18	55.52	51	52
1317	0	0	49.05	57.57	51	52
1317	2	4	60.4	77.2	51	52
1317	6	2	48.8	56.8	51	52
1318	0	0	52.62	45.41	51	52
1318	2	4	49	42.86	51	52
1318	6	2	58.18	55.52	51	52
1319	0	0	52.62	45.41	51	52
1319	2	4	49	42.86	51	52
1319	6	2	58.18	55.52	51	52
2000	0	0	65.09	67.18	70	62
2000	2	4	72.54	75.06	70	62
2000	6	2	64.83	66.96	70	62
2100	0	0	59.79	63.25	69	63
2100	2	4	65.61	75.93	69	63
2100	6	2	59.66	62.98	69	63
2110	0	0	79.09	74.36	74	69
2110	2	4	81.4	93	74	69
2110	6	2	79.05	74.15	74	69
2111	0	0	79.09	74.36	74	75
2111	2	4	81.4	93	74	75
2111	6	2	79.05	74.15	74	75
2112	0	0	76.44	55.57	74	72
2112	2	4	81.4	93	74	72
2112	6	2	76.4	54.4	74	72
2113	0	0	78.74	75.76	74	69
2113	2	4	81.4	93	74	69
2113	6	2	78.7	75.6	74	69
2114	0	0	86.91	71.4	74	67
2114	2	4	81.4	93	74	67
2114	6	2	87.1	71.4	74	67
2120	0	0	86.68	82.32	71	56
2120	2	4	74.1	74	71	56
2120	6	2	86.9	82.4	71	56
2121	0	0	86.68	82.32	71	69
2121	2	4	74.1	74	71	69
2121	6	2	86.9	82.4	71	69
2122	0	0	86.68	82.32	71	55
2122	2	4	74.1	74	71	55
2122	6	2	86.9	82.4	71	55
2130	0	0	70.56	68.39	71	51
2130	2	4	77.9	79.8	71	51
2130	6	2	70.4	68.2	71	51
2131	0	0	70.56	68.39	71	51
2131	2	4	77.9	79.8	71	51
2131	6	2	70.4	68.2	71	51
2132	0	0	70.56	68.39	71	51
2132	2	4	77.9	79.8	71	51
2132	6	2	70.4	68.2	71	51
2139	0	0	70.56	68.39	71	51
2139	2	4	77.9	79.8	71	51
2139	6	2	70.4	68.2	71	51
2140	0	0	57.18	57.89	73	63
2140	2	4	63.12	73.01	73	63
2140	6	2	57.05	57.5	73	63
2141	0	0	62.42	70.46	69	72
2141	2	4	68.4	77.2	69	72
2141	6	2	62.2	70.1	69	72
2142	0	0	50.49	50.61	69	70
2142	2	4	62.2	75.8	69	70
2142	6	2	50.3	50.3	69	70
2143	0	0	57.59	54.6	68	65
2143	2	4	62.8	62.5	68	65
2143	6	2	57.5	54.4	68	65
2144	0	0	61.42	57.06	68	65
2144	2	4	62.9	62.5	68	65
2144	6	2	61.4	57	68	65
2145	0	0	53.66	50.01	67	66
2145	2	4	56.9	75.8	67	66
2145	6	2	53.6	49.5	67	66
2146	0	0	57.18	57.89	71	66
2146	2	4	63.12	73.01	71	66
2146	6	2	57.05	57.5	71	66
2147	0	0	57.18	57.89	67	61
2147	2	4	63.12	73.01	67	61
2147	6	2	57.05	57.5	67	61
2148	0	0	57.58	57.27	56	58
2148	2	4	56.7	66.3	56	58
2148	6	2	57.6	57.1	56	58
2149	0	0	57.18	57.89	69	56
2149	2	4	63.12	73.01	69	56
2149	6	2	57.05	57.5	69	56
2200	0	0	94.06	74.11	80	70
2200	2	4	90.93	83.65	80	70
2200	6	2	94.26	73.86	80	70
2210	0	0	95.13	86.49	78	62
2210	2	4	81.4	93	78	62
2210	6	2	95.5	86.4	78	62
2211	0	0	95.13	86.49	77	69
2211	2	4	81.4	93	77	69
2211	6	2	95.5	86.4	77	69
2212	0	0	95.13	86.49	77	68
2212	2	4	81.4	93	77	68
2212	6	2	95.5	86.4	77	68
2213	0	0	95.13	86.49	79	56
2213	2	4	81.4	93	79	56
2213	6	2	95.5	86.4	79	56
2220	0	0	94.56	74.03	85	73
2220	2	4	91.51	83.72	85	73
2220	6	2	94.75	73.77	85	73
2221	0	0	98.8	85.29	88	78
2221	2	4	99	91.2	88	78
2221	6	2	98.8	85.2	88	78
2222	0	0	88.74	90.29	85	70
2222	2	4	90.3	98.1	85	70
2222	6	2	88.5	89.7	85	70
2223	0	0	78.53	77.35	83	61
2223	2	4	79.8	70.6	83	61
2223	6	2	78.4	78.7	83	61
2224	0	0	81.52	75.09	74	64
2224	2	4	90.3	73.8	74	64
2224	6	2	81.5	75.1	74	64
2229	0	0	60.44	59.86	85	73
2229	2	4	44.5	70.6	85	73
2229	6	2	62	59.6	85	73
2230	0	0	69.06	68.56	43	54
2230	2	4	60.8	74.3	43	54
2230	6	2	69.4	68.5	43	54
2300	0	0	62.75	68.61	69	61
2300	2	4	67.4	76.93	69	61
2300	6	2	62.62	68.5	69	61
2310	0	0	80.47	88.89	77	78
2310	2	4	91.8	99	77	78
2310	6	2	80.1	88.7	77	78
2320	0	0	63.33	66.99	69	60
2320	2	4	72.53	78.21	69	60
2320	6	2	63.19	66.85	69	60
2321	0	0	63.33	66.99	70	60
2321	2	4	72.53	78.21	70	60
2321	6	2	63.19	66.85	70	60
2322	0	0	63.33	66.99	66	57
2322	2	4	72.53	78.21	66	57
2322	6	2	63.19	66.85	66	57
2323	0	0	63.33	66.99	-999	-999
2323	2	4	72.53	78.21	-999	-999
2323	6	2	63.19	66.85	-999	-999
2330	0	0	59.26	72.18	66	57
2330	2	4	55.1	81.1	66	57
2330	6	2	59.3	72.1	66	57
2331	0	0	59.26	72.18	66	57
2331	2	4	55.1	81.1	66	57
2331	6	2	59.3	72.1	66	57
2332	0	0	59.26	72.18	43	49
2332	2	4	55.1	81.1	43	49
2332	6	2	59.3	72.1	43	49
2340	0	0	62.75	68.61	66	62
2340	2	4	67.4	76.93	66	62
2340	6	2	62.62	68.5	66	62
2350	0	0	52.25	64.12	66	62
2350	2	4	56.48	69.22	66	62
2350	6	2	51.99	63.99	66	62
2351	0	0	52.25	64.12	70	68
2351	2	4	56.48	69.22	70	68
2351	6	2	51.99	63.99	70	68
2352	0	0	61.67	70.28	70	68
2352	2	4	74.2	88.3	70	68
2352	6	2	60.8	69.6	70	68
2359	0	0	50.62	63.31	65	62
2359	2	4	52.81	65.53	65	62
2359	6	2	50.49	63.26	65	62
2400	0	0	70.86	64.58	68	60
2400	2	4	75.33	73.09	68	60
2400	6	2	70.59	64.18	68	60
2410	0	0	67.27	59.18	69	57
2410	2	4	66.43	62.57	69	57
2410	6	2	67.29	59.05	69	57
2411	0	0	67.21	56.32	69	62
2411	2	4	67.05	61.21	69	62
2411	6	2	67.22	56.1	69	62
2412	0	0	67.61	68.39	69	56
2412	2	4	82.6	70.7	69	56
2412	6	2	67.46	68.37	69	56
2419	0	0	67.23	66.31	69	57
2419	2	4	62.6	71.9	69	57
2419	6	2	67.31	66.12	69	57
2420	0	0	86.92	82.65	85	73
2420	2	4	85.16	86.93	85	73
2420	6	2	87.14	82.41	85	73
2421	0	0	91.73	85	85	73
2421	2	4	83.9	85	85	73
2421	6	2	91.8	85	85	73
2422	0	0	86.92	82.65	90	76
2422	2	4	85.16	86.93	90	76
2422	6	2	87.14	82.41	90	76
2429	0	0	85.79	81.78	82	71
2429	2	4	85.18	86.99	82	71
2429	6	2	85.88	81.38	82	71
2430	0	0	72.51	71.1	65	54
2430	2	4	81.62	76.71	65	54
2430	6	2	72.31	70.97	65	54
2431	0	0	68.36	68.21	65	54
2431	2	4	82.5	89.2	65	54
2431	6	2	67.9	67.5	65	54
2432	0	0	77.5	71.79	65	54
2432	2	4	77.9	71.5	65	54
2432	6	2	77.5	71.8	65	54
2440	0	0	75.53	69.92	65	58
2440	2	4	79	83.01	65	58
2440	6	2	75.34	69.42	65	58
2441	0	0	74.97	71.1	78	60
2441	2	4	74.1	74	78	60
2441	6	2	75.01	70.99	78	60
2442	0	0	75.53	69.92	71	67
2442	2	4	79	83.01	71	67
2442	6	2	75.34	69.42	71	67
2443	0	0	75.53	69.92	71	67
2443	2	4	79	83.01	71	67
2443	6	2	75.34	69.42	71	67
2444	0	0	75.53	69.92	65	62
2444	2	4	79	83.01	65	62
2444	6	2	75.34	69.42	65	62
2445	0	0	88.69	92.81	71	67
2445	2	4	92.8	98.1	71	67
2445	6	2	87.9	92.1	71	67
2446	0	0	72.67	65.24	51	52
2446	2	4	71.36	74.15	51	52
2446	6	2	72.7	65.04	51	52
2450	0	0	71.64	73.13	61	57
2450	2	4	77.31	81.86	61	57
2450	6	2	70.59	71.81	61	57
2451	0	0	75.02	74.95	65	58
2451	2	4	82.88	87.31	65	58
2451	6	2	74.1	73.8	65	58
2452	0	0	69	71.32	54	57
2452	2	4	75.8	79.6	54	57
2452	6	2	66.6	69.2	54	57
2453	0	0	66.29	65.91	64	45
2453	2	4	66.2	63.7	64	45
2453	6	2	66.3	66	64	45
2454	0	0	71.64	73.13	64	40
2454	2	4	77.31	81.86	64	40
2454	6	2	70.59	71.81	64	40
2455	0	0	72.09	74.94	64	57
2455	2	4	75.61	79.83	64	57
2455	6	2	69.92	72.79	64	57
2460	0	0	68.69	75.29	53	60
2460	2	4	60.5	62.5	53	60
2460	6	2	68.8	75.4	53	60
2470	0	0	70.86	64.58	-999	-999
2470	2	4	75.33	73.09	-999	-999
2470	6	2	70.59	64.18	-999	-999
3000	0	0	61.41	60.78	54	48
3000	2	4	67.45	71.77	54	48
3000	6	2	61.14	60.47	54	48
3100	0	0	58.25	53.23	50	48
3100	2	4	69.85	61.68	50	48
3100	6	2	57.8	53.03	50	48
3110	0	0	56.67	60.78	49	47
3110	2	4	71.19	69.67	49	47
3110	6	2	56.31	60.43	49	47
3111	0	0	78.84	75.6	45	46
3111	2	4	81.4	69.67	45	46
3111	6	2	78.7	75.6	45	46
3112	0	0	56.67	60.78	45	39
3112	2	4	71.19	69.67	45	39
3112	6	2	56.31	60.43	45	39
3113	0	0	56.67	60.78	46	46
3113	2	4	71.19	69.67	46	46
3113	6	2	56.31	60.43	46	46
3114	0	0	56.67	60.78	46	46
3114	2	4	71.19	69.67	46	46
3114	6	2	56.31	60.43	46	46
3115	0	0	56.67	60.78	54	46
3115	2	4	71.19	69.67	54	46
3115	6	2	56.31	60.43	54	46
3116	0	0	53.34	61.41	54	46
3116	2	4	60.2	62.5	54	46
3116	6	2	53.3	61.4	54	46
3117	0	0	49.76	52.2	54	53
3117	2	4	77.6	69.67	54	53
3117	6	2	49.6	52.2	54	53
3118	0	0	56.67	60.78	51	55
3118	2	4	71.19	69.67	51	55
3118	6	2	56.31	60.43	51	55
3119	0	0	64.28	60.98	53	46
3119	2	4	72.7	70.9	53	46
3119	6	2	63.8	60.2	53	46
3120	0	0	54.94	46.3	52	53
3120	2	4	53.6	57.3	52	53
3120	6	2	54.95	46.12	52	53
3121	0	0	58.93	53.09	52	53
3121	2	4	53.6	57.3	52	53
3121	6	2	59	53	52	53
3122	0	0	51.31	45.39	52	53
3122	2	4	53.6	57.3	52	53
3122	6	2	51.3	45.2	52	53
3123	0	0	54.94	46.3	52	53
3123	2	4	53.6	57.3	52	53
3123	6	2	54.95	46.12	52	53
3130	0	0	63.5	52.76	52	46
3130	2	4	72.5	59.03	52	46
3130	6	2	61.63	52.59	52	46
3131	0	0	65.14	61.91	48	46
3131	2	4	72.84	68.22	48	46
3131	6	2	63.08	60.25	48	46
3132	0	0	53.77	48.9	57	49
3132	2	4	46.8	52.05	57	49
3132	6	2	53.88	48.84	57	49
3133	0	0	63.57	63.19	57	58
3133	2	4	60.8	63	57	58
3133	6	2	63.6	63.2	57	58
3139	0	0	63.5	52.76	52	44
3139	2	4	72.5	59.03	52	44
3139	6	2	61.63	52.59	52	44
3140	0	0	60.89	66.21	57	57
3140	2	4	54.63	68.05	57	57
3140	6	2	61.05	66.2	57	57
3141	0	0	51.2	31	52	60
3141	2	4	51.9	68.05	52	60
3141	6	2	51.2	31	52	60
3142	0	0	56.32	31	52	55
3142	2	4	51.9	68.05	52	55
3142	6	2	56.57	31	52	55
3143	0	0	73.5	75.3	69	60
3143	2	4	73.5	75.3	69	60
3143	6	2	73.5	75.3	69	60
3144	0	0	63.62	66.24	69	50
3144	2	4	63.55	66.6	69	50
3144	6	2	63.62	66.24	69	50
3145	0	0	60.89	66.21	50	46
3145	2	4	54.63	68.05	50	46
3145	6	2	61.05	66.2	50	46
3150	0	0	64.55	58.61	50	54
3150	2	4	66.2	73.84	50	54
3150	6	2	64.53	58.34	50	54
3151	0	0	61.83	50.6	50	54
3151	2	4	66.2	75.8	50	54
3151	6	2	61.8	49.9	50	54
3152	0	0	68.39	63.89	50	54
3152	2	4	66.2	70.67	50	54
3152	6	2	68.42	63.82	50	54
3200	0	0	60.91	62.44	48	51
3200	2	4	67.2	74.33	48	51
3200	6	2	60.46	62.14	48	51
3210	0	0	57.8	59.94	50	52
3210	2	4	65.45	71.19	50	52
3210	6	2	57.32	59.67	50	52
3211	0	0	51.68	59.98	50	52
3211	2	4	64.77	72.94	50	52
3211	6	2	50.63	59.71	50	52
3212	0	0	57.8	59.94	50	47
3212	2	4	65.45	71.19	50	47
3212	6	2	57.32	59.67	50	47
3213	0	0	65.52	59.27	50	55
3213	2	4	66.98	62.6	50	55
3213	6	2	65.46	59.05	50	55
3220	0	0	62.13	60	55	51
3220	2	4	69.11	75.46	55	51
3220	6	2	60.68	59.26	55	51
3221	0	0	62.13	60	51	53
3221	2	4	69.11	75.46	51	53
3221	6	2	60.68	59.26	51	53
3222	0	0	62.13	60	51	48
3222	2	4	69.11	75.46	51	48
3222	6	2	60.68	59.26	51	48
3223	0	0	65.65	75.93	51	52
3223	2	4	66.2	87.6	51	52
3223	6	2	65.5	75.6	51	52
3224	0	0	57.52	58.2	60	60
3224	2	4	68.6	69.8	60	60
3224	6	2	55.7	57.5	60	60
3225	0	0	68.68	55.76	51	44
3225	2	4	73.3	60.5	51	44
3225	6	2	67.94	55.62	51	44
3226	0	0	68.76	74.74	60	51
3226	2	4	69.5	85.9	60	51
3226	6	2	68.55	73.25	60	51
3227	0	0	39	43.22	51	48
3227	2	4	69.11	51.4	51	48
3227	6	2	39	42.9	51	48
3228	0	0	42.54	54.84	51	44
3228	2	4	56.3	70.7	51	44
3228	6	2	42.3	54.7	51	44
3229	0	0	62.13	60	51	45
3229	2	4	69.11	75.46	51	45
3229	6	2	60.68	59.26	51	45
3230	0	0	65.99	64.31	38	44
3230	2	4	60.8	73.92	38	44
3230	6	2	66.01	64.17	38	44
3231	0	0	65.97	63.93	38	44
3231	2	4	60.8	73.9	38	44
3231	6	2	66	63.8	38	44
3232	0	0	69.4	69.66	38	44
3232	2	4	60.8	74.3	38	44
3232	6	2	69.4	69.6	38	44
3240	0	0	60.91	62.44	49	29
3240	2	4	67.2	74.33	49	29
3240	6	2	60.46	62.14	49	29
3241	0	0	60.91	62.44	51	29
3241	2	4	67.2	74.33	51	29
3241	6	2	60.46	62.14	51	29
3242	0	0	60.91	62.44	38	22
3242	2	4	67.2	74.33	38	22
3242	6	2	60.46	62.14	38	22
3300	0	0	61.41	60.78	38	50
3300	2	4	67.45	71.77	38	50
3300	6	2	61.14	60.47	38	50
3310	0	0	61.41	60.78	38	50
3310	2	4	67.45	71.77	38	50
3310	6	2	61.14	60.47	38	50
3320	0	0	61.41	60.78	38	50
3320	2	4	67.45	71.77	38	50
3320	6	2	61.14	60.47	38	50
3330	0	0	61.41	60.78	38	50
3330	2	4	67.45	71.77	38	50
3330	6	2	61.14	60.47	38	50
3340	0	0	61.41	60.78	38	50
3340	2	4	67.45	71.77	38	50
3340	6	2	61.14	60.47	38	50
3400	0	0	63.74	62.1	55	48
3400	2	4	66.02	72.38	55	48
3400	6	2	63.64	61.73	55	48
3410	0	0	60.81	58.51	55	47
3410	2	4	60.9	66.68	55	47
3410	6	2	60.81	58.35	55	47
3411	0	0	60.81	58.51	61	50
3411	2	4	60.9	66.68	61	50
3411	6	2	60.81	58.35	61	50
3412	0	0	63.5	57.26	54	44
3412	2	4	67.2	60.24	54	44
3412	6	2	63.48	57.24	54	44
3413	0	0	66.94	70.97	59	49
3413	2	4	63.7	71.5	59	49
3413	6	2	67.7	70.9	59	49
3414	0	0	60.81	58.51	56	43
3414	2	4	60.9	66.68	56	43
3414	6	2	60.81	58.35	56	43
3415	0	0	60.81	58.51	56	46
3415	2	4	60.9	66.68	56	46
3415	6	2	60.81	58.35	56	46
3416	0	0	57.74	58.57	50	49
3416	2	4	51.6	62.9	50	49
3416	6	2	57.8	58.5	50	49
3417	0	0	60.81	58.51	56	46
3417	2	4	60.9	66.68	56	46
3417	6	2	60.81	58.35	56	46
3419	0	0	59.26	59.48	55	46
3419	2	4	58.08	67.57	55	46
3419	6	2	59.34	59.14	55	46
3420	0	0	56.95	58.18	55	42
3420	2	4	55.49	65.34	55	42
3420	6	2	56.96	58.13	55	42
3421	0	0	56.95	58.18	55	55
3421	2	4	55.49	65.34	55	55
3421	6	2	56.96	58.13	55	55
3422	0	0	55.37	49.28	55	50
3422	2	4	53.2	61.9	55	50
3422	6	2	55.4	49.2	55	50
3423	0	0	61.56	68.61	55	49
3423	2	4	82.6	70.7	55	49
3423	6	2	61.5	68.6	55	49
3429	0	0	56.95	58.18	55	42
3429	2	4	55.49	65.34	55	42
3429	6	2	56.96	58.13	55	42
3430	0	0	59.65	67.06	54	49
3430	2	4	66.7	71.9	54	49
3430	6	2	59.6	67	54	49
3431	0	0	59.65	67.06	54	53
3431	2	4	66.7	71.9	54	53
3431	6	2	59.6	67	54	53
3432	0	0	59.65	67.06	59	49
3432	2	4	66.7	71.9	59	49
3432	6	2	59.6	67	59	49
3433	0	0	59.65	67.06	51	49
3433	2	4	66.7	71.9	51	49
3433	6	2	59.6	67	51	49
3434	0	0	59.65	67.06	61	51
3434	2	4	66.7	71.9	61	51
3434	6	2	59.6	67	61	51
3439	0	0	59.65	67.06	54	53
3439	2	4	66.7	71.9	54	53
3439	6	2	59.6	67	54	53
3440	0	0	70.16	68.03	56	52
3440	2	4	75.42	74.96	56	52
3440	6	2	70.13	68	56	52
3441	0	0	53.83	48.62	56	44
3441	2	4	61.7	51.7	56	44
3441	6	2	53.8	48.6	56	44
3442	0	0	70.16	68.03	57	52
3442	2	4	75.42	74.96	57	52
3442	6	2	70.13	68	57	52
3443	0	0	75.81	73.41	56	55
3443	2	4	77.1	78	56	55
3443	6	2	75.8	73.4	56	55
3444	0	0	73.12	68.34	46	54
3444	2	4	77.1	78	46	54
3444	6	2	73.1	68.3	46	54
3449	0	0	70.16	68.03	56	55
3449	2	4	75.42	74.96	56	55
3449	6	2	70.13	68	56	55
3450	0	0	63.74	62.1	56	45
3450	2	4	66.02	72.38	56	45
3450	6	2	63.64	61.73	56	45
3451	0	0	63.74	62.1	55	60
3451	2	4	66.02	72.38	55	60
3451	6	2	63.64	61.73	55	60
3452	0	0	63.74	62.1	56	44
3452	2	4	66.02	72.38	56	44
3452	6	2	63.64	61.73	56	44
3460	0	0	56.35	67.39	43	49
3460	2	4	63.1	87.6	43	49
3460	6	2	56	65.8	43	49
3470	0	0	70.46	69.2	52	45
3470	2	4	69.72	75.06	52	45
3470	6	2	70.54	68.34	52	45
3471	0	0	71	69.79	53	49
3471	2	4	73.42	77.16	53	49
3471	6	2	70.78	68.67	53	49
3472	0	0	70.46	69.2	64	50
3472	2	4	69.72	75.06	64	50
3472	6	2	70.54	68.34	64	50
3473	0	0	70.46	69.2	50	32
3473	2	4	69.72	75.06	50	32
3473	6	2	70.54	68.34	50	32
3474	0	0	76.77	81.42	50	33
3474	2	4	80.5	84	50	33
3474	6	2	76.5	81.3	50	33
3475	0	0	59.05	51.63	54	49
3475	2	4	57.1	56.4	54	49
3475	6	2	60.1	50.7	54	49
3480	0	0	67.18	59.16	38	50
3480	2	4	60.5	62.5	38	50
3480	6	2	67.2	59.1	38	50
4000	0	0	53.4	53.77	45	37
4000	2	4	56.76	64.38	45	37
4000	6	2	53.34	53.44	45	37
4100	0	0	52.95	53.6	45	37
4100	2	4	54.3	64.6	45	37
4100	6	2	52.94	53.26	45	37
4110	0	0	69.95	62.74	51	45
4110	2	4	60.9	74.04	51	45
4110	6	2	70.16	62.47	51	45
4111	0	0	50.53	47.63	51	42
4111	2	4	60.9	62.9	51	42
4111	6	2	49.9	46.9	51	42
4112	0	0	69.95	62.74	50	42
4112	2	4	60.9	74.04	50	42
4112	6	2	70.16	62.47	50	42
4113	0	0	69.95	62.74	50	45
4113	2	4	60.9	74.04	50	45
4113	6	2	70.16	62.47	50	45
4114	0	0	69.95	62.74	51	45
4114	2	4	60.9	74.04	51	45
4114	6	2	70.16	62.47	51	45
4115	0	0	73.89	63.56	53	53
4115	2	4	60.9	75.3	53	53
4115	6	2	74.1	63.3	53	53
4120	0	0	64.36	59.3	51	44
4120	2	4	53.6	57.33	51	44
4120	6	2	64.4	59.32	51	44
4121	0	0	70.79	64.7	51	45
4121	2	4	69.5	66.2	51	45
4121	6	2	70.8	64.7	51	45
4122	0	0	62.84	58.87	51	36
4122	2	4	48.9	57	51	36
4122	6	2	62.9	58.9	51	36
4130	0	0	46.91	44.25	36	32
4130	2	4	53.7	43.3	36	32
4130	6	2	46.81	44.3	36	32
4131	0	0	46.91	44.25	32	30
4131	2	4	53.7	43.3	32	30
4131	6	2	46.81	44.3	32	30
4132	0	0	46.91	44.25	43	44
4132	2	4	53.7	43.3	43	44
4132	6	2	46.81	44.3	43	44
4133	0	0	46.91	44.25	45	37
4133	2	4	53.7	43.3	45	37
4133	6	2	46.81	44.3	45	37
4140	0	0	47.88	44.48	39	37
4140	2	4	44.07	50.62	39	37
4140	6	2	47.92	44.41	39	37
4141	0	0	47.88	44.48	39	36
4141	2	4	44.07	50.62	39	36
4141	6	2	47.92	44.41	39	36
4142	0	0	47.88	44.48	39	33
4142	2	4	44.07	50.62	39	33
4142	6	2	47.92	44.41	39	33
4143	0	0	47.88	44.48	39	41
4143	2	4	44.07	50.62	39	41
4143	6	2	47.92	44.41	39	41
4144	0	0	47.88	44.48	39	37
4144	2	4	44.07	50.62	39	37
4144	6	2	47.92	44.41	39	37
4190	0	0	49.82	49.81	39	37
4190	2	4	62.22	63.17	39	37
4190	6	2	49.63	49.25	39	37
4200	0	0	61.99	59.94	49	39
4200	2	4	61.38	59.22	49	39
4200	6	2	62.07	59.98	49	39
4210	0	0	61.99	59.94	48	37
4210	2	4	61.38	59.22	48	37
4210	6	2	62.07	59.98	48	37
4211	0	0	61.99	59.94	53	34
4211	2	4	61.38	59.22	53	34
4211	6	2	62.07	59.98	53	34
4212	0	0	61.99	59.94	46	42
4212	2	4	61.38	59.22	46	42
4212	6	2	62.07	59.98	46	42
4213	0	0	61.99	59.94	40	34
4213	2	4	61.38	59.22	40	34
4213	6	2	62.07	59.98	40	34
4214	0	0	61.99	59.94	40	15
4214	2	4	61.38	59.22	40	15
4214	6	2	62.07	59.98	40	15
4215	0	0	61.99	59.94	40	27
4215	2	4	61.38	59.22	40	27
4215	6	2	62.07	59.98	40	27
4220	0	0	61.99	59.94	52	38
4220	2	4	61.38	59.22	52	38
4220	6	2	62.07	59.98	52	38
4221	0	0	64.73	62.93	52	38
4221	2	4	62	58.9	52	38
4221	6	2	65	63.1	52	38
4222	0	0	57.43	56.11	52	38
4222	2	4	60.8	59.5	52	38
4222	6	2	56.8	55.9	52	38
4223	0	0	61.99	59.94	52	38
4223	2	4	61.38	59.22	52	38
4223	6	2	62.07	59.98	52	38
5000	0	0	54	41.04	40	32
5000	2	4	48.33	47.62	40	32
5000	6	2	54.17	40.83	40	32
5100	0	0	49.79	40.41	38	32
5100	2	4	45.61	47.96	38	32
5100	6	2	50.02	40.13	38	32
5110	0	0	42.84	60.71	34	32
5110	2	4	44.76	50.96	34	32
5110	6	2	42.83	60.79	34	32
5111	0	0	51	74.7	34	50
5111	2	4	53	53.15	34	50
5111	6	2	50.99	74.95	34	50
5112	0	0	41.89	44.3	34	32
5112	2	4	42.7	43.3	34	32
5112	6	2	41.89	44.3	34	32
5113	0	0	42.84	60.71	34	29
5113	2	4	44.76	50.96	34	29
5113	6	2	42.83	60.79	34	29
5120	0	0	44.05	37.66	32	26
5120	2	4	40.94	42.36	32	26
5120	6	2	44.45	37.49	32	26
5121	0	0	45.1	37.04	30	37
5121	2	4	49.6	38.22	30	37
5121	6	2	44.2	36.73	30	37
5122	0	0	40.28	38.07	30	31
5122	2	4	38.3	40.8	30	31
5122	6	2	40.5	38	30	31
5123	0	0	46.6	37.54	34	21
5123	2	4	42.29	42.78	34	21
5123	6	2	47.22	37.35	34	21
5130	0	0	50.74	40.29	25	27
5130	2	4	58.32	48.79	25	27
5130	6	2	50.66	40.19	25	27
5131	0	0	53.23	43.9	25	23
5131	2	4	63.1	54.1	25	23
5131	6	2	53.1	43.8	25	23
5132	0	0	50.29	41.53	25	42
5132	2	4	56.3	51.54	25	42
5132	6	2	50.23	41.43	25	42
5133	0	0	51.05	33.8	25	17
5133	2	4	63.1	41	25	17
5133	6	2	50.9	33.7	25	17
5139	0	0	50.74	40.29	25	29
5139	2	4	58.32	48.79	25	29
5139	6	2	50.66	40.19	25	29
5140	0	0	48.39	47.86	30	29
5140	2	4	47.07	49.11	30	29
5140	6	2	49.59	46.18	30	29
5141	0	0	47.52	48.04	29	32
5141	2	4	46.4	49.07	29	32
5141	6	2	51.4	46.21	29	32
5142	0	0	48.39	47.86	19	17
5142	2	4	47.07	49.11	19	17
5142	6	2	49.59	46.18	19	17
5143	0	0	53.1	53.25	54	34
5143	2	4	57.7	54.8	54	34
5143	6	2	51.9	52.8	54	34
5149	0	0	47.13	45.45	19	29
5149	2	4	40.76	51.28	19	29
5149	6	2	47.51	45.33	19	29
5150	0	0	49.79	40.41	43	37
5150	2	4	45.61	47.96	43	37
5150	6	2	50.02	40.13	43	37
5151	0	0	49.79	40.41	43	37
5151	2	4	45.61	47.96	43	37
5151	6	2	50.02	40.13	43	37
5152	0	0	49.79	40.41	43	37
5152	2	4	45.61	47.96	43	37
5152	6	2	50.02	40.13	43	37
5160	0	0	53.06	47.28	47	37
5160	2	4	50.98	53.01	47	37
5160	6	2	53.08	47.25	47	37
5161	0	0	52.95	54.3	42	35
5161	2	4	55.6	53.01	42	35
5161	6	2	52.9	54.3	42	35
5162	0	0	58.3	60.9	50	40
5162	2	4	61.7	60.9	50	40
5162	6	2	58.3	60.9	50	40
5163	0	0	48.55	42.21	40	39
5163	2	4	41	51.7	40	39
5163	6	2	48.6	42.2	40	39
5164	0	0	53.06	47.28	40	39
5164	2	4	50.98	53.01	40	39
5164	6	2	53.08	47.25	40	39
5169	0	0	40.26	42.17	40	30
5169	2	4	42.71	51.7	40	30
5169	6	2	40.21	42.05	40	30
5200	0	0	56.84	43.46	43	31
5200	2	4	56.2	40.9	43	31
5200	6	2	56.85	43.48	43	31
5210	0	0	56.84	43.46	43	28
5210	2	4	56.2	40.9	43	28
5210	6	2	56.85	43.48	43	28
5220	0	0	56.84	43.46	43	32
5220	2	4	56.2	40.9	43	32
5220	6	2	56.85	43.48	43	32
5230	0	0	56.84	43.46	37	24
5230	2	4	56.2	40.9	37	24
5230	6	2	56.85	43.48	37	24
6000	0	0	37.85	33.78	23	37
6000	2	4	40.92	46.86	23	37
6000	6	2	37.22	31.37	23	37
6100	0	0	37.85	33.78	23	38
6100	2	4	40.92	46.86	23	38
6100	6	2	37.22	31.37	23	38
6110	0	0	37.23	36.77	23	40
6110	2	4	48.04	49.56	23	40
6110	6	2	35.56	33.87	23	40
6111	0	0	37.23	36.77	23	40
6111	2	4	48.04	49.56	23	40
6111	6	2	35.56	33.87	23	40
6112	0	0	37.23	36.77	23	40
6112	2	4	48.04	49.56	23	40
6112	6	2	35.56	33.87	23	40
6113	0	0	37.23	36.77	23	40
6113	2	4	48.04	49.56	23	40
6113	6	2	35.56	33.87	23	40
6114	0	0	37.23	36.77	23	40
6114	2	4	48.04	49.56	23	40
6114	6	2	35.56	33.87	23	40
6120	0	0	37.02	29.1	23	40
6120	2	4	47.01	42.36	23	40
6120	6	2	35.47	27.37	23	40
6121	0	0	35.6	28.71	23	40
6121	2	4	44.27	43.35	23	40
6121	6	2	34.82	27.14	23	40
6122	0	0	37.02	29.1	23	40
6122	2	4	47.01	42.36	23	40
6122	6	2	35.47	27.37	23	40
6123	0	0	37.02	29.1	23	40
6123	2	4	47.01	42.36	23	40
6123	6	2	35.47	27.37	23	40
6124	0	0	37.02	29.1	23	40
6124	2	4	47.01	42.36	23	40
6124	6	2	35.47	27.37	23	40
6129	0	0	44.98	37.25	23	40
6129	2	4	50	38.3	23	40
6129	6	2	41.26	36.2	23	40
6130	0	0	53.81	52.14	23	38
6130	2	4	49.71	39.1	23	38
6130	6	2	54.05	54.54	23	38
6131	0	0	53.81	52.14	23	40
6131	2	4	49.71	39.1	23	40
6131	6	2	54.05	54.54	23	40
6132	0	0	53.81	52.14	27	41
6132	2	4	49.71	39.1	27	41
6132	6	2	54.05	54.54	27	41
6133	0	0	53.81	52.14	28	40
6133	2	4	49.71	39.1	28	40
6133	6	2	54.05	54.54	28	40
6134	0	0	53.81	52.14	28	30
6134	2	4	49.71	39.1	28	30
6134	6	2	54.05	54.54	28	30
6140	0	0	32.2	22.88	22	24
6140	2	4	36.2	41.4	22	24
6140	6	2	31.41	22.28	22	24
6141	0	0	32.2	22.88	22	24
6141	2	4	36.2	41.4	22	24
6141	6	2	31.41	22.28	22	24
6142	0	0	32.2	22.88	22	16
6142	2	4	36.2	41.4	22	16
6142	6	2	31.41	22.28	22	16
6150	0	0	38.32	34.01	28	28
6150	2	4	36.76	39.29	28	28
6150	6	2	42.68	27.27	28	28
6151	0	0	41.7	30.28	28	23
6151	2	4	36.7	42.8	28	23
6151	6	2	42.6	25.7	28	23
6152	0	0	37.06	37.27	28	23
6152	2	4	36.71	38.33	28	23
6152	6	2	39.27	32	28	23
6153	0	0	38.32	34.01	28	28
6153	2	4	36.76	39.29	28	28
6153	6	2	42.68	27.27	28	28
6154	0	0	49.2	32	28	6
6154	2	4	49.2	39.29	28	6
6154	6	2	49.2	32	28	6
6200	0	0	37.85	33.78	16	38
6200	2	4	40.92	46.86	16	38
6200	6	2	37.22	31.37	16	38
6210	0	0	37.85	33.78	16	38
6210	2	4	40.92	46.86	16	38
6210	6	2	37.22	31.37	16	38
7000	0	0	37.22	30.55	34	38
7000	2	4	43.42	54.08	34	38
7000	6	2	36.65	29.42	34	38
7100	0	0	37.53	24.64	31	34
7100	2	4	42.64	43	31	34
7100	6	2	36.92	22.29	31	34
7110	0	0	30.05	28.16	30	34
7110	2	4	37.32	52.03	30	34
7110	6	2	29.66	27.11	30	34
7111	0	0	29.34	29.23	30	34
7111	2	4	31.83	44.66	30	34
7111	6	2	29.24	28.81	30	34
7112	0	0	30.05	28.16	30	36
7112	2	4	37.32	52.03	30	36
7112	6	2	29.66	27.11	30	36
7113	0	0	35.66	24.12	27	34
7113	2	4	50.3	59.4	27	34
7113	6	2	33.4	20.2	27	34
7120	0	0	37.27	33.42	30	34
7120	2	4	43.4	49.8	30	34
7120	6	2	36.63	28.95	30	34
7121	0	0	37.27	33.42	29	36
7121	2	4	43.4	49.8	29	36
7121	6	2	36.63	28.95	29	36
7122	0	0	37.69	36.2	29	34
7122	2	4	42.4	52.2	29	34
7122	6	2	37.1	33.3	29	34
7123	0	0	33.42	34.41	26	34
7123	2	4	40.6	52.2	26	34
7123	6	2	33.3	33.3	26	34
7124	0	0	40.22	37.71	29	37
7124	2	4	44.9	52.2	29	37
7124	6	2	39.6	33.3	29	37
7129	0	0	35.35	31.57	30	28
7129	2	4	41.54	48.77	30	28
7129	6	2	34.61	26.29	30	28
7130	0	0	39.83	41.24	34	37
7130	2	4	43.6	44.67	34	37
7130	6	2	39.34	40.37	34	37
7131	0	0	39.83	41.24	19	31
7131	2	4	43.6	44.67	19	31
7131	6	2	39.34	40.37	19	31
7132	0	0	40.89	33.95	30	31
7132	2	4	43.6	32.4	30	31
7132	6	2	40.3	34.7	30	31
7133	0	0	39.83	41.24	31	31
7133	2	4	43.6	44.67	31	31
7133	6	2	39.34	40.37	31	31
7134	0	0	34.71	35.76	34	28
7134	2	4	35.8	52.2	34	28
7134	6	2	34.6	33.3	34	28
7135	0	0	40.91	44.88	26	26
7135	2	4	43.7	52.2	26	26
7135	6	2	40.4	42.6	26	26
7136	0	0	39.86	41.9	33	34
7136	2	4	44.2	41.9	33	34
7136	6	2	39.4	41.9	33	34
7137	0	0	39.83	41.24	37	44
7137	2	4	43.6	44.67	37	44
7137	6	2	39.34	40.37	37	44
7139	0	0	41.55	34.15	-999	-999
7139	2	4	43.6	32.4	-999	-999
7139	6	2	40.3	34.7	-999	-999
7140	0	0	37.51	15.91	29	31
7140	2	4	40.21	32.4	29	31
7140	6	2	36.99	14.83	29	31
7141	0	0	37.51	15.91	29	31
7141	2	4	40.21	32.4	29	31
7141	6	2	36.99	14.83	29	31
7142	0	0	37.51	15.91	32	29
7142	2	4	40.21	32.4	32	29
7142	6	2	36.99	14.83	32	29
7143	0	0	37.51	15.91	29	20
7143	2	4	40.21	32.4	29	20
7143	6	2	36.99	14.83	29	20
7200	0	0	36.78	30.36	34	40
7200	2	4	43.06	55.5	34	40
7200	6	2	36.37	29.88	34	40
7210	0	0	32.28	26.29	31	38
7210	2	4	41.61	51.93	31	38
7210	6	2	31.66	25.5	31	38
7211	0	0	20.74	10.43	29	38
7211	2	4	35.7	52.1	29	38
7211	6	2	20.5	9.5	29	38
7212	0	0	29.29	25.33	30	39
7212	2	4	37.5	52.1	30	39
7212	6	2	29	25.1	30	39
7213	0	0	37.42	26.87	33	34
7213	2	4	42.2	52.1	33	34
7213	6	2	36.9	25.7	33	34
7214	0	0	33.26	27.81	30	44
7214	2	4	43.09	52.1	30	44
7214	6	2	32.54	26.92	30	44
7215	0	0	17.7	19.4	30	32
7215	2	4	35.7	19.4	30	32
7215	6	2	17.5	19.4	30	32
7216	0	0	32.28	26.29	30	26
7216	2	4	41.61	51.93	30	26
7216	6	2	31.66	25.5	30	26
7220	0	0	33.95	21.72	35	37
7220	2	4	44.19	58.49	35	37
7220	6	2	32.8	19.66	35	37
7221	0	0	35.64	13.2	33	35
7221	2	4	44.3	52.1	33	35
7221	6	2	34.2	7.5	33	35
7222	0	0	31.61	22.19	40	40
7222	2	4	43.7	59.43	40	40
7222	6	2	31.08	20.28	40	40
7223	0	0	33.95	21.72	34	38
7223	2	4	44.19	58.49	34	38
7223	6	2	32.8	19.66	34	38
7224	0	0	33.95	21.72	24	27
7224	2	4	44.19	58.49	24	27
7224	6	2	32.8	19.66	24	27
7230	0	0	35.26	31.79	34	43
7230	2	4	40.35	52.1	34	43
7230	6	2	34.88	31.57	34	43
7231	0	0	35.81	34.3	34	43
7231	2	4	40	52.1	34	43
7231	6	2	35.4	33.1	34	43
7232	0	0	35.26	31.79	42	50
7232	2	4	40.35	52.1	42	50
7232	6	2	34.88	31.57	42	50
7233	0	0	33.78	31.48	33	42
7233	2	4	46.4	52.1	33	42
7233	6	2	33.6	31.4	33	42
7234	0	0	35.26	31.79	23	20
7234	2	4	40.35	52.1	23	20
7234	6	2	34.88	31.57	23	20
7240	0	0	43.2	34.32	40	38
7240	2	4	49.27	64.24	40	38
7240	6	2	42.89	34.01	40	38
7241	0	0	42.9	32.27	40	38
7241	2	4	49.59	63.87	40	38
7241	6	2	42.44	30.36	40	38
7242	0	0	43.2	34.32	39	48
7242	2	4	49.27	64.24	39	48
7242	6	2	42.89	34.01	39	48
7243	0	0	43.2	34.32	41	42
7243	2	4	49.27	64.24	41	42
7243	6	2	42.89	34.01	41	42
7244	0	0	43.86	32.25	40	35
7244	2	4	48.2	64.5	40	35
7244	6	2	43.6	32	40	35
7245	0	0	43.4	45.5	38	36
7245	2	4	48.2	64.24	38	36
7245	6	2	43.4	45.5	38	36
7300	0	0	43.72	36.58	34	39
7300	2	4	55.5	66.69	34	39
7300	6	2	42.43	35.08	34	39
7310	0	0	49.09	41.65	38	45
7310	2	4	57.48	68.32	38	45
7310	6	2	47.8	39.25	38	45
7311	0	0	47.08	37.61	38	47
7311	2	4	53.57	62.95	38	47
7311	6	2	46.51	36.75	38	47
7312	0	0	60.92	58.21	38	33
7312	2	4	62.6	70.8	38	33
7312	6	2	59.7	52.4	38	33
7313	0	0	56.16	57.46	38	43
7313	2	4	60.7	70.8	38	43
7313	6	2	54	52.4	38	43
7320	0	0	29.6	27.2	28	28
7320	2	4	60.25	55.56	28	28
7320	6	2	27.8	24.57	28	28
7321	0	0	27.68	26.16	27	25
7321	2	4	55.5	46.9	27	25
7321	6	2	24	21.9	27	25
7322	0	0	27.01	20.1	29	37
7322	2	4	55.5	20.1	29	37
7322	6	2	26.8	20.1	29	37
7323	0	0	42.77	36.91	29	31
7323	2	4	63.75	59.8	29	31
7323	6	2	37.46	32.52	29	31
7324	0	0	29.6	27.2	29	31
7324	2	4	60.25	55.56	29	31
7324	6	2	27.8	24.57	29	31
7330	0	0	38.75	27.16	29	31
7330	2	4	52.28	66.74	29	31
7330	6	2	36.73	24.42	29	31
7331	0	0	40.98	28.65	29	31
7331	2	4	52.96	74.2	29	31
7331	6	2	39.02	24.2	29	31
7332	0	0	24.3	26.25	29	31
7332	2	4	41.9	58.6	29	31
7332	6	2	23.18	24.55	29	31
7340	0	0	46.95	40.29	40	42
7340	2	4	55.03	72.06	40	42
7340	6	2	46.67	39.53	40	42
7341	0	0	48.58	47.47	40	42
7341	2	4	58.4	75.2	40	42
7341	6	2	48.2	46.9	40	42
7342	0	0	46.95	40.29	40	41
7342	2	4	55.03	72.06	40	41
7342	6	2	46.67	39.53	40	41
7343	0	0	50.84	45.14	42	41
7343	2	4	55.2	75.2	42	41
7343	6	2	50.7	44.4	42	41
7344	0	0	46.95	40.29	40	42
7344	2	4	55.03	72.06	40	42
7344	6	2	46.67	39.53	40	42
7345	0	0	37.95	29.91	37	32
7345	2	4	51.7	67.8	37	32
7345	6	2	37.5	28.9	37	32
7346	0	0	46.95	40.29	38	52
7346	2	4	55.03	72.06	38	52
7346	6	2	46.67	39.53	38	52
7400	0	0	34.4	28.82	33	33
7400	2	4	42.3	52.03	33	33
7400	6	2	33.23	26.85	33	33
7410	0	0	36.2	29.54	30	28
7410	2	4	40.99	46.11	30	28
7410	6	2	35.48	28.06	30	28
7411	0	0	33.71	25.36	30	24
7411	2	4	38.3	48	30	24
7411	6	2	33.6	25.1	30	24
7412	0	0	39.05	32.33	31	33
7412	2	4	41.3	46	31	33
7412	6	2	38.3	30.3	31	33
7413	0	0	36.2	29.54	30	34
7413	2	4	40.99	46.11	30	34
7413	6	2	35.48	28.06	30	34
7414	0	0	36.2	29.54	30	35
7414	2	4	40.99	46.11	30	35
7414	6	2	35.48	28.06	30	35
7415	0	0	36.2	29.54	30	34
7415	2	4	40.99	46.11	30	34
7415	6	2	35.48	28.06	30	34
7416	0	0	36.2	29.54	30	34
7416	2	4	40.99	46.11	30	34
7416	6	2	35.48	28.06	30	34
7420	0	0	31.05	21	33	29
7420	2	4	42.8	39.8	33	29
7420	6	2	30.2	20.4	33	29
7421	0	0	31.05	21	33	29
7421	2	4	42.8	39.8	33	29
7421	6	2	30.2	20.4	33	29
7422	0	0	31.05	21	33	40
7422	2	4	42.8	39.8	33	40
7422	6	2	30.2	20.4	33	40
7423	0	0	31.05	21	33	36
7423	2	4	42.8	39.8	33	36
7423	6	2	30.2	20.4	33	36
7424	0	0	31.05	21	33	21
7424	2	4	42.8	39.8	33	21
7424	6	2	30.2	20.4	33	21
7430	0	0	38.38	29.71	36	34
7430	2	4	46.5	55.17	36	34
7430	6	2	36.17	27.44	36	34
7431	0	0	38.38	29.71	29	29
7431	2	4	46.5	55.17	29	29
7431	6	2	36.17	27.44	29	29
7432	0	0	30.51	27.59	29	32
7432	2	4	41.9	58.6	29	32
7432	6	2	29.7	25.4	29	32
7433	0	0	43.35	29.09	45	40
7433	2	4	44.39	53.45	45	40
7433	6	2	42.83	26.97	45	40
7434	0	0	50.16	60.88	36	35
7434	2	4	49.3	62.8	36	35
7434	6	2	50.7	58.8	36	35
7435	0	0	33.99	38.12	36	40
7435	2	4	44.24	70.34	36	40
7435	6	2	33.33	35.69	36	40
7436	0	0	42.09	27.93	33	26
7436	2	4	56.5	57.7	33	26
7436	6	2	39.2	25.5	33	26
7437	0	0	39.06	33.1	28	31
7437	2	4	46.3	56.2	28	31
7437	6	2	36.2	29.8	28	31
7440	0	0	32.14	26.21	31	27
7440	2	4	36.94	44.2	31	27
7440	6	2	28.35	23.82	31	27
7441	0	0	32.14	26.21	31	22
7441	2	4	36.94	44.2	31	22
7441	6	2	28.35	23.82	31	22
7442	0	0	32.14	26.21	31	27
7442	2	4	36.94	44.2	31	27
7442	6	2	28.35	23.82	31	27
7500	0	0	37.22	30.55	42	48
7500	2	4	43.42	54.08	42	48
7500	6	2	36.65	29.42	42	48
7510	0	0	37.22	30.55	42	46
7510	2	4	43.42	54.08	42	46
7510	6	2	36.65	29.42	42	46
7520	0	0	37.22	30.55	39	46
7520	2	4	43.42	54.08	39	46
7520	6	2	36.65	29.42	39	46
7530	0	0	37.22	30.55	26	37
7530	2	4	43.42	54.08	26	37
7530	6	2	36.65	29.42	26	37
8000	0	0	34.29	27.61	31	34
8000	2	4	40.74	44.72	31	34
8000	6	2	33.58	26.62	31	34
8100	0	0	32.42	24.03	30	36
8100	2	4	45.94	41.6	30	36
8100	6	2	32.05	23.61	30	36
8110	0	0	38.09	27.8	35	31
8110	2	4	48.3	27.8	35	31
8110	6	2	36.7	27.8	35	31
8111	0	0	38.09	27.8	35	34
8111	2	4	48.3	27.8	35	34
8111	6	2	36.7	27.8	35	34
8112	0	0	38.09	27.8	35	32
8112	2	4	48.3	27.8	35	32
8112	6	2	36.7	27.8	35	32
8113	0	0	38.09	27.8	35	31
8113	2	4	48.3	27.8	35	31
8113	6	2	36.7	27.8	35	31
8120	0	0	26.31	22.3	30	40
8120	2	4	35.7	52.1	30	40
8120	6	2	26.27	22.18	30	40
8121	0	0	27.66	25.66	31	45
8121	2	4	35.7	52.1	31	45
8121	6	2	27.64	25.56	31	45
8122	0	0	25.88	21	30	36
8122	2	4	35.7	52.1	30	36
8122	6	2	25.82	20.87	30	36
8123	0	0	26.31	22.3	28	38
8123	2	4	35.7	52.1	28	38
8123	6	2	26.27	22.18	28	38
8124	0	0	26.31	22.3	30	28
8124	2	4	35.7	52.1	30	28
8124	6	2	26.27	22.18	30	28
8130	0	0	27.87	20.68	22	31
8130	2	4	55.5	46.9	22	31
8130	6	2	26.87	19.8	22	31
8131	0	0	24.7	19.8	22	31
8131	2	4	55.5	46.9	22	31
8131	6	2	24.7	19.8	22	31
8139	0	0	28.59	20.69	22	31
8139	2	4	55.5	46.9	22	31
8139	6	2	27.4	19.8	22	31
8140	0	0	29.89	21.27	27	28
8140	2	4	45.72	40.25	27	28
8140	6	2	29.14	20.55	27	28
8141	0	0	29.82	20.45	27	29
8141	2	4	45.98	39.8	27	29
8141	6	2	28.45	19.19	27	29
8142	0	0	31.1	16.07	27	28
8142	2	4	40.6	40.25	27	28
8142	6	2	31.08	16.07	27	28
8143	0	0	29.56	23.12	27	28
8143	2	4	40.6	48.4	27	28
8143	6	2	29.5	23	27	28
8150	0	0	33.31	30.02	35	42
8150	2	4	57.4	48.4	35	42
8150	6	2	33	29.9	35	42
8151	0	0	28.91	20.22	35	43
8151	2	4	57.4	48.4	35	43
8151	6	2	28.4	19.8	35	43
8152	0	0	33.31	30.02	35	43
8152	2	4	57.4	48.4	35	43
8152	6	2	33	29.9	35	43
8153	0	0	33.31	30.02	35	43
8153	2	4	57.4	48.4	35	43
8153	6	2	33	29.9	35	43
8154	0	0	33.31	30.02	35	43
8154	2	4	57.4	48.4	35	43
8154	6	2	33	29.9	35	43
8155	0	0	39.5	30.02	35	37
8155	2	4	57.4	48.4	35	37
8155	6	2	39.5	29.9	35	37
8159	0	0	34.26	30.47	35	43
8159	2	4	57.4	48.4	35	43
8159	6	2	33.98	30.36	35	43
8160	0	0	43.95	48.35	32	38
8160	2	4	37.8	37.3	32	38
8160	6	2	44	48.7	32	38
8161	0	0	43.95	48.35	33	42
8161	2	4	37.8	37.3	33	42
8161	6	2	44	48.7	33	42
8162	0	0	43.95	48.35	27	35
8162	2	4	37.8	37.3	27	35
8162	6	2	44	48.7	27	35
8163	0	0	43.95	48.35	33	34
8163	2	4	37.8	37.3	33	34
8163	6	2	44	48.7	33	34
8170	0	0	32.42	24.03	26	30
8170	2	4	45.94	41.6	26	30
8170	6	2	32.05	23.61	26	30
8171	0	0	32.42	24.03	26	30
8171	2	4	45.94	41.6	26	30
8171	6	2	32.05	23.61	26	30
8172	0	0	32.42	24.03	26	30
8172	2	4	45.94	41.6	26	30
8172	6	2	32.05	23.61	26	30
8200	0	0	34.72	26.53	32	34
8200	2	4	46.08	57.03	32	34
8200	6	2	34.34	25.93	32	34
8210	0	0	31.4	26.09	36	37
8210	2	4	37.1	52.1	36	37
8210	6	2	31.3	25.7	36	37
8211	0	0	31.4	26.09	36	38
8211	2	4	37.1	52.1	36	38
8211	6	2	31.3	25.7	36	38
8212	0	0	31.4	26.09	30	30
8212	2	4	37.1	52.1	30	30
8212	6	2	31.3	25.7	30	30
8220	0	0	35.95	38.95	30	43
8220	2	4	46.57	70.25	30	43
8220	6	2	35.47	37.86	30	43
8221	0	0	35.95	38.95	30	43
8221	2	4	46.57	70.25	30	43
8221	6	2	35.47	37.86	30	43
8222	0	0	35.95	38.95	30	43
8222	2	4	46.57	70.25	30	43
8222	6	2	35.47	37.86	30	43
8223	0	0	28.88	26.89	30	28
8223	2	4	37.2	52.1	30	28
8223	6	2	28.6	26.2	30	28
8224	0	0	54.2	43.4	30	43
8224	2	4	58.4	75.2	30	43
8224	6	2	53.9	42.2	30	43
8229	0	0	35.95	38.95	30	43
8229	2	4	46.57	70.25	30	43
8229	6	2	35.47	37.86	30	43
8230	0	0	30.88	21.16	30	30
8230	2	4	48.69	48.4	30	30
8230	6	2	29.93	20.8	30	30
8231	0	0	32.21	20.71	30	30
8231	2	4	46.3	48.4	30	30
8231	6	2	31.5	20.5	30	30
8232	0	0	30.17	21.31	30	30
8232	2	4	49.9	48.4	30	30
8232	6	2	29.1	20.9	30	30
8240	0	0	23.7	20.16	29	31
8240	2	4	42.6	39.8	29	31
8240	6	2	23.4	20	29	31
8250	0	0	42.45	35.3	38	41
8250	2	4	51.34	69.08	38	41
8250	6	2	42.11	34.22	38	41
8251	0	0	44.87	42.31	38	41
8251	2	4	51.64	69.93	38	41
8251	6	2	44.56	41.03	38	41
8252	0	0	42.45	35.3	38	32
8252	2	4	51.34	69.08	38	32
8252	6	2	42.11	34.22	38	32
8253	0	0	29.17	20.9	38	28
8253	2	4	40.6	48.4	38	28
8253	6	2	29.1	20.8	38	28
8260	0	0	30.18	25.95	30	28
8260	2	4	45.36	48.03	30	28
8260	6	2	29.15	25.11	30	28
8261	0	0	23.1	18.7	29	29
8261	2	4	45.36	48.03	29	29
8261	6	2	23.1	18.7	29	29
8262	0	0	28.25	20.84	29	29
8262	2	4	41.9	58.6	29	29
8262	6	2	28.1	20.1	29	29
8263	0	0	30.18	25.95	32	25
8263	2	4	45.36	48.03	32	25
8263	6	2	29.15	25.11	32	25
8264	0	0	30.18	25.95	24	25
8264	2	4	45.36	48.03	24	25
8264	6	2	29.15	25.11	24	25
8265	0	0	26.86	36.04	32	26
8265	2	4	35	59.4	32	26
8265	6	2	26.5	35.6	32	26
8266	0	0	30.18	25.95	32	28
8266	2	4	45.36	48.03	32	28
8266	6	2	29.15	25.11	32	28
8269	0	0	30.18	25.95	32	26
8269	2	4	45.36	48.03	32	26
8269	6	2	29.15	25.11	32	26
8270	0	0	32.27	25.66	29	33
8270	2	4	42.35	47.46	29	33
8270	6	2	31.92	25.12	29	33
8271	0	0	32.27	25.66	29	31
8271	2	4	42.35	47.46	29	31
8271	6	2	31.92	25.12	29	31
8272	0	0	32.54	26.71	29	34
8272	2	4	36.1	48	29	34
8272	6	2	32.5	26.4	29	34
8273	0	0	33.12	32.47	29	33
8273	2	4	44	46	29	33
8273	6	2	31.6	24.9	29	33
8274	0	0	24.82	27.01	29	33
8274	2	4	50.1	48	29	33
8274	6	2	23.9	26.8	29	33
8275	0	0	32.27	25.66	29	35
8275	2	4	42.35	47.46	29	35
8275	6	2	31.92	25.12	29	35
8276	0	0	32.27	25.66	29	45
8276	2	4	42.35	47.46	29	45
8276	6	2	31.92	25.12	29	45
8277	0	0	32.27	25.66	29	34
8277	2	4	42.35	47.46	29	34
8277	6	2	31.92	25.12	29	34
8278	0	0	33.95	24.99	29	34
8278	2	4	38.43	48	29	34
8278	6	2	33.84	24.4	29	34
8279	0	0	31.3	22.24	29	39
8279	2	4	42.35	48	29	39
8279	6	2	31.3	21.9	29	39
8280	0	0	40.38	23.35	31	33
8280	2	4	48.81	54.5	31	33
8280	6	2	39.87	23.02	31	33
8281	0	0	40.38	23.35	30	30
8281	2	4	48.81	54.5	30	30
8281	6	2	39.87	23.02	30	30
8282	0	0	40.38	23.35	34	48
8282	2	4	48.81	54.5	34	48
8282	6	2	39.87	23.02	34	48
8283	0	0	40.38	23.35	34	48
8283	2	4	48.81	54.5	34	48
8283	6	2	39.87	23.02	34	48
8284	0	0	40.38	23.35	30	30
8284	2	4	48.81	54.5	30	30
8284	6	2	39.87	23.02	30	30
8285	0	0	40.38	23.35	30	31
8285	2	4	48.81	54.5	30	31
8285	6	2	39.87	23.02	30	31
8286	0	0	40.38	23.35	30	28
8286	2	4	48.81	54.5	30	28
8286	6	2	39.87	23.02	30	28
8290	0	0	34.72	26.53	26	33
8290	2	4	46.08	57.03	26	33
8290	6	2	34.34	25.93	26	33
8300	0	0	34.74	34.04	32	33
8300	2	4	39.79	41.54	32	33
8300	6	2	33.74	32.35	32	33
8310	0	0	47.71	44.64	36	36
8310	2	4	44.55	41.54	36	36
8310	6	2	47.72	44.64	36	36
8311	0	0	47.68	44.6	41	43
8311	2	4	41.5	41.54	41	43
8311	6	2	47.7	44.6	41	43
8312	0	0	47.81	44.7	32	29
8312	2	4	53.7	41.54	32	29
8312	6	2	47.8	44.7	32	29
8320	0	0	36.16	38.94	34	32
8320	2	4	40.28	41.7	34	32
8320	6	2	35.19	38.02	34	32
8321	0	0	36.16	38.94	30	31
8321	2	4	40.28	41.7	30	31
8321	6	2	35.19	38.02	30	31
8322	0	0	40.74	38.63	30	31
8322	2	4	41.5	41.1	30	31
8322	6	2	40.54	37.83	30	31
8323	0	0	36.16	38.94	30	32
8323	2	4	40.28	41.7	30	32
8323	6	2	35.19	38.02	30	32
8324	0	0	34.29	39.86	34	33
8324	2	4	39.7	43.3	34	33
8324	6	2	33.1	38.6	34	33
8330	0	0	29.85	20.49	26	32
8330	2	4	38.25	36.77	26	32
8330	6	2	28.52	20.12	26	32
8331	0	0	29.85	20.49	26	31
8331	2	4	38.25	36.77	26	31
8331	6	2	28.52	20.12	26	31
8332	0	0	34.71	26.84	26	32
8332	2	4	38.1	37.3	26	32
8332	6	2	33.3	16.7	26	32
8333	0	0	33.18	17.3	28	33
8333	2	4	42.5	17.3	28	33
8333	6	2	32.9	17.3	28	33
8334	0	0	24.84	21.55	28	28
8334	2	4	39.06	37.3	28	28
8334	6	2	24.6	21.48	28	28
8340	0	0	36.19	31	32	29
8340	2	4	35.5	41.54	32	29
8340	6	2	36.21	31	32	29
8400	0	0	34.29	27.61	24	33
8400	2	4	40.74	44.72	24	33
8400	6	2	33.58	26.62	24	33
9000	0	0	39.02	29.68	20	21
9000	2	4	47.58	47.25	20	21
9000	6	2	38.72	29.17	20	21
9100	0	0	42.34	30.62	25	23
9100	2	4	48.98	47.88	25	23
9100	6	2	42	30.06	25	23
9110	0	0	42.34	30.62	29	25
9110	2	4	48.98	47.88	29	25
9110	6	2	42	30.06	29	25
9111	0	0	42.34	30.62	29	24
9111	2	4	48.98	47.88	29	24
9111	6	2	42	30.06	29	24
9112	0	0	42.34	30.62	28	24
9112	2	4	48.98	47.88	28	24
9112	6	2	42	30.06	28	24
9113	0	0	42.34	30.62	29	26
9113	2	4	48.98	47.88	29	26
9113	6	2	42	30.06	29	26
9120	0	0	42.34	30.62	28	12
9120	2	4	48.98	47.88	28	12
9120	6	2	42	30.06	28	12
9130	0	0	41.77	28.74	16	21
9130	2	4	50.05	47.55	16	21
9130	6	2	40.53	28.11	16	21
9131	0	0	38.79	27.44	16	22
9131	2	4	45.7	39	16	22
9131	6	2	37.9	27.2	16	22
9132	0	0	53.08	60.49	16	21
9132	2	4	62.8	63.5	16	21
9132	6	2	51.4	59.4	16	21
9133	0	0	38.14	27.52	16	22
9133	2	4	47	46.8	16	22
9133	6	2	36.07	26.49	16	22
9140	0	0	43.45	36.41	23	23
9140	2	4	49.1	40	23	23
9140	6	2	43.33	36.23	23	23
9141	0	0	43.45	36.41	23	25
9141	2	4	49.1	40	23	25
9141	6	2	43.33	36.23	23	25
9142	0	0	43.45	36.41	23	19
9142	2	4	49.1	40	23	19
9142	6	2	43.33	36.23	23	19
9150	0	0	39.72	51.85	27	20
9150	2	4	41.11	62.35	27	20
9150	6	2	39.68	51.64	27	20
9151	0	0	39.72	51.85	25	22
9151	2	4	41.11	62.35	25	22
9151	6	2	39.68	51.64	25	22
9152	0	0	39.72	51.85	27	20
9152	2	4	41.11	62.35	27	20
9152	6	2	39.68	51.64	27	20
9153	0	0	39.72	51.85	27	21
9153	2	4	41.11	62.35	27	21
9153	6	2	39.68	51.64	27	21
9160	0	0	37.84	41.8	23	13
9160	2	4	51.1	51.7	23	13
9160	6	2	35.3	35.2	23	13
9161	0	0	37.84	41.8	23	13
9161	2	4	51.1	51.7	23	13
9161	6	2	35.3	35.2	23	13
9162	0	0	37.84	41.8	23	13
9162	2	4	51.1	51.7	23	13
9162	6	2	35.3	35.2	23	13
9200	0	0	39.02	29.68	16	23
9200	2	4	47.58	47.25	16	23
9200	6	2	38.72	29.17	16	23
9210	0	0	39.02	29.68	16	23
9210	2	4	47.58	47.25	16	23
9210	6	2	38.72	29.17	16	23
9211	0	0	39.02	29.68	16	23
9211	2	4	47.58	47.25	16	23
9211	6	2	38.72	29.17	16	23
9212	0	0	39.02	29.68	16	18
9212	2	4	47.58	47.25	16	18
9212	6	2	38.72	29.17	16	18
9213	0	0	39.02	29.68	16	23
9213	2	4	47.58	47.25	16	23
9213	6	2	38.72	29.17	16	23
9300	0	0	33.92	25.7	23	18
9300	2	4	38.77	40.69	23	18
9300	6	2	33.86	25.51	23	18
9310	0	0	33.92	25.7	21	16
9310	2	4	38.77	40.69	21	16
9310	6	2	33.86	25.51	21	16
9311	0	0	33.92	25.7	21	18
9311	2	4	38.77	40.69	21	18
9311	6	2	33.86	25.51	21	18
9312	0	0	33.92	25.7	21	15
9312	2	4	38.77	40.69	21	15
9312	6	2	33.86	25.51	21	15
9313	0	0	33.92	25.7	21	15
9313	2	4	38.77	40.69	21	15
9313	6	2	33.86	25.51	21	15
9320	0	0	28.01	21.69	20	19
9320	2	4	44.68	41.07	20	19
9320	6	2	27.72	21.43	20	19
9321	0	0	28.01	21.69	20	18
9321	2	4	44.68	41.07	20	18
9321	6	2	27.72	21.43	20	18
9322	0	0	28.01	21.69	24	22
9322	2	4	44.68	41.07	24	22
9322	6	2	27.72	21.43	24	22
9330	0	0	34.84	31.61	29	20
9330	2	4	37.39	40.08	29	20
9330	6	2	34.81	31.51	29	20
9331	0	0	34.84	31.61	22	17
9331	2	4	37.39	40.08	22	17
9331	6	2	34.81	31.51	22	17
9332	0	0	34.84	31.61	22	22
9332	2	4	37.39	40.08	22	22
9332	6	2	34.81	31.51	22	22
9333	0	0	34.84	31.61	30	20
9333	2	4	37.39	40.08	30	20
9333	6	2	34.81	31.51	30	20
9900	0	0	39.02	29.68	-999	-999
9900	2	4	47.58	47.25	-999	-999
9900	6	2	38.72	29.17	-999	-999
9990	0	0	39.02	29.68	-999	-999
9990	2	4	47.58	47.25	-999	-999
9990	6	2	38.72	29.17	-999	-999
9999	0	0	39.02	29.68	-999	-999
9999	2	4	47.58	47.25	-999	-999
9999	6	2	38.72	29.17	-999	-999
