NYK83	STDEMPST	SEEMPST	MCAMSIS	FCAMSIS
1	0	0	62.42	70.46
1	1	4	68.4	77.2
1	6	2	62.2	70.1
2	0	0	57.59	54.6
2	1	4	62.8	62.5
2	6	2	57.5	54.4
3	0	0	61.42	57.06
3	1	4	62.9	62.5
3	6	2	61.4	57
4	0	0	53.66	50.01
4	1	4	56.9	75.8
4	6	2	53.6	49.5
5	0	0	53.34	61.41
5	1	4	60.2	62.5
5	6	2	53.3	61.4
6	0	0	49.76	52.2
6	1	4	77.6	52.2
6	6	2	49.6	52.2
7	0	0	50.49	50.61
7	1	4	62.2	75.8
7	6	2	50.3	50.3
8	0	0	57.58	57.27
8	1	4	56.7	66.3
8	6	2	57.6	57.1
9	0	0	64.28	60.98
9	1	4	72.7	70.9
9	6	2	63.8	60.2
12	0	0	42.83	56.54
12	1	4	62.2	75.5
12	6	2	42.7	56.1
13	0	0	62.1	63.14
13	1	4	62.1	75.5
13	6	2	62.1	63.1
14	0	0	86.91	71.4
14	1	4	81.4	71.4
14	6	2	87.1	71.4
15	0	0	76.44	55.57
15	1	4	81.4	93
15	6	2	76.4	54.4
16	0	0	78.74	75.76
16	1	4	81.4	93
16	6	2	78.7	75.6
19	0	0	78.84	75.6
19	1	4	81.4	79.1
19	6	2	78.7	75.6
21	0	0	95.15	86.49
21	1	4	81.4	93
21	6	2	95.5	86.4
22	0	0	68.08	58.83
22	1	4	69.9	62.6
22	6	2	68	58.6
23	0	0	63.02	65.43
23	1	4	63.7	62.6
23	6	2	63	65.6
29	0	0	91.97	86.4
29	1	4	81.4	62.6
29	6	2	95.5	86.4
30	0	0	67.2	78.18
30	1	4	82.9	89.6
30	6	2	67	78.1
31	0	0	80.47	88.89
31	1	4	91.8	99
31	6	2	80.1	88.7
32	0	0	65.58	82.19
32	1	4	78.1	89.6
32	6	2	65.4	82.1
33	0	0	59.26	72.18
33	1	4	55.1	81.1
33	6	2	59.3	72.1
34	0	0	61.37	71.67
34	1	4	65	78
34	6	2	61.3	71.5
35	0	0	48.63	74.86
35	1	4	50.6	73.6
35	6	2	48.5	74.9
36	0	0	56.04	60.41
36	1	4	63.6	72.9
36	6	2	56	60.3
37	0	0	61.67	70.28
37	1	4	74.2	88.3
37	6	2	60.8	69.6
39	0	0	55.06	59.48
39	1	4	63.6	62.9
39	6	2	54.8	59.4
41	0	0	68.69	75.29
41	1	4	60.5	62.5
41	6	2	68.8	75.4
49	0	0	67.18	59.16
49	1	4	60.5	62.5
49	6	2	67.2	59.1
51	0	0	91.73	85
51	1	4	83.9	85
51	6	2	91.8	85
52	0	0	77.31	70.64
52	1	4	85.3	86.1
52	6	2	77.3	70.5
53	0	0	87.69	84.65
53	1	4	85.3	86.1
53	6	2	88.8	84.1
54	0	0	88.37	86.51
54	1	4	83.9	92.5
54	6	2	88.5	86.4
59	0	0	83.33	72.51
59	1	4	85.3	86.1
59	6	2	83.1	71
61	0	0	75.86	77.76
61	1	4	83.7	88.3
61	6	2	75	76.8
62	0	0	76.07	77.15
62	1	4	88.5	84.1
62	6	2	75.7	77
63	0	0	80.53	85.1
63	1	4	89.2	85.1
63	6	2	79.6	85.1
69	0	0	66.78	65.8
69	1	4	78	84.3
69	6	2	64.6	64
71	0	0	69	71.32
71	1	4	75.8	79.6
71	6	2	66.6	69.2
72	0	0	54.34	53.22
72	1	4	59.1	62.3
72	6	2	53.2	52.5
73	0	0	71.55	74.77
73	1	4	80.6	76.7
73	6	2	68.3	73.7
74	0	0	66.14	61.65
74	1	4	73.9	68.6
74	6	2	63.2	59.5
75	0	0	76.77	81.42
75	1	4	80.5	84
75	6	2	76.5	81.3
76	0	0	66.29	65.91
76	1	4	66.2	63.7
76	6	2	66.3	66
77	0	0	71.66	75.65
77	1	4	80.7	84
77	6	2	70.5	75
79	0	0	72.46	74.48
79	1	4	74.8	79.4
79	6	2	68.8	70.3
91	0	0	77.5	71.79
91	1	4	77.9	71.5
91	6	2	77.5	71.8
92	0	0	68.36	68.21
92	1	4	82.5	89.2
92	6	2	67.9	67.5
99	0	0	86.01	82.98
99	1	4	77.9	94.7
99	6	2	87	81.6
101	0	0	98.8	85.29
101	1	4	99	91.2
101	6	2	98.8	85.2
102	0	0	69.06	68.56
102	1	4	60.8	74.3
102	6	2	69.4	68.5
103	0	0	65.97	63.93
103	1	4	60.8	73.9
103	6	2	66	63.8
104	0	0	69.4	69.66
104	1	4	77.8	74.3
104	6	2	69.4	69.6
105	0	0	63.57	63.19
105	1	4	60.8	63
105	6	2	63.6	63.2
106	0	0	51.83	45.76
106	1	4	56.3	53.3
106	6	2	51.8	45.7
107	0	0	48.48	41.1
107	1	4	56.3	51.4
107	6	2	48.4	41
109	0	0	53.08	60.49
109	1	4	62.8	63.5
109	6	2	51.4	59.4
111	0	0	68.87	74.62
111	1	4	69.5	85.9
111	6	2	68.7	73.1
112	0	0	60.44	59.86
112	1	4	44.5	70.6
112	6	2	62	59.6
119	0	0	62	84.5
119	1	4	66.1	84.5
119	6	2	62	84.5
121	0	0	88.74	90.29
121	1	4	90.3	98.1
121	6	2	88.5	89.7
122	0	0	88.77	65.68
122	1	4	90.3	73.8
122	6	2	88.5	65.4
123	0	0	52.36	54.3
123	1	4	56.3	58
123	6	2	51.8	54.2
129	0	0	89.4	67.3
129	1	4	90.3	75.1
129	6	2	88.5	59.5
131	0	0	81.52	75.09
131	1	4	90.3	73.8
131	6	2	81.5	75.1
139	0	0	42.54	54.84
139	1	4	56.3	70.7
139	6	2	42.3	54.7
141	0	0	78.53	77.35
141	1	4	79.8	70.6
141	6	2	78.4	78.7
149	0	0	39	43.22
149	1	4	39	51.4
149	6	2	39	42.9
151	0	0	71.39	70.46
151	1	4	63.8	89.7
151	6	2	71.5	70.2
152	0	0	60.97	57.51
152	1	4	58.3	58.5
152	6	2	61	57.5
153	0	0	53.23	43.9
153	1	4	63.1	54.1
153	6	2	53.1	43.8
154	0	0	51.05	33.8
154	1	4	63.1	41
154	6	2	50.9	33.7
155	0	0	60.52	40.86
155	1	4	63.1	46.9
155	6	2	60.5	40.8
159	0	0	50.35	38.26
159	1	4	63.1	44
159	6	2	49.7	38
161	0	0	70.95	74.7
161	1	4	66.2	74.7
161	6	2	71	74.7
162	0	0	61.83	50.6
162	1	4	66.2	75.8
162	6	2	61.8	49.9
169	0	0	65.52	76.8
169	1	4	66.2	76.8
169	6	2	65.5	76.8
191	0	0	88.69	92.81
191	1	4	92.8	98.1
191	6	2	87.9	92.1
192	0	0	65.65	75.93
192	1	4	66.2	87.6
192	6	2	65.5	75.6
199	0	0	56.35	67.39
199	1	4	63.1	87.6
199	6	2	56	65.8
201	0	0	76.51	69.17
201	1	4	79.1	79.8
201	6	2	76.5	69.1
202	0	0	75.81	73.41
202	1	4	77.1	78
202	6	2	75.8	73.4
203	0	0	73.12	68.34
203	1	4	77.1	78
203	6	2	73.1	68.3
209	0	0	69.49	72.34
209	1	4	77.1	78
209	6	2	69.4	72.3
211	0	0	67.23	66.28
211	1	4	62.9	71.9
211	6	2	67.3	66.1
212	0	0	59.65	67.06
212	1	4	66.7	71.9
212	6	2	59.6	67
219	0	0	67.29	66.95
219	1	4	59.1	71.9
219	6	2	68.1	66.7
221	0	0	67.54	68.42
221	1	4	82.6	70.7
221	6	2	67.4	68.4
222	0	0	61.56	68.61
222	1	4	82.6	70.7
222	6	2	61.5	68.6
229	0	0	70.08	64.17
229	1	4	82.6	70.7
229	6	2	69.6	64
231	0	0	71.92	67.34
231	1	4	69.5	66.2
231	6	2	72.2	67.4
232	0	0	65.16	55.14
232	1	4	64.3	60.6
232	6	2	65.2	54.9
239	0	0	70.79	64.7
239	1	4	69.5	66.2
239	6	2	70.8	64.7
241	0	0	73.89	63.56
241	1	4	60.9	75.3
241	6	2	74.1	63.3
242	0	0	50.53	47.63
242	1	4	60.9	62.9
242	6	2	49.9	46.9
249	0	0	48.23	49.68
249	1	4	60.9	63.2
249	6	2	48	49.1
251	0	0	70.56	68.39
251	1	4	77.9	79.8
251	6	2	70.4	68.2
252	0	0	51.31	45.39
252	1	4	53.6	57.3
252	6	2	51.3	45.2
259	0	0	58.93	53.09
259	1	4	53.6	57.3
259	6	2	59	53
261	0	0	74.86	71.01
261	1	4	74.1	74
261	6	2	74.9	70.9
262	0	0	86.68	82.32
262	1	4	74.1	74
262	6	2	86.9	82.4
269	0	0	84.66	94.38
269	1	4	74.1	74
269	6	2	85	95.4
291	0	0	54.24	50.55
291	1	4	68.7	61.9
291	6	2	54.1	50.5
292	0	0	62.84	58.87
292	1	4	48.9	57
292	6	2	62.9	58.9
293	0	0	64.51	61.77
293	1	4	67.2	57
293	6	2	64.5	61.8
294	0	0	59.62	54.34
294	1	4	67.2	61.7
294	6	2	59.6	54.3
295	0	0	64.73	62.93
295	1	4	62	58.9
295	6	2	65	63.1
296	0	0	55.37	49.28
296	1	4	53.2	61.9
296	6	2	55.4	49.2
297	0	0	49.05	57.57
297	1	4	60.4	77.2
297	6	2	48.8	56.8
299	0	0	52.82	53.27
299	1	4	68.7	61.9
299	6	2	52.7	53.1
311	0	0	71.62	71.26
311	1	4	72.1	82.3
311	6	2	71.6	70.6
312	0	0	66.94	70.97
312	1	4	63.7	71.5
312	6	2	67.7	70.9
313	0	0	58.65	59.37
313	1	4	55.9	71.5
313	6	2	58.8	58.9
319	0	0	60.12	59.74
319	1	4	60.4	60.6
319	6	2	60.1	59.7
321	0	0	57.74	58.57
321	1	4	51.6	62.9
321	6	2	57.8	58.5
331	0	0	61.58	52.41
331	1	4	54.3	50.4
331	6	2	67	57.4
332	0	0	60.14	56.81
332	1	4	64.9	51
332	6	2	60.1	56.9
333	0	0	51.29	41.67
333	1	4	49.2	34.7
333	6	2	51.3	41.7
339	0	0	43	40.48
339	1	4	46.3	41.3
339	6	2	42.6	40.4
399	0	0	60.1	59.63
399	1	4	56.4	51
399	6	2	60.1	60
400	0	0	47.46	38.81
400	1	4	47.2	38.3
400	6	2	50.8	46.7
401	0	0	50.89	51.86
401	1	4	50.5	51.5
401	6	2	54.1	55.2
402	0	0	55.04	46.39
402	1	4	51.3	39.3
402	6	2	55.1	46.7
403	0	0	54.09	59.2
403	1	4	51.3	59.2
403	6	2	54.1	59.2
404	0	0	53.84	44.5
404	1	4	51.3	44.5
404	6	2	53.9	44.5
405	0	0	48.76	38.64
405	1	4	49.2	38.3
405	6	2	40.2	49.6
406	0	0	46.52	41.1
406	1	4	50	38.3
406	6	2	40.2	46.7
409	0	0	51.3	39.56
409	1	4	51.3	38.3
409	6	2	52.8	46.7
411	0	0	36.63	39.94
411	1	4	43.3	42.8
411	6	2	35.8	39.5
412	0	0	35.2	27.3
412	1	4	44.3	43.5
412	6	2	34.3	25.7
413	0	0	35.06	31.68
413	1	4	30.2	42.8
413	6	2	35.1	31.6
414	0	0	42	25.7
414	1	4	42	43.1
414	6	2	42	25.7
419	0	0	38.86	36.77
419	1	4	43.3	42.8
419	6	2	38.8	35.8
421	0	0	49.2	32
421	1	4	49.2	39.7
421	6	2	49.2	32
431	0	0	37.03	37.22
431	1	4	36.7	38.3
431	6	2	39.2	32
432	0	0	41.7	30.28
432	1	4	36.7	42.8
432	6	2	42.6	25.7
439	0	0	42.83	39.7
439	1	4	43.3	39.7
439	6	2	42.6	32
441	0	0	31.9	23.58
441	1	4	36.2	42.8
441	6	2	31	22.9
449	0	0	38.12	19
449	1	4	36.2	19
449	6	2	38.2	19
501	0	0	29.87	29.8
501	1	4	31.8	29.8
501	6	2	29.8	29.8
509	0	0	27.46	29.31
509	1	4	31.9	52.1
509	6	2	27.3	28.7
511	0	0	38.09	27.8
511	1	4	48.3	27.8
511	6	2	36.7	27.8
521	0	0	33.1	18.5
521	1	4	33.1	18.5
521	6	2	33.1	18.5
531	0	0	39.5	27.8
531	1	4	39.5	27.8
531	6	2	39.5	27.8
599	0	0	34.6	23.3
599	1	4	31.9	52.1
599	6	2	35	18.5
601	0	0	55.09	31
601	1	4	51.9	49.6
601	6	2	55.3	31
602	0	0	65.4	48.3
602	1	4	65.4	49.6
602	6	2	65.4	47
603	0	0	51.2	31
603	1	4	51.9	49.6
603	6	2	51.2	31
609	0	0	53.3	48.3
609	1	4	51.9	49.6
609	6	2	54.7	47
611	0	0	36.46	31
611	1	4	35.5	31
611	6	2	36.5	31
612	0	0	33.72	31
612	1	4	35.5	31
612	6	2	33.7	31
619	0	0	50.7	31
619	1	4	50.7	31
619	6	2	50.7	31
621	0	0	73.5	75.3
621	1	4	73.5	75.3
621	6	2	73.5	75.3
629	0	0	73.5	75.3
629	1	4	73.5	75.3
629	6	2	73.5	75.3
631	0	0	47.68	44.6
631	1	4	41.5	44.6
631	6	2	47.7	44.6
640	0	0	40.71	38.87
640	1	4	41.5	41.1
640	6	2	40.5	38.1
641	0	0	34.29	39.86
641	1	4	39.7	43.3
641	6	2	33.1	38.6
642	0	0	42.29	34.1
642	1	4	41.5	34.1
642	6	2	42.3	34.1
643	0	0	38.29	50.39
643	1	4	42.7	43.3
643	6	2	37	51.1
649	0	0	39.58	46.2
649	1	4	42.7	46.2
649	6	2	39.5	46.2
651	0	0	63.4	66.6
651	1	4	63.4	66.6
651	6	2	63.4	66.6
652	0	0	41.9	44.29
652	1	4	42.7	43.3
652	6	2	41.9	44.3
653	0	0	40.2	45.65
653	1	4	42.7	43.3
653	6	2	40.2	45.7
659	0	0	40.2	45.7
659	1	4	42.9	54.4
659	6	2	40.2	45.7
661	0	0	49.81	44.3
661	1	4	53.7	53.7
661	6	2	49.8	44.3
662	0	0	63.7	65.4
662	1	4	63.7	65.4
662	6	2	63.7	65.4
663	0	0	47.81	44.7
663	1	4	53.7	44.7
663	6	2	47.8	44.7
664	0	0	47.5	44.25
664	1	4	53.7	43.3
664	6	2	47.4	44.3
669	0	0	49.97	44.3
669	1	4	53.7	53.7
669	6	2	49.8	44.3
671	0	0	53.25	50.57
671	1	4	46.8	57.8
671	6	2	53.3	50.5
673	0	0	53.9	45.9
673	1	4	53.9	45.9
673	6	2	53.9	45.9
674	0	0	53.84	49.87
674	1	4	46.8	53.4
674	6	2	54	49.8
675	0	0	53.7	44.5
675	1	4	46.8	44.5
675	6	2	53.8	44.5
679	0	0	50.15	52.45
679	1	4	46.8	55.2
679	6	2	53.5	49.7
681	0	0	48.4	39.55
681	1	4	48.8	45.3
681	6	2	48.4	39.5
682	0	0	40.62	52.23
682	1	4	42.8	65.8
682	6	2	40.6	52
689	0	0	36.69	32.46
689	1	4	38.5	40.1
689	6	2	36.6	32.3
691	0	0	34.97	44.3
691	1	4	53.7	49.6
691	6	2	34.9	44.3
699	0	0	40.2	48.3
699	1	4	34.9	49.6
699	6	2	40.2	47
701	0	0	23.1	18.7
701	1	4	41.9	58.6
701	6	2	23.1	18.7
702	0	0	25.07	19.46
702	1	4	41.9	58.6
702	6	2	23.1	18.7
703	0	0	30.51	27.59
703	1	4	41.9	58.6
703	6	2	29.7	25.4
705	0	0	28.25	20.84
705	1	4	41.9	58.6
705	6	2	28.1	20.1
706	0	0	31.68	31.33
706	1	4	41.9	58.6
706	6	2	31.1	29.6
707	0	0	23.2	25.7
707	1	4	41.9	58.6
707	6	2	23.2	25.3
709	0	0	24.19	27.75
709	1	4	41.9	58.6
709	6	2	23.2	25.9
711	0	0	37.05	59.73
711	1	4	37.2	62.8
711	6	2	36.9	58.8
712	0	0	50.16	60.88
712	1	4	49.3	62.8
712	6	2	50.7	58.8
713	0	0	50.7	57.16
713	1	4	46.6	62.8
713	6	2	50.7	52.7
714	0	0	39.06	33.1
714	1	4	46.3	56.2
714	6	2	36.2	29.8
715	0	0	36.5	39.99
715	1	4	46.3	73
715	6	2	35.8	37.4
716	0	0	46.73	28.37
716	1	4	53.5	52.6
716	6	2	44.7	26.4
719	0	0	42.09	27.93
719	1	4	56.5	57.7
719	6	2	39.2	25.5
721	0	0	36.21	45.24
721	1	4	36.3	44.2
721	6	2	36.1	46.1
722	0	0	21.56	21.34
722	1	4	47.3	44.2
722	6	2	18.9	20.6
723	0	0	36.37	28.03
723	1	4	47.3	44.2
723	6	2	33.9	27.1
729	0	0	34.6	34.65
729	1	4	38.2	44.2
729	6	2	31	25.1
731	0	0	27.22	26.2
731	1	4	35.7	52.1
731	6	2	27.2	26.1
732	0	0	23.41	11.2
732	1	4	35.7	11.2
732	6	2	23.4	11.2
733	0	0	26.82	17
733	1	4	35.7	17
733	6	2	26.8	17
735	0	0	17.7	19.4
735	1	4	35.7	19.4
735	6	2	17.5	19.4
736	0	0	35.64	13.2
736	1	4	44.3	52.1
736	6	2	34.2	7.5
737	0	0	20.74	10.43
737	1	4	35.7	52.1
737	6	2	20.5	9.5
739	0	0	26.07	22.25
739	1	4	35.7	52.1
739	6	2	26	22.1
741	0	0	46.73	37.13
741	1	4	57.6	61.7
741	6	2	46.3	36.4
742	0	0	50.02	51.21
742	1	4	50.7	70.8
742	6	2	49.5	48.2
743	0	0	57.52	58.2
743	1	4	68.6	69.8
743	6	2	55.7	57.5
744	0	0	61.62	59.51
744	1	4	64.9	69.8
744	6	2	60.9	58.3
745	0	0	56.16	57.46
745	1	4	60.7	70.8
745	6	2	54	52.4
746	0	0	48.56	42.85
746	1	4	65	61.7
746	6	2	42.8	33.7
749	0	0	46.3	39.21
749	1	4	60.6	61.7
749	6	2	46.3	36.4
751	0	0	31.4	26.09
751	1	4	37.1	52.1
751	6	2	31.3	25.7
752	0	0	33.78	31.48
752	1	4	46.4	52.1
752	6	2	33.6	31.4
753	0	0	35.81	34.3
753	1	4	40	52.1
753	6	2	35.4	33.1
754	0	0	37.42	26.87
754	1	4	42.2	52.1
754	6	2	36.9	25.7
755	0	0	39.86	41.9
755	1	4	44.2	41.9
755	6	2	39.4	41.9
756	0	0	29.29	25.33
756	1	4	37.5	52.1
756	6	2	29	25.1
757	0	0	36.11	32.44
757	1	4	44.6	52.1
757	6	2	35.4	31.5
758	0	0	28.88	26.89
758	1	4	37.2	52.1
758	6	2	28.6	26.2
759	0	0	32.3	27.47
759	1	4	42.5	52.1
759	6	2	31.6	26.6
761	0	0	43.17	34.42
761	1	4	49.9	64.5
761	6	2	42.7	32.4
762	0	0	38.08	20.41
762	1	4	43	54.5
762	6	2	37.8	19.6
763	0	0	39.63	22.62
763	1	4	46.7	54.5
763	6	2	39.2	22.4
764	0	0	43.86	32.25
764	1	4	48.2	64.5
764	6	2	43.6	32
765	0	0	43.4	45.5
765	1	4	48.2	45.5
765	6	2	43.4	45.5
766	0	0	62.98	63.1
766	1	4	64.1	63.1
766	6	2	62.9	63.1
769	0	0	45.44	25.38
769	1	4	67.1	54.5
769	6	2	44.4	24.8
771	0	0	24.86	12.5
771	1	4	42.6	47.8
771	6	2	24.6	12.5
772	0	0	28.67	13.97
772	1	4	42.6	39.8
772	6	2	27.7	12.5
773	0	0	23.7	20.16
773	1	4	42.6	39.8
773	6	2	23.4	20
775	0	0	40.11	24.2
775	1	4	55.1	47.8
775	6	2	38.3	24.2
776	0	0	41.07	28.73
776	1	4	52.8	74.2
776	6	2	39.1	24.2
777	0	0	31.05	21
777	1	4	42.8	39.8
777	6	2	30.2	20.4
779	0	0	31.65	23.04
779	1	4	49.6	39.8
779	6	2	29.7	21.9
781	0	0	39.9	15.67
781	1	4	42.4	32.4
781	6	2	39.4	14.3
782	0	0	40.89	33.95
782	1	4	43.6	32.4
782	6	2	40.3	34.7
783	0	0	28.03	16.22
783	1	4	29.5	32.4
783	6	2	27.8	15.5
789	0	0	41.55	34.15
789	1	4	43.6	32.4
789	6	2	40.3	34.7
791	0	0	37.69	36.2
791	1	4	42.4	52.2
791	6	2	37.1	33.3
793	0	0	33.42	34.41
793	1	4	40.6	52.2
793	6	2	33.3	33.3
794	0	0	40.22	37.71
794	1	4	44.9	52.2
794	6	2	39.6	33.3
795	0	0	34.71	35.76
795	1	4	35.8	52.2
795	6	2	34.6	33.3
796	0	0	40.91	44.88
796	1	4	43.7	52.2
796	6	2	40.4	42.6
799	0	0	36.11	44.52
799	1	4	41.7	52.2
799	6	2	35.4	40.6
801	0	0	48.58	47.47
801	1	4	58.4	75.2
801	6	2	48.2	46.9
802	0	0	50.84	45.14
802	1	4	55.2	75.2
802	6	2	50.7	44.4
803	0	0	44.17	38.8
803	1	4	51.7	67.8
803	6	2	43.8	36.9
804	0	0	37.95	29.91
804	1	4	51.7	67.8
804	6	2	37.5	28.9
805	0	0	54.2	43.4
805	1	4	58.4	75.2
805	6	2	53.9	42.2
809	0	0	46.19	45.98
809	1	4	51.5	75.2
809	6	2	46	45.2
811	0	0	27.01	20.1
811	1	4	55.5	20.1
811	6	2	26.8	20.1
812	0	0	27.68	26.16
812	1	4	55.5	46.9
812	6	2	24	21.9
813	0	0	24.7	19.8
813	1	4	24.7	46.9
813	6	2	24.7	19.8
814	0	0	30.71	32.44
814	1	4	55.5	46.9
814	6	2	28.5	31.9
819	0	0	28.59	20.69
819	1	4	55.5	46.9
819	6	2	27.4	19.8
821	0	0	33.12	32.47
821	1	4	44	46
821	6	2	31.6	24.9
822	0	0	39.05	32.33
822	1	4	41.3	46
822	6	2	38.3	30.3
823	0	0	24.82	27.01
823	1	4	50.1	48
823	6	2	23.9	26.8
824	0	0	35.42	19.24
824	1	4	50.1	48
824	6	2	35.3	19
825	0	0	29.15	18.93
825	1	4	50.1	48
825	6	2	28.3	18.5
826	0	0	33.71	25.36
826	1	4	38.3	48
826	6	2	33.6	25.1
827	0	0	32.54	26.71
827	1	4	36.1	48
827	6	2	32.5	26.4
828	0	0	31.3	22.24
828	1	4	31.3	48
828	6	2	31.3	21.9
829	0	0	32.72	26.86
829	1	4	36.1	48
829	6	2	32.6	26.2
831	0	0	35.83	34.3
831	1	4	57.4	34.3
831	6	2	35.7	34.3
832	0	0	24.6	19.8
832	1	4	57.4	48.4
832	6	2	23.6	19.8
833	0	0	33.14	20.38
833	1	4	57.4	48.4
833	6	2	33	19.8
834	0	0	32.21	20.71
834	1	4	46.3	48.4
834	6	2	31.5	20.5
835	0	0	30.17	21.31
835	1	4	49.9	48.4
835	6	2	29.1	20.9
839	0	0	32.91	30.02
839	1	4	57.4	48.4
839	6	2	32.5	29.9
841	0	0	31.12	16.4
841	1	4	40.6	16.4
841	6	2	31.1	16.4
842	0	0	29.56	23.12
842	1	4	40.6	48.4
842	6	2	29.5	23
843	0	0	29.17	20.9
843	1	4	40.6	48.4
843	6	2	29.1	20.8
849	0	0	29.73	14.9
849	1	4	40.6	14.9
849	6	2	29.1	14.9
851	0	0	27.51	8.5
851	1	4	35	8.5
851	6	2	27.3	8.5
852	0	0	26.86	36.04
852	1	4	35	59.4
852	6	2	26.5	35.6
853	0	0	60.92	58.21
853	1	4	62.6	70.8
853	6	2	59.7	52.4
854	0	0	35.66	24.12
854	1	4	50.3	59.4
854	6	2	33.4	20.2
859	0	0	31.44	22.09
859	1	4	43.7	59.4
859	6	2	30.9	20.2
861	0	0	43.95	48.35
861	1	4	37.8	37.3
861	6	2	44	48.7
869	0	0	40.9	48.7
869	1	4	37.8	48.7
869	6	2	44	48.7
871	0	0	33.18	17.3
871	1	4	42.5	17.3
871	6	2	32.9	17.3
872	0	0	34.71	26.84
872	1	4	38.1	37.3
872	6	2	33.3	16.7
873	0	0	24.44	20.97
873	1	4	38.9	37.3
873	6	2	24.2	20.9
879	0	0	34.98	37.98
879	1	4	41.9	37.3
879	6	2	34.9	38
881	0	0	27.46	22.02
881	1	4	41.5	39.9
881	6	2	27.3	21.8
882	0	0	34.82	31.5
882	1	4	36.7	40.2
882	6	2	34.8	31.4
889	0	0	41.73	48.89
889	1	4	36.7	40.2
889	6	2	41.9	51.5
891	0	0	29.38	29.45
891	1	4	35.2	40.2
891	6	2	28.8	27.9
901	0	0	52.95	54.3
901	1	4	55.6	54.3
901	6	2	52.9	54.3
902	0	0	37.84	41.8
902	1	4	51.1	51.7
902	6	2	35.3	35.2
903	0	0	58.3	60.9
903	1	4	61.7	60.9
903	6	2	58.3	60.9
904	0	0	53.83	48.62
904	1	4	61.7	51.7
904	6	2	53.8	48.6
905	0	0	48.55	42.21
905	1	4	41	51.7
905	6	2	48.6	42.2
906	0	0	40.9	43.2
906	1	4	41	51.7
906	6	2	40.9	43.1
909	0	0	37.8	35.42
909	1	4	46.6	51.7
909	6	2	37.5	35.2
911	0	0	53.75	54.27
911	1	4	51.9	54.8
911	6	2	54.5	54.2
912	0	0	40.28	38.07
912	1	4	38.3	40.8
912	6	2	40.5	38
913	0	0	38.45	36.25
913	1	4	32.6	41.6
913	6	2	39.5	36.1
914	0	0	50.99	42.91
914	1	4	49.3	44.2
914	6	2	51.2	42.8
915	0	0	57.43	56.11
915	1	4	60.8	59.5
915	6	2	56.8	55.9
916	0	0	63.3	77.26
916	1	4	63.3	54.8
916	6	2	63.3	77.5
919	0	0	54.67	47.75
919	1	4	60.8	59.5
919	6	2	53.7	47.4
921	0	0	45.28	35.9
921	1	4	49.6	35.9
921	6	2	44.2	35.9
929	0	0	44.2	38.8
929	1	4	48.2	38.8
929	6	2	44.2	38.8
931	0	0	44.31	36.47
931	1	4	49.6	40
931	6	2	44.2	36.3
932	0	0	38.79	27.44
932	1	4	45.7	39
932	6	2	37.9	27.2
939	0	0	35.59	35.21
939	1	4	45.7	40
939	6	2	35.3	35
941	0	0	47.51	48.05
941	1	4	46.4	49.1
941	6	2	51.4	46.2
942	0	0	50.36	43.32
942	1	4	46.4	44.7
942	6	2	50.4	43.3
949	0	0	48.67	45.99
949	1	4	46.4	44.7
949	6	2	51.4	47.6
951	0	0	39.16	27.82
951	1	4	47	46.8
951	6	2	37.2	26.8
952	0	0	25.48	21.73
952	1	4	47	46.8
952	6	2	24.1	20.8
959	0	0	38.84	30.13
959	1	4	47	46.8
959	6	2	37.1	26.8
961	0	0	59.05	51.63
961	1	4	57.1	56.4
961	6	2	60.1	50.7
971	0	0	53.1	53.25
971	1	4	57.7	54.8
971	6	2	51.9	52.8
979	0	0	41.04	47.08
979	1	4	40.1	54.8
979	6	2	41.2	46.9
981	0	0	58.81	61.2
981	1	4	65.7	61.2
981	6	2	58.8	61.2
989	0	0	70.6	61.2
989	1	4	70.6	61.2
989	6	2	70.6	61.2
1000	0	0	57.11	58.54
1000	1	4	64.3	71.99
1000	6	2	56.94	58.15
1001	0	0	69.95	62.64
1001	1	4	79.17	78.36
1001	6	2	69.82	62.45
1002	0	0	71.44	70.66
1002	1	4	68.93	67.16
1002	6	2	71.54	70.81
1003	0	0	63.11	68.78
1003	1	4	68.06	77.05
1003	6	2	62.99	68.67
1004	0	0	68.53	62.6
1004	1	4	60.5	62.5
1004	6	2	68.62	62.6
1005	0	0	86.92	82.65
1005	1	4	85.16	86.93
1005	6	2	87.14	82.41
1006	0	0	75.54	75.85
1006	1	4	83.64	87.02
1006	6	2	74.75	75.07
1007	0	0	68.28	70.08
1007	1	4	74.7	76.77
1007	6	2	66.52	68.4
1009	0	0	75.52	71.72
1009	1	4	79.41	80.58
1009	6	2	75.36	71.49
1010	0	0	76.5	50.71
1010	1	4	80.67	62.36
1010	6	2	76.37	50.53
1011	0	0	66.46	65.97
1011	1	4	66.15	82.45
1011	6	2	66.53	64.87
1012	0	0	88.59	60.97
1012	1	4	90.17	72.19
1012	6	2	88.34	60.57
1013	0	0	76.06	65.28
1013	1	4	73.3	71.92
1013	6	2	76.07	65.23
1014	0	0	77.15	62.94
1014	1	4	79.8	67.85
1014	6	2	76.88	62.32
1015	0	0	62.33	42.41
1015	1	4	62.16	50.5
1015	6	2	62.33	42.31
1016	0	0	64.8	63.8
1016	1	4	66.2	75.45
1016	6	2	64.78	63.59
1019	0	0	82.9	88.59
1019	1	4	90.66	97.12
1019	6	2	81.6	87.6
1020	0	0	74.92	69.43
1020	1	4	78.02	79.14
1020	6	2	74.9	69.37
1021	0	0	65.96	66.47
1021	1	4	62.99	71.9
1021	6	2	66	66.31
1022	0	0	66.02	68.43
1022	1	4	82.6	70.7
1022	6	2	65.88	68.41
1023	0	0	67.56	56.63
1023	1	4	67.07	61.23
1023	6	2	67.58	56.43
1024	0	0	49.85	54.03
1024	1	4	60.9	65.58
1024	6	2	49.65	53.6
1025	0	0	67.98	57.52
1025	1	4	76.22	68.82
1025	6	2	67.82	57.33
1026	0	0	75.51	71.56
1026	1	4	74.1	74
1026	6	2	75.58	71.48
1029	0	0	56.94	57.37
1029	1	4	60.24	60.74
1029	6	2	56.89	57.32
1031	0	0	67.33	66.35
1031	1	4	66.1	75.35
1031	6	2	67.43	65.79
1032	0	0	57.74	58.57
1032	1	4	51.6	62.9
1032	6	2	57.8	58.5
1033	0	0	57.94	44.64
1033	1	4	54.46	49.8
1033	6	2	58.37	44.06
1039	0	0	60.1	59.63
1039	1	4	56.4	51
1039	6	2	60.1	60
1040	0	0	48.23	39.45
1040	1	4	47.33	38.73
1040	6	2	52.72	48.33
1041	0	0	35.61	31.85
1041	1	4	42.14	43.12
1041	6	2	35.3	31.12
1042	0	0	49.2	32
1042	1	4	49.2	39.7
1042	6	2	49.2	32
1043	0	0	37.58	34.05
1043	1	4	36.71	39.29
1043	6	2	40.73	27.02
1044	0	0	32.31	22.97
1044	1	4	36.2	41.4
1044	6	2	31.53	22.37
1050	0	0	29.19	29.62
1050	1	4	31.82	40.95
1050	6	2	29.08	29.4
1051	0	0	38.09	27.8
1051	1	4	48.3	27.8
1051	6	2	36.7	27.8
1052	0	0	33.1	18.5
1052	1	4	33.1	18.5
1052	6	2	33.1	18.5
1053	0	0	39.5	27.8
1053	1	4	39.5	27.8
1053	6	2	39.5	27.8
1059	0	0	34.6	23.3
1059	1	4	31.9	52.1
1059	6	2	35	18.5
1060	0	0	54.59	31
1060	1	4	51.9	49.6
1060	6	2	54.7	31
1061	0	0	36.19	31
1061	1	4	35.5	31
1061	6	2	36.21	31
1062	0	0	73.5	75.3
1062	1	4	73.5	75.3
1062	6	2	73.5	75.3
1063	0	0	47.68	44.6
1063	1	4	41.5	44.6
1063	6	2	47.7	44.6
1064	0	0	36.19	39.07
1064	1	4	40.3	41.7
1064	6	2	35.22	38.19
1065	0	0	43	53.6
1065	1	4	44.77	53.89
1065	6	2	42.99	53.6
1066	0	0	50.27	54
1066	1	4	53.87	43.3
1066	6	2	50.23	54.23
1067	0	0	53.39	49.69
1067	1	4	46.8	54.07
1067	6	2	53.45	49.63
1068	0	0	44.71	43.14
1068	1	4	43.41	53.7
1068	6	2	44.73	43
1069	0	0	35.01	44.3
1069	1	4	53.7	49.6
1069	6	2	34.94	44.3
1070	0	0	28.17	26.5
1070	1	4	41.9	58.6
1070	6	2	27.51	24.77
1071	0	0	40.74	29.9
1071	1	4	46.85	54.86
1071	6	2	38.58	27.63
1072	0	0	33.32	26.97
1072	1	4	38.38	44.2
1072	6	2	30.35	25.25
1073	0	0	26.75	19.05
1073	1	4	42.78	50.67
1073	6	2	26.17	18.56
1074	0	0	52.31	52.07
1074	1	4	60.86	68.27
1074	6	2	50.96	50.45
1075	0	0	34.33	28.99
1075	1	4	41.26	51.61
1075	6	2	33.87	28.53
1076	0	0	43.37	32.1
1076	1	4	49.67	62.05
1076	6	2	43.04	31.77
1077	0	0	31.73	21.59
1077	1	4	46.89	47.88
1077	6	2	30.39	20.29
1078	0	0	38.13	16.85
1078	1	4	40.89	32.4
1078	6	2	37.58	15.62
1079	0	0	37.58	41.74
1079	1	4	43.35	52.2
1079	6	2	36.95	38.3
1080	0	0	45.59	41.27
1080	1	4	52.56	71.39
1080	6	2	45.29	40.29
1081	0	0	27.48	22.71
1081	1	4	55.5	46.11
1081	6	2	26.56	21.84
1082	0	0	34.75	26.42
1082	1	4	41.31	46.4
1082	6	2	34.03	25.32
1083	0	0	31.75	23.43
1083	1	4	49.79	48.4
1083	6	2	31.06	23.14
1084	0	0	29.8	21.7
1084	1	4	40.6	48.4
1084	6	2	29.75	21.59
1085	0	0	31.48	22.35
1085	1	4	49.44	57.86
1085	6	2	30.23	20.42
1086	0	0	43.95	48.35
1086	1	4	37.8	37.3
1086	6	2	44	48.7
1087	0	0	30.27	21.2
1087	1	4	38.27	36.81
1087	6	2	29.13	20.83
1088	0	0	33.91	26.18
1088	1	4	37.34	40.03
1088	6	2	33.87	26
1089	0	0	29.38	29.45
1089	1	4	35.2	40.2
1089	6	2	28.8	27.9
1090	0	0	52.44	47.36
1090	1	4	51.15	52.69
1090	6	2	52.46	47.32
1091	0	0	47.14	40.24
1091	1	4	46.35	45.89
1091	6	2	47.28	40
1092	0	0	45.1	37.04
1092	1	4	49.6	38.22
1092	6	2	44.2	36.73
1093	0	0	42.59	27.75
1093	1	4	47.24	39.07
1093	6	2	42.4	27.5
1094	0	0	48.22	47.82
1094	1	4	46.4	49.07
1094	6	2	50.8	45.86
1095	0	0	38.14	27.52
1095	1	4	47	46.8
1095	6	2	36.07	26.49
1096	0	0	59.05	51.63
1096	1	4	57.1	56.4
1096	6	2	60.1	50.7
1097	0	0	48.84	48.32
1097	1	4	52.87	54.8
1097	6	2	47.93	47.88
1098	0	0	58.9	61.2
1098	1	4	65.7	61.2
1098	6	2	58.88	61.2
1100	0	0	61	67.93
1100	1	4	70.91	77.59
1100	6	2	60.64	67.68
1101	0	0	73.53	48.57
1101	1	4	81.2	63.68
1101	6	2	73.18	48.31
1102	0	0	64.96	56.95
1102	1	4	68.32	64.99
1102	6	2	64.89	56.7
1103	0	0	59.3	46.82
1103	1	4	55.77	51.08
1103	6	2	59.68	46.37
1104	0	0	43.07	37.39
1104	1	4	46.34	38.82
1104	6	2	38.57	33.77
1105	0	0	30.43	27.69
1105	1	4	36.27	40.45
1105	6	2	30.14	27.29
1106	0	0	40.47	46.5
1106	1	4	40.58	45.21
1106	6	2	40.46	46.56
1107	0	0	36.14	28.88
1107	1	4	43.38	53.52
1107	6	2	35.57	28.02
1109	0	0	47.16	35.77
1109	1	4	47.84	47.21
1109	6	2	47.11	34.81
1110	0	0	58.9	61.2
1110	1	4	65.7	61.2
1110	6	2	58.88	61.2
