hisco	hiscam	orig
1100	84.56	0
1110	84.56	0
1190	84.56	0
1200	84.56	0
1210	84.56	0
1300	84.56	0
1340	84.56	0
1400	84.56	0
1420	84.56	0
1430	84.56	0
2000	99.00	1
2100	98.58	0
2120	98.34	1
2130	98.58	0
2140	98.58	0
2200	98.58	0
2210	99.00	1
2220	98.52	1
2230	98.58	0
2240	98.58	0
2245	98.58	0
2255	98.58	0
2290	98.58	0
2300	98.58	0
2305	98.58	0
2310	98.58	0
2400	98.58	0
2410	98.58	0
2430	98.58	0
2450	98.58	0
2460	98.58	0
2510	98.58	0
2620	98.58	0
2700	98.58	0
2710	98.58	0
2740	98.58	0
2900	98.58	0
2930	98.58	0
2990	98.58	0
3000	98.58	0
3010	98.58	0
3020	98.46	1
3022	98.58	0
3030	98.58	0
3040	98.58	0
3090	98.58	0
3100	99.00	1
3110	99.00	1
3120	98.58	0
3130	98.58	0
3140	98.58	0
3150	98.58	0
3160	98.58	0
3170	98.58	0
3180	98.58	0
3200	98.58	0
3300	98.58	0
3310	98.58	0
3320	98.58	0
3330	98.58	0
3340	98.58	0
3390	99.00	1
3405	98.58	0
3490	98.58	0
3510	98.64	1
3520	98.58	0
3540	98.58	0
3550	98.58	0
3590	98.58	0
3620	98.58	0
3720	98.58	0
3930	98.58	0
4100	74.55	0
4120	74.55	0
4125	74.55	0
4130	74.55	0
4140	74.55	0
4200	74.55	0
4215	74.55	0
4217	76.15	1
4220	74.55	0
4230	65.95	1
4240	76.15	1
4250	74.55	0
4290	74.55	0
4320	74.55	0
5100	84.56	0
5110	84.56	0
5120	84.56	0
5190	84.56	0
5230	84.56	0
5260	84.56	0
5320	84.56	0
5330	84.56	0
5340	84.56	0
5360	84.56	0
5390	84.56	0
5400	84.56	0
5420	84.56	0
6100	99.00	1
6105	99.00	1
6110	99.00	1
6120	99.00	1
6130	99.00	1
6140	99.00	1
6190	99.00	1
6210	97.79	0
6300	84.56	0
6310	99.00	0
6320	99.00	1
6420	97.79	0
6500	99.00	1
6510	99.00	1
6520	99.00	0
6590	99.00	0
6700	99.00	1
6710	99.00	1
6810	97.79	0
6910	97.79	0
6990	97.79	0
7100	84.56	0
7110	97.79	0
7130	97.79	0
7200	84.56	0
7210	97.79	1
7300	84.56	0
7310	97.79	0
7410	97.79	0
7500	84.56	0
7520	99.00	0
7530	99.00	0
7600	84.56	0
7620	97.79	0
7640	97.79	0
7900	84.56	0
7920	97.79	0
7930	97.79	0
7990	97.79	0
8110	84.56	0
8130	84.56	0
8200	84.56	0
8220	84.56	0
8230	84.56	0
8250	84.56	0
8490	84.56	0
9010	84.56	0
9150	84.56	0
9999	84.56	0
11000	84.56	0
11010	84.56	0
11020	84.56	0
12000	99.00	1
12100	99.00	0
12110	99.00	1
12200	99.00	0
12210	99.00	0
12310	99.00	1
12400	99.00	1
12410	99.00	1
12900	99.00	1
12910	99.00	1
13000	96.64	0
13020	96.64	0
13030	96.64	0
13100	97.79	1
13130	97.79	0
13140	97.79	0
13170	97.79	0
13175	97.79	0
13190	97.79	0
13200	97.79	1
13215	97.79	0
13220	97.79	0
13230	97.79	0
13250	97.79	1
13260	97.79	0
13270	97.79	0
13275	97.79	0
13280	97.79	0
13290	97.79	0
13320	96.58	1
13390	95.89	1
13420	97.79	0
13490	97.79	0
13590	97.79	0
13900	97.79	0
13940	97.79	1
13950	97.79	0
13960	97.79	0
13990	97.79	1
14100	97.79	0
14120	97.79	0
14120	97.79	1
14130	97.79	0
14140	97.79	0
14190	97.79	0
14990	97.79	1
15120	98.72	0
15120	98.72	1
15900	98.72	0
15915	98.72	0
15920	98.72	0
15920	98.72	0
15930	98.72	0
15945	98.72	0
15950	98.72	0
15960	98.72	0
15990	98.72	0
16000	97.79	1
16100	97.79	0
16120	97.79	0
16120	97.79	1
16130	97.79	0
16150	97.79	1
16160	97.79	0
16190	97.79	0
16200	97.79	0
16220	97.79	0
16230	97.79	1
16240	97.79	0
16250	97.79	0
16300	97.79	0
16310	97.79	0
16350	97.79	0
16360	97.79	0
17000	77.00	1
17100	85.90	0
17120	85.90	0
17130	85.90	0
17135	85.90	0
17140	86.24	1
17145	87.40	1
17150	85.90	0
17190	85.90	0
17200	85.90	0
17220	77.00	1
17230	85.90	0
17300	85.90	0
17320	85.90	0
17340	85.90	0
17420	85.90	0
17490	85.90	0
17530	85.90	0
17540	85.90	0
17590	85.90	0
17900	85.90	0
17920	85.90	0
17940	85.90	0
17990	83.93	1
18000	85.90	0
18020	85.90	0
18050	85.90	0
18090	85.90	0
19100	93.23	0
19120	93.23	0
19130	93.23	0
19140	93.23	0
19190	93.23	0
19200	93.23	0
19250	93.23	0
19290	93.23	0
19300	93.23	0
19320	93.23	0
19390	93.23	0
19400	93.23	0
19420	93.23	0
19430	93.23	0
19490	93.23	0
19500	93.23	0
19520	93.23	0
19530	93.23	0
19540	93.23	0
19900	93.23	0
19950	93.23	0
19960	93.23	0
19990	93.23	0
20100	98.71	1
20110	98.71	1
20200	98.43	1
20210	98.43	1
21000	90.24	0
21100	90.32	1
21110	90.32	1
21200	90.24	0
21220	90.76	1
21230	91.90	0
21240	90.06	1
21300	91.90	0
21320	91.90	0
21340	91.90	0
21420	97.79	0
21430	97.79	1
21490	97.79	0
21900	91.90	0
21940	90.24	0
21950	90.24	0
21960	90.24	0
21970	90.24	0
21980	90.24	0
21990	90.24	0
22000	92.83	1
22100	92.83	0
22110	92.83	1
22190	92.83	0
22200	92.83	0
22210	92.83	1
22220	92.83	0
22230	92.83	0
22235	92.83	0
22240	92.83	0
22245	92.83	0
22250	92.83	0
22265	92.83	0
22275	92.83	0
22280	92.83	0
22290	92.83	1
22300	92.83	0
22320	92.83	0
22330	92.83	0
22390	92.83	0
22420	92.83	0
22425	92.83	0
22430	92.83	1
22440	92.83	0
22450	92.83	1
22460	92.83	0
22490	92.83	0
22520	92.83	0
22600	92.83	0
22610	92.83	1
22620	92.83	0
22630	92.83	0
22640	92.83	0
22650	92.83	1
22651	92.83	0
22655	92.83	0
22660	92.83	0
22665	92.83	0
22670	92.83	0
22675	92.83	1
22680	92.83	0
22690	92.83	0
30000	99.00	1
31000	99.00	1
31020	99.00	1
31030	99.00	1
31040	86.21	0
31040	70.46	1
31090	99.00	1
31940	86.21	0
32100	86.21	0
32110	86.21	0
32120	86.21	0
32140	86.21	0
32190	86.21	0
32220	86.21	0
33000	99.00	1
33100	99.00	1
33110	99.00	1
33120	99.00	1
33130	99.00	1
33135	99.00	1
33140	99.00	1
33150	99.00	1
33160	99.00	1
33170	99.00	1
33190	99.00	1
33900	86.21	0
33920	86.21	0
33930	86.21	0
33940	86.21	0
33990	99.00	1
34120	75.43	0
34230	75.43	0
36000	75.43	0
36020	76.51	1
36040	75.43	0
36090	75.43	0
37000	76.71	1
37010	75.43	0
37020	76.97	1
37030	75.20	1
37040	74.11	1
37090	75.43	0
38000	76.97	1
38020	75.43	0
38030	75.43	0
38040	76.97	1
38090	75.43	0
39100	99.00	1
39110	99.00	1
39120	99.00	1
39130	99.00	1
39140	99.00	1
39150	99.00	1
39190	99.00	1
39230	86.21	0
39310	91.43	1
39320	86.21	0
39340	99.00	1
39350	86.21	0
39390	86.21	0
39410	86.21	0
39440	86.21	0
39490	86.21	0
39520	86.21	0
39530	86.21	0
39900	86.21	0
39940	86.21	0
39960	69.73	1
39990	99.00	1
41000	75.87	0
41020	76.06	1
41025	75.48	1
41030	76.65	1
41035	75.87	0
41040	76.12	1
41525	56.86	0
42200	63.35	1
42220	63.35	1
42230	63.35	1
43100	63.35	0
43120	63.35	0
43200	63.35	1
43220	63.35	1
43230	63.35	1
43290	63.35	0
44100	63.35	1
44120	63.35	1
44130	63.35	0
44140	63.35	0
44190	63.35	1
44200	63.35	0
44220	63.35	0
44230	63.35	0
44300	63.35	0
44320	63.35	0
44330	63.35	0
45100	60.45	0
45120	60.45	0
45125	60.77	1
45130	61.91	1
45140	60.45	0
45150	60.45	0
45190	54.49	1
45220	60.23	1
45225	60.45	0
45230	60.45	0
45240	60.45	0
45250	60.45	0
45290	60.45	0
49020	60.45	0
49030	60.45	0
49090	60.45	0
51000	64.10	0
51020	86.44	1
51030	64.10	0
51040	63.25	1
51050	63.25	1
51090	63.25	1
52000	56.86	0
52290	56.86	0
53100	69.34	1
53120	69.34	0
53130	69.34	0
53140	69.34	0
53150	69.34	0
53190	69.34	0
53200	28.55	1
53210	28.55	1
53220	28.55	1
53240	28.55	1
53250	28.55	1
53290	28.55	1
53330	31.26	0
54000	28.55	1
54010	28.55	1
54020	28.55	1
54030	28.55	1
54035	31.26	0
54040	31.26	0
54050	28.55	1
54055	31.26	0
54060	31.26	0
54090	31.26	0
55100	31.26	0
55120	31.26	0
55125	62.98	1
55130	97.40	1
55140	97.40	1
55190	31.26	0
55200	62.98	1
55220	62.98	1
55220	31.26	0
55230	31.26	0
55230	62.98	1
55240	56.09	1
55290	31.26	0
56000	56.09	1
56010	56.09	1
56030	31.26	0
56030	56.09	1
56040	56.09	1
56050	56.09	1
56060	56.09	1
56065	56.09	1
56070	56.09	1
56090	56.09	1
57000	57.21	1
57025	57.21	1
57030	57.21	0
57030	57.21	1
57070	57.21	1
57090	57.21	1
58100	70.61	1
58110	70.61	1
58200	70.03	0
58220	75.12	1
58225	70.03	0
58230	70.03	0
58240	70.03	0
58300	70.89	1
58320	75.12	1
58320	70.03	0
58330	74.22	1
58340	56.42	1
58490	70.03	0
58900	70.03	0
58920	70.03	0
58930	70.03	0
58930	71.52	1
58940	73.46	1
58990	73.96	1
59100	69.34	0
59200	69.34	0
59220	69.34	1
59230	69.34	0
59290	69.34	1
59900	69.34	0
59920	69.34	0
59940	69.34	0
59950	69.34	0
59990	69.34	1
61100	61.36	1
61110	61.36	1
61115	45.96	1
61120	61.36	1
61220	56.46	1
61230	56.46	1
61235	60.44	0
61240	61.36	1
61250	60.44	0
61260	60.44	0
61270	56.46	1
61270	60.44	0
61290	60.44	0
62100	36.59	1
62105	36.59	1
62110	36.59	1
62120	39.21	1
62200	38.92	0
62210	39.21	1
62220	38.92	0
62230	38.92	0
62240	39.21	1
62260	38.92	0
62290	38.92	0
62320	38.92	0
62330	38.92	0
62390	38.92	0
62400	39.21	1
62410	38.92	0
62420	39.21	1
62430	37.93	1
62440	39.21	1
62460	38.92	0
62490	35.85	1
62510	39.21	1
62520	38.92	0
62600	38.92	0
62610	38.92	0
62660	38.92	0
62690	38.92	0
62700	39.21	1
62720	38.92	0
62720	38.92	0
62730	38.92	0
62740	39.21	1
62790	38.92	0
62800	38.92	0
62820	38.92	0
62920	38.92	0
62940	38.92	0
62950	38.92	0
62960	38.92	0
62970	38.92	0
62990	38.92	0
63100	45.69	0
63110	52.75	0
63120	52.75	0
63130	52.75	0
63140	52.75	0
63190	53.05	1
63200	52.75	0
63220	44.05	1
63230	53.05	1
63250	52.75	0
63290	52.75	0
64100	53.05	1
64120	52.75	0
64120	52.75	0
64130	52.75	0
64900	52.75	0
64920	52.75	0
64930	52.75	0
64940	52.75	0
64960	53.05	1
64990	53.05	1
71100	73.78	0
71105	75.95	1
71110	73.78	0
71120	73.78	0
71125	73.78	0
71130	73.78	0
71150	73.78	0
71160	73.78	0
71170	73.78	0
71190	73.78	0
71200	73.78	0
71220	73.62	1
71250	73.78	0
71290	77.47	1
71300	73.78	0
71380	73.78	0
71390	73.78	0
72000	63.66	1
72100	68.67	0
72120	68.67	0
72130	68.67	0
72160	68.67	0
72170	68.67	0
72190	75.24	1
72200	68.67	0
72220	68.67	0
72230	68.67	0
72250	68.67	0
72260	68.67	0
72290	68.67	0
72320	68.67	0
72330	68.67	0
72390	68.67	0
72400	68.67	0
72420	68.95	1
72490	67.03	1
72500	68.67	0
72520	68.67	0
72530	68.67	0
72540	68.67	0
72555	68.67	0
72560	68.67	0
72590	68.67	0
72600	68.67	0
72620	68.67	0
72630	68.67	0
72640	68.67	0
72700	68.67	0
72725	68.67	0
72730	68.67	0
72740	68.67	0
72790	68.67	0
72800	68.67	0
72820	68.67	0
72830	68.67	0
72890	68.67	0
72900	68.67	0
72930	68.67	0
72940	68.67	0
72980	68.67	0
72990	68.67	0
73100	40.08	0
73130	40.08	0
73200	40.08	1
73210	40.08	1
73240	40.08	1
73270	40.08	1
73290	40.08	1
73320	40.08	0
73350	40.08	0
73360	40.08	0
73390	40.08	0
73400	40.08	1
73430	40.08	1
73460	40.08	1
73490	40.08	1
74100	83.09	0
74120	84.66	1
74140	83.09	0
74200	83.47	1
74220	83.47	1
74240	83.47	1
74400	83.09	0
74470	82.28	1
74490	83.09	0
74500	84.66	1
74900	83.09	0
74910	83.09	0
74920	83.09	0
74925	83.09	0
74930	83.09	0
74990	83.09	0
75000	43.95	1
75100	39.55	1
75115	39.55	1
75120	39.55	1
75130	39.55	1
75135	39.55	1
75140	39.55	1
75145	39.55	1
75150	39.55	1
75155	39.55	1
75190	39.55	1
75220	40.32	1
75230	40.32	1
75240	40.32	1
75250	40.32	1
75290	40.32	1
75300	40.08	0
75320	40.08	0
75340	40.08	0
75350	39.55	1
75390	39.55	1
75400	39.55	1
75415	40.08	0
75420	40.08	0
75422	40.08	0
75430	40.08	0
75432	39.55	1
75435	39.55	1
75440	40.08	0
75445	39.55	1
75450	39.55	1
75452	39.55	1
75455	40.08	0
75457	40.08	0
75465	40.08	0
75470	40.08	0
75475	40.08	0
75490	39.55	1
75500	39.55	1
75520	40.08	0
75530	40.08	0
75535	40.08	0
75540	40.08	0
75590	40.08	0
75600	60.18	1
75615	60.18	1
75620	60.18	1
75622	60.18	1
75625	60.18	1
75635	60.18	1
75650	60.18	1
75655	60.18	1
75660	60.18	1
75670	60.18	1
75690	60.18	1
75700	40.08	0
75710	43.30	1
75720	39.55	1
75922	40.08	0
75925	40.08	0
75990	40.08	0
76100	39.55	1
76125	39.55	1
76130	39.55	1
76132	39.55	1
76145	39.55	1
76150	39.55	1
76155	39.55	1
76190	39.55	1
76200	40.08	0
76220	40.08	0
76230	40.08	0
76290	40.08	0
77100	74.56	0
77120	66.84	1
77140	74.56	0
77190	74.56	0
77200	74.56	0
77250	80.80	1
77260	74.56	0
77290	80.80	1
77300	74.56	0
77310	71.74	1
77320	69.22	1
77330	77.91	1
77340	74.56	0
77390	80.80	1
77410	74.56	0
77415	74.56	0
77440	74.56	0
77450	74.56	0
77460	74.56	0
77490	74.56	0
77500	80.80	1
77510	80.80	1
77530	80.80	1
77540	80.80	1
77590	80.80	1
77600	74.56	0
77610	80.80	1
77620	81.49	1
77630	80.80	1
77640	74.56	0
77650	80.80	1
77660	80.80	1
77690	74.56	0
77700	74.56	0
77750	74.56	0
77790	80.80	1
77800	79.06	1
77810	79.06	1
77820	79.06	1
77830	79.06	1
77835	79.06	1
77840	79.06	1
77850	79.06	1
77860	79.06	1
77870	79.06	1
77880	79.06	1
77890	79.06	1
77900	74.56	0
77920	62.88	1
77940	74.56	0
77990	74.56	0
78100	80.80	1
78120	74.56	0
78130	74.56	0
78155	80.80	1
78170	74.56	0
78190	74.56	0
78200	80.80	1
78290	74.56	0
78390	74.56	0
79100	62.94	1
79120	61.75	0
79130	61.75	0
79140	61.75	0
79190	61.75	0
79200	60.53	1
79220	61.75	0
79290	61.34	1
79300	61.75	0
79310	61.46	1
79320	61.74	1
79390	60.88	1
79400	61.53	1
79420	61.53	1
79430	61.53	1
79440	61.53	1
79450	61.53	1
79475	61.53	1
79490	61.53	1
79500	60.53	1
79510	61.75	0
79520	61.74	1
79550	61.75	0
79560	61.75	0
79565	60.53	1
79590	60.53	1
79600	76.21	1
79620	61.85	1
79630	61.75	0
79640	61.75	0
79690	61.75	0
79900	61.75	0
79920	61.62	1
79930	61.34	1
79990	61.75	0
80110	60.53	1
80120	61.75	0
80130	62.04	1
80190	61.75	0
80200	61.75	0
80220	61.75	0
80222	61.75	0
80225	61.75	0
80245	61.75	0
80250	61.75	0
80255	61.75	0
80290	61.75	0
80300	62.00	1
80310	62.00	1
80320	62.00	1
80330	62.00	1
80340	62.00	1
80360	62.00	1
80390	62.00	1
81000	59.48	1
81100	64.90	0
81120	73.55	1
81190	64.90	0
81200	64.90	0
81208	64.90	0
81210	64.90	0
81220	43.88	1
81225	43.88	1
81230	65.50	1
81250	64.90	0
81275	68.26	1
81280	64.90	0
81290	64.90	0
81900	55.71	1
81920	64.90	0
81925	66.38	1
81930	74.53	1
81935	64.90	0
81940	64.90	0
81945	64.90	0
81955	55.71	1
81960	55.71	1
81990	55.71	1
82000	84.66	1
82020	84.66	1
82050	84.66	0
82060	84.66	0
82070	84.66	0
82080	84.66	0
82090	84.66	0
82710	56.42	0
83000	67.92	1
83020	67.92	1
83100	67.92	1
83110	67.92	1
83120	67.92	1
83130	67.92	1
83140	67.92	1
83190	67.92	1
83200	67.80	0
83210	67.92	1
83220	67.80	0
83240	67.80	0
83250	67.80	0
83290	67.80	0
83300	67.80	0
83305	67.80	0
83310	67.80	0
83320	67.92	1
83330	67.80	0
83350	67.80	0
83360	67.80	0
83390	67.80	0
83400	67.80	0
83410	67.80	0
83420	67.80	0
83440	67.80	0
83450	67.80	0
83460	67.80	0
83465	67.80	0
83490	67.80	0
83500	67.80	0
83510	67.80	0
83520	67.92	1
83530	67.80	0
83540	67.80	0
83550	67.80	0
83560	67.92	1
83590	67.80	0
83900	67.80	0
83910	67.80	0
83915	67.92	1
83920	67.92	1
83930	66.45	1
83940	67.80	0
83960	67.92	1
83990	67.92	1
84100	84.66	1
84105	84.66	1
84110	84.66	0
84115	84.66	0
84125	84.66	0
84145	84.66	0
84165	84.66	0
84170	84.66	0
84175	84.66	0
84185	84.66	0
84190	84.66	1
84220	84.66	1
84222	84.66	1
84225	84.66	1
84230	84.66	0
84235	84.66	0
84240	84.66	0
84245	84.66	0
84250	84.66	0
84300	84.66	0
84320	84.66	0
84390	84.66	0
84400	84.66	0
84410	84.66	0
84420	84.66	0
84900	84.66	0
84910	84.66	0
84970	84.66	1
84975	84.66	0
84980	84.66	0
84985	84.66	0
84990	84.66	0
85100	84.66	0
85110	84.66	0
85120	84.66	0
85150	84.66	0
85190	84.66	0
85200	84.66	0
85210	84.66	0
85220	84.66	0
85320	84.66	0
85340	84.66	0
85345	84.66	0
85420	84.66	0
85500	84.66	0
85510	84.66	1
85560	84.66	0
85570	84.66	0
85600	84.66	1
85620	84.66	0
85630	84.66	0
85700	84.66	0
85730	84.66	0
85740	84.66	0
85790	84.66	0
85990	84.66	0
86190	84.66	0
86240	84.66	0
87105	75.75	1
87110	75.74	0
87120	75.75	1
87130	75.74	0
87190	75.74	0
87200	75.74	0
87210	75.74	0
87215	75.74	0
87245	75.74	0
87250	75.74	0
87260	75.74	0
87300	75.75	1
87310	75.75	1
87330	75.74	1
87340	75.74	1
87350	75.74	1
87370	75.74	0
87390	75.74	0
87400	75.74	0
87430	75.74	0
87450	75.75	1
87462	75.74	0
87490	75.75	1
88000	82.66	0
88010	82.66	0
88030	81.11	1
88040	82.66	0
88050	82.66	1
88070	82.66	0
88080	84.66	1
88090	82.66	0
89100	67.36	1
89120	66.62	0
89128	66.62	0
89136	66.62	0
89148	66.62	0
89156	66.62	0
89160	66.62	0
89164	66.62	0
89190	66.62	0
89200	66.62	0
89210	66.62	0
89215	66.62	0
89220	66.62	0
89225	66.62	0
89230	66.62	0
89235	66.62	0
89240	66.62	0
89242	66.62	0
89245	66.62	0
89247	66.62	0
89290	66.62	0
89300	66.62	0
89320	66.62	0
89330	66.62	0
89350	66.22	1
89360	66.38	1
89390	66.62	0
89400	66.62	0
89420	66.62	0
89430	66.62	0
89440	66.62	0
89500	66.62	0
89520	66.62	0
89530	66.62	0
89540	66.62	0
89550	66.62	0
89560	66.62	0
89570	66.62	0
89590	66.62	0
89900	66.62	0
89940	66.62	0
89990	66.62	0
90000	84.66	1
90100	84.66	1
90200	84.66	1
91000	84.66	0
91025	84.66	1
91030	84.66	0
91050	84.66	0
91070	84.66	0
91075	84.66	0
91090	84.66	0
92000	84.75	0
92100	84.75	0
92110	84.75	1
92120	84.75	1
92130	84.75	0
92135	84.75	0
92140	84.75	0
92155	84.75	0
92190	84.75	0
92200	84.75	0
92225	84.75	0
92230	84.75	0
92240	84.75	0
92250	84.66	1
92270	84.75	0
92290	84.75	0
92300	84.75	0
92320	84.75	0
92330	84.75	0
92400	84.75	0
92415	84.75	0
92420	84.75	0
92430	84.75	0
92490	84.75	0
92500	84.75	0
92520	84.75	0
92600	84.75	0
92625	84.76	1
92690	84.75	0
92700	84.75	0
92900	84.75	0
92930	84.75	0
92940	84.75	0
92950	84.75	0
92990	84.75	0
93100	68.42	0
93120	68.40	1
93190	72.84	1
93900	68.42	0
93920	61.01	1
93950	68.42	0
93960	68.42	0
93990	68.42	0
94100	72.01	1
94120	72.01	0
94140	72.01	0
94160	72.01	1
94170	72.01	0
94180	72.01	0
94190	72.01	0
94200	72.01	0
94220	72.01	1
94230	72.01	1
94240	72.01	1
94250	72.01	1
94290	72.01	1
94320	72.01	0
94900	72.01	0
94920	72.01	0
94940	72.01	0
94960	72.01	1
94980	72.01	1
94990	72.01	1
95000	61.80	1
95100	61.80	1
95120	50.93	1
95125	55.57	0
95130	61.80	1
95135	48.77	1
95140	55.57	0
95145	55.57	0
95150	55.57	0
95155	55.57	0
95160	61.80	1
95190	55.57	0
95210	55.57	0
95220	55.57	0
95230	55.57	0
95240	55.57	0
95250	55.57	0
95290	55.57	0
95300	61.80	1
95320	61.80	1
95340	55.57	0
95350	55.57	0
95360	34.24	1
95390	55.57	0
95400	61.80	1
95410	61.80	1
95415	61.80	1
95420	61.80	1
95440	61.80	1
95445	55.57	0
95450	55.57	0
95455	68.98	1
95475	61.80	1
95490	55.57	0
95500	55.57	0
95510	60.44	1
95520	55.57	0
95530	55.57	0
95590	55.57	0
95600	55.57	0
95700	55.57	0
95720	55.57	0
95750	61.80	1
95790	55.57	0
95910	55.57	0
95920	55.57	0
95925	61.80	1
95930	55.57	0
95940	55.57	0
95945	55.57	0
95950	55.57	0
95955	55.57	0
95960	55.57	0
95970	55.57	0
95990	55.57	0
96100	68.37	0
96190	68.37	0
96900	68.37	0
96910	68.37	1
96925	68.37	0
96930	68.37	1
96940	68.37	0
96950	68.37	0
96990	68.37	0
97100	47.37	1
97105	47.37	1
97120	47.37	1
97125	50.56	1
97130	49.96	0
97145	39.35	1
97150	49.96	0
97152	39.35	1
97155	49.96	0
97160	49.96	0
97190	47.94	1
97200	49.96	0
97205	49.96	0
97210	49.96	0
97230	49.96	0
97300	49.96	0
97315	49.96	0
97340	49.96	0
97345	49.96	0
97350	49.96	0
97355	52.72	1
97390	49.96	0
97400	46.03	1
97415	53.91	1
97435	49.96	0
97440	49.96	0
97450	49.96	0
97460	49.96	0
97470	49.96	0
97475	39.35	1
97900	49.96	0
97990	49.96	0
98000	63.65	0
98100	63.66	1
98120	63.65	0
98130	64.79	1
98135	64.79	1
98140	64.79	1
98190	63.52	1
98220	64.79	1
98230	63.65	0
98290	63.65	0
98300	63.94	1
98320	62.99	1
98330	64.17	1
98390	63.65	0
98400	63.65	0
98420	63.65	0
98430	63.65	0
98440	63.65	0
98500	64.11	1
98520	64.79	1
98530	63.65	0
98540	63.65	0
98550	63.65	0
98555	63.65	0
98590	63.65	0
98600	63.65	0
98620	61.41	1
98630	63.65	0
98690	64.79	1
98840	63.65	0
98930	62.49	1
98940	61.41	1
98950	63.65	0
98990	67.34	1
99020	42.83	0
99900	39.22	1
99910	36.49	1
99920	36.49	1
99930	57.28	1
