hisco	hiscam	orig
1100	67.32	1
1110	67.32	1
1190	67.32	1
1200	66.88	1
1210	66.88	1
1300	67.21	1
1340	68.49	1
1400	51.71	1
1420	66.88	1
1430	62.61	0
2000	70.89	1
2100	70.89	1
2120	81.17	1
2130	70.76	0
2140	70.89	1
2200	70.89	1
2210	81.38	1
2220	70.89	1
2230	70.89	1
2240	70.89	1
2245	70.89	1
2255	46.32	1
2290	70.89	1
2300	70.89	1
2305	75.43	1
2310	70.89	1
2400	70.89	1
2410	70.89	1
2430	70.89	1
2450	70.76	0
2460	70.76	0
2510	70.89	1
2620	70.89	1
2700	70.89	1
2710	70.89	1
2740	70.89	1
2900	70.89	1
2930	70.89	1
2990	70.76	0
3000	70.89	1
3010	70.89	1
3020	80.41	1
3022	70.76	0
3030	70.89	1
3040	70.76	0
3090	70.76	0
3100	59.07	1
3110	59.07	1
3120	57.10	1
3130	70.89	1
3140	70.89	1
3150	70.89	1
3160	70.89	1
3170	70.89	1
3180	70.89	1
3200	62.55	1
3300	53.95	1
3310	53.95	1
3320	70.89	1
3330	70.89	1
3340	55.88	1
3390	70.89	1
3405	60.40	1
3490	70.89	1
3510	69.24	1
3520	70.89	1
3540	70.89	1
3550	70.89	1
3590	70.89	1
3620	70.76	0
3720	70.89	1
3930	70.89	1
4100	70.32	1
4120	70.32	1
4125	70.32	1
4130	70.32	1
4140	70.32	1
4200	39.47	1
4215	56.25	1
4217	39.47	1
4220	42.63	1
4230	49.35	1
4240	50.26	1
4250	49.78	0
4290	49.78	0
4320	39.47	1
5100	77.02	1
5110	77.02	1
5120	80.90	0
5190	78.37	1
5230	82.29	1
5260	80.90	0
5320	77.51	1
5330	77.53	1
5340	93.79	1
5360	77.25	1
5390	78.37	1
5400	71.63	1
5420	80.90	0
6100	89.27	1
6105	89.27	1
6110	89.27	1
6120	89.27	1
6130	89.27	1
6140	89.27	1
6190	89.27	1
6210	46.94	1
6300	71.63	1
6310	93.35	1
6320	91.08	1
6420	46.94	0
6500	72.60	1
6510	72.60	1
6520	60.42	1
6590	89.27	1
6700	83.91	1
6710	83.91	1
6810	46.94	1
6910	46.94	1
6990	46.94	1
7100	71.63	1
7110	46.94	1
7130	46.94	0
7200	66.25	0
7210	46.94	1
7300	66.25	0
7310	46.94	1
7410	46.94	0
7500	71.63	1
7520	89.27	1
7530	77.21	1
7600	71.63	1
7620	46.94	0
7640	46.94	1
7900	71.63	1
7920	71.63	1
7930	71.63	1
7990	71.63	1
8110	73.20	1
8130	71.63	1
8200	74.77	1
8220	74.10	0
8230	74.77	1
8250	74.77	1
8490	74.77	1
9010	71.63	1
9150	76.46	0
9999	69.18	1
11000	76.65	1
11010	76.65	1
11020	76.65	1
12000	93.49	1
12100	89.76	1
12110	92.24	1
12200	87.27	1
12210	94.42	1
12310	87.27	1
12400	83.48	1
12410	83.48	1
12900	90.26	1
12910	90.26	1
13000	73.87	1
13020	68.08	1
13030	77.28	1
13100	79.07	1
13130	79.11	0
13140	79.11	0
13170	79.11	0
13175	73.87	1
13190	82.54	1
13200	64.67	1
13215	64.67	1
13220	64.67	1
13230	64.67	1
13250	70.66	1
13260	64.67	1
13270	64.67	1
13275	66.02	0
13280	64.67	1
13290	64.67	1
13320	54.33	1
13390	52.67	1
13420	64.18	0
13490	64.18	0
13590	64.18	0
13900	64.18	1
13940	64.18	1
13950	64.18	1
13960	64.18	0
13990	64.18	1
14100	73.78	1
14120	73.78	0
14120	73.78	1
14130	73.78	1
14140	73.78	1
14190	73.78	1
14990	73.78	1
15120	79.68	0
15120	79.68	1
15900	79.68	1
15915	79.68	1
15920	79.68	0
15920	79.68	1
15930	79.68	0
15945	79.68	1
15950	79.68	1
15960	79.68	1
15990	79.68	1
16000	67.47	1
16100	67.47	1
16120	66.19	0
16120	64.47	1
16130	70.16	1
16150	67.47	1
16160	67.47	1
16190	67.47	1
16200	67.47	1
16220	67.47	1
16230	67.47	1
16240	67.47	1
16250	66.23	1
16300	67.47	1
16310	63.22	1
16350	66.19	0
16360	67.47	1
17000	55.64	1
17100	55.64	1
17120	55.64	1
17130	55.64	1
17135	55.64	1
17140	55.64	1
17145	55.64	1
17150	54.29	0
17190	54.29	0
17200	55.64	1
17220	54.29	0
17230	55.64	1
17300	55.64	1
17320	55.64	1
17340	55.64	1
17420	55.64	1
17490	55.64	1
17530	55.64	1
17540	55.64	1
17590	55.64	1
17900	55.64	1
17920	25.89	1
17940	55.64	1
17990	55.64	1
18000	55.64	1
18020	55.64	1
18050	55.64	1
18090	54.29	0
19100	71.63	1
19120	71.63	1
19130	71.63	1
19140	71.63	1
19190	71.63	1
19200	71.63	1
19250	71.63	0
19290	71.63	1
19300	71.63	1
19320	71.63	1
19390	71.63	1
19400	71.63	1
19420	71.63	1
19430	71.63	1
19490	71.63	1
19500	71.63	1
19520	71.63	1
19530	71.63	1
19540	71.63	0
19900	71.63	1
19950	71.63	1
19960	71.63	0
19990	71.63	0
20100	72.86	1
20110	72.86	1
20200	68.55	1
20210	68.55	1
21000	74.07	1
21100	74.07	1
21110	74.07	1
21200	74.07	1
21220	55.42	1
21230	74.03	1
21240	67.24	1
21300	65.55	1
21320	66.30	1
21340	64.61	1
21420	71.36	1
21430	70.97	1
21490	70.97	1
21900	69.34	1
21940	64.42	1
21950	74.07	1
21960	66.81	1
21970	74.07	1
21980	74.07	1
21990	74.07	1
22000	52.38	1
22100	52.38	1
22110	63.49	1
22190	63.49	1
22200	59.64	1
22210	63.61	1
22220	76.74	1
22230	45.52	1
22235	63.61	1
22240	63.61	1
22245	63.61	1
22250	63.61	1
22265	63.61	1
22275	63.61	1
22280	63.61	1
22290	48.34	1
22300	52.38	1
22320	63.49	1
22330	63.49	1
22390	63.49	0
22420	52.38	1
22425	52.38	1
22430	52.38	1
22440	51.35	0
22450	43.03	1
22460	52.38	1
22490	52.38	1
22520	49.43	1
22600	58.46	0
22610	60.51	1
22620	43.85	1
22630	60.51	1
22640	60.51	1
22650	60.51	1
22651	60.51	1
22655	60.51	1
22660	60.51	1
22665	60.51	1
22670	60.51	1
22675	57.58	1
22680	60.51	1
22690	47.81	1
30000	51.60	1
31000	67.08	1
31020	66.04	1
31030	44.90	1
31040	52.70	0
31040	63.28	1
31090	67.32	1
31940	44.28	1
32100	64.01	1
32110	64.01	1
32120	47.11	1
32140	49.07	1
32190	48.39	1
32220	48.39	1
33000	55.80	1
33100	55.80	1
33110	55.80	1
33120	66.51	1
33130	66.51	1
33135	66.51	1
33140	66.51	1
33150	66.51	1
33160	66.51	1
33170	66.51	1
33190	66.51	1
33900	44.28	1
33920	48.39	1
33930	44.28	1
33940	61.26	1
33990	59.93	1
34120	45.43	0
34230	45.43	0
36000	41.54	1
36020	50.09	1
36040	39.66	1
36090	41.10	1
37000	57.51	1
37010	45.43	0
37020	51.10	1
37030	41.10	1
37040	37.57	1
37090	52.95	1
38000	45.69	1
38020	41.10	1
38030	41.10	1
38040	62.32	1
38090	41.10	1
39100	51.09	1
39110	51.09	1
39120	51.09	1
39130	51.09	1
39140	51.09	1
39150	51.09	1
39190	51.09	1
39230	49.07	1
39310	49.07	1
39320	45.35	1
39340	64.08	1
39350	73.37	1
39390	48.51	1
39410	46.08	1
39440	45.24	1
39490	49.07	1
39520	44.28	1
39530	49.07	1
39900	49.07	1
39940	48.48	1
39960	44.28	1
39990	47.26	1
41000	61.61	1
41020	67.58	1
41025	60.77	1
41030	52.27	1
41035	60.77	1
41040	52.16	1
41525	54.71	0
42200	53.07	1
42220	53.07	1
42230	53.07	1
43100	66.98	1
43120	66.53	0
43200	66.98	1
43220	66.98	1
43230	53.07	1
43290	66.53	0
44100	84.14	1
44120	68.94	1
44130	75.83	1
44140	66.98	1
44190	66.98	1
44200	66.53	0
44220	66.98	1
44230	66.98	1
44300	66.98	1
44320	66.98	1
44330	66.98	1
45100	49.03	1
45120	57.12	1
45125	57.82	1
45130	59.51	1
45140	52.38	0
45150	55.95	1
45190	52.94	1
45220	34.56	1
45225	51.19	1
45230	67.59	1
45240	42.35	1
45250	52.38	0
45290	45.47	1
49020	52.38	0
49030	44.54	1
49090	59.99	1
51000	54.76	1
51020	54.76	1
51030	54.76	1
51040	47.74	1
51050	42.43	1
51090	52.44	1
52000	43.40	1
52290	43.40	1
53100	58.14	1
53120	57.63	1
53130	58.14	1
53140	58.11	0
53150	58.14	1
53190	58.14	1
53200	48.99	1
53210	48.99	1
53220	48.99	1
53240	48.99	1
53250	48.99	1
53290	48.99	1
53330	43.45	0
54000	30.05	1
54010	30.05	1
54020	30.05	1
54030	30.05	1
54035	55.23	1
54040	43.45	0
54050	38.22	1
54055	63.48	1
54060	48.03	1
54090	42.76	1
55100	66.74	1
55120	61.22	1
55125	54.07	1
55130	46.14	1
55140	60.02	1
55190	47.18	1
55200	36.37	1
55220	36.37	1
55220	43.45	0
55230	43.45	0
55230	36.37	1
55240	34.77	1
55290	46.03	1
56000	50.38	1
56010	50.38	1
56030	43.45	0
56030	50.38	1
56040	50.38	1
56050	50.38	1
56060	50.38	1
56065	50.38	1
56070	50.38	1
56090	50.38	1
57000	58.04	1
57025	58.04	1
57030	58.04	0
57030	58.04	1
57070	58.04	1
57090	58.04	1
58100	65.92	1
58110	65.92	1
58200	52.39	1
58220	44.29	1
58225	30.70	1
58230	44.29	1
58240	44.29	1
58300	51.90	1
58320	80.33	1
58320	49.31	0
58330	42.93	1
58340	42.26	1
58490	44.29	1
58900	44.29	1
58920	44.29	1
58930	49.31	0
58930	60.04	1
58940	38.60	1
58990	66.13	1
59100	43.40	1
59200	43.40	1
59220	54.12	1
59230	43.40	1
59290	43.40	1
59900	49.00	1
59920	43.40	1
59940	47.23	1
59950	43.82	1
59990	43.40	1
61100	65.94	1
61110	65.94	1
61115	43.95	1
61120	65.94	1
61220	33.26	1
61230	33.26	1
61235	53.77	1
61240	36.25	1
61250	56.67	0
61260	65.94	1
61270	65.94	1
61270	56.67	0
61290	65.94	1
62100	25.55	1
62105	25.55	1
62110	25.55	1
62120	28.02	1
62200	28.02	1
62210	28.02	1
62220	28.02	1
62230	28.58	0
62240	28.58	0
62260	28.58	0
62290	28.02	1
62320	28.02	1
62330	28.02	1
62390	28.02	1
62400	34.81	1
62410	28.02	1
62420	28.02	1
62430	23.30	1
62440	28.58	0
62460	38.40	1
62490	26.46	1
62510	31.05	1
62520	28.02	1
62600	28.58	0
62610	28.02	1
62660	28.02	1
62690	28.02	1
62700	40.45	1
62720	28.02	1
62720	28.58	0
62730	26.47	1
62740	38.03	1
62790	28.58	0
62800	28.02	1
62820	28.02	1
62920	28.02	1
62940	28.02	1
62950	28.58	0
62960	28.02	1
62970	29.63	1
62990	28.02	1
63100	25.55	1
63110	40.91	1
63120	41.19	1
63130	40.71	0
63140	41.19	1
63190	41.19	1
63200	40.71	0
63220	55.90	1
63230	33.93	1
63250	41.19	1
63290	41.19	1
64100	41.19	1
64120	41.19	1
64120	40.71	0
64130	32.75	1
64900	41.19	1
64920	41.19	1
64930	29.37	1
64940	40.71	0
64960	42.30	1
64990	34.03	1
71100	30.38	1
71105	30.38	1
71110	53.59	1
71120	31.80	0
71125	30.38	1
71130	30.38	1
71150	31.80	0
71160	30.38	1
71170	30.38	1
71190	44.51	1
71200	30.38	1
71220	35.90	1
71250	30.38	1
71290	30.38	1
71300	30.38	1
71380	30.38	1
71390	31.80	0
72000	37.01	1
72100	33.04	1
72120	47.39	1
72130	47.39	1
72160	47.39	1
72170	42.23	0
72190	47.39	1
72200	47.39	1
72220	42.23	0
72230	47.39	1
72250	47.39	1
72260	47.39	1
72290	47.39	1
72320	47.39	1
72330	47.39	1
72390	47.39	1
72400	47.39	1
72420	36.77	1
72490	47.39	1
72500	47.39	1
72520	47.39	1
72530	47.39	1
72540	47.39	1
72555	47.39	1
72560	47.39	1
72590	47.39	1
72600	47.39	1
72620	42.23	0
72630	47.39	1
72640	47.39	1
72700	47.39	1
72725	47.39	1
72730	42.23	0
72740	47.39	1
72790	42.23	0
72800	47.39	1
72820	47.39	1
72830	47.39	1
72890	32.95	1
72900	47.39	1
72930	47.39	1
72940	47.39	1
72980	47.39	1
72990	47.39	1
73100	49.60	1
73130	51.97	0
73200	56.05	1
73210	56.05	1
73240	56.05	1
73270	56.05	1
73290	56.05	1
73320	49.60	1
73350	51.97	0
73360	49.60	1
73390	49.60	1
73400	49.60	1
73430	49.60	1
73460	49.60	1
73490	49.60	1
74100	39.39	1
74120	39.87	0
74140	39.39	1
74200	44.27	1
74220	44.27	1
74240	44.27	1
74400	39.39	1
74470	37.18	1
74490	39.39	1
74500	39.39	1
74900	39.39	1
74910	39.39	1
74920	39.39	1
74925	39.39	1
74930	39.39	1
74990	39.39	1
75000	34.58	1
75100	48.37	1
75115	48.37	1
75120	48.37	1
75130	48.37	1
75135	48.37	1
75140	48.37	1
75145	48.37	1
75150	48.37	1
75155	48.37	1
75190	48.37	1
75220	45.58	1
75230	45.58	1
75240	45.58	1
75250	45.58	1
75290	45.58	1
75300	40.37	0
75320	40.37	0
75340	35.15	1
75350	35.15	1
75390	35.15	1
75400	35.15	1
75415	35.15	1
75420	40.37	0
75422	35.15	1
75430	34.33	1
75432	31.56	1
75435	35.15	1
75440	35.15	1
75445	40.37	0
75450	35.15	1
75452	35.15	1
75455	35.15	1
75457	35.62	1
75465	35.15	1
75470	35.15	1
75475	40.37	0
75490	37.02	1
75500	35.15	1
75520	35.15	1
75530	40.37	0
75535	35.15	1
75540	35.15	1
75590	40.37	0
75600	39.40	1
75615	39.40	1
75620	39.40	1
75622	39.40	1
75625	39.40	1
75635	39.40	1
75650	39.40	1
75655	39.40	1
75660	39.40	1
75670	39.40	1
75690	39.40	1
75700	35.15	1
75710	36.80	1
75720	35.15	1
75922	35.15	1
75925	40.37	0
75990	35.15	1
76100	59.28	1
76125	59.28	1
76130	59.28	1
76132	59.28	1
76145	59.28	1
76150	59.28	1
76155	59.28	1
76190	59.28	1
76200	35.15	1
76220	35.15	1
76230	40.37	0
76290	35.15	1
77100	54.80	1
77120	49.95	1
77140	52.77	1
77190	54.37	1
77200	53.91	1
77250	53.29	1
77260	53.84	1
77290	54.20	1
77300	54.67	1
77310	55.63	1
77320	35.22	1
77330	50.65	1
77340	50.98	0
77390	47.21	1
77410	54.09	1
77415	50.98	0
77440	50.98	0
77450	54.48	1
77460	54.40	1
77490	53.34	1
77500	74.81	1
77510	74.81	1
77530	74.81	1
77540	74.81	1
77590	74.81	1
77600	54.82	1
77610	52.77	1
77620	46.19	1
77630	56.22	1
77640	54.20	1
77650	53.48	1
77660	54.44	1
77690	53.59	1
77700	52.77	1
77750	55.18	1
77790	54.67	1
77800	39.84	1
77810	39.84	1
77820	39.84	1
77830	39.84	1
77835	39.84	1
77840	39.84	1
77850	39.84	1
77860	39.84	1
77870	39.84	1
77880	39.84	1
77890	39.84	1
77900	55.31	1
77920	32.16	1
77940	55.05	1
77990	54.20	1
78100	37.93	1
78120	54.20	1
78130	53.72	1
78155	35.98	1
78170	55.63	1
78190	55.63	1
78200	35.93	1
78290	33.27	1
78390	50.98	0
79100	48.39	1
79120	50.15	0
79130	49.62	1
79140	62.95	1
79190	49.62	1
79200	49.62	1
79220	49.62	1
79290	49.62	1
79300	50.15	0
79310	50.48	1
79320	49.62	1
79390	49.05	1
79400	56.37	1
79420	56.37	1
79430	56.37	1
79440	56.37	1
79450	56.37	1
79475	56.37	1
79490	56.37	1
79500	49.62	1
79510	49.62	1
79520	50.15	0
79550	50.15	0
79560	50.15	0
79565	49.62	1
79590	49.62	1
79600	49.52	1
79620	48.70	1
79630	49.62	1
79640	49.62	1
79690	49.62	1
79900	49.62	1
79920	35.97	1
79930	49.62	1
79990	49.62	1
80110	49.62	1
80120	50.15	0
80130	49.62	1
80190	49.62	1
80200	58.70	1
80220	49.62	1
80222	49.62	1
80225	50.15	0
80245	49.62	1
80250	49.62	1
80255	49.62	1
80290	49.62	1
80300	59.38	1
80310	59.38	1
80320	59.38	1
80330	59.38	1
80340	59.38	1
80360	59.38	1
80390	59.38	1
81000	34.30	1
81100	58.74	1
81120	40.90	1
81190	40.90	1
81200	40.90	1
81208	40.90	1
81210	40.90	1
81220	30.82	1
81225	30.82	1
81230	43.33	1
81250	40.90	1
81275	40.90	1
81280	40.90	1
81290	40.90	1
81900	32.48	1
81920	68.81	1
81925	50.26	1
81930	43.11	1
81935	40.90	1
81940	69.89	1
81945	43.91	1
81955	32.48	1
81960	32.48	1
81990	32.48	1
82000	44.71	1
82020	64.51	1
82050	64.51	1
82060	62.52	0
82070	64.51	1
82080	48.89	1
82090	64.51	1
82710	45.70	1
83000	53.03	1
83020	53.03	1
83100	53.03	1
83110	53.03	1
83120	53.03	1
83130	53.03	1
83140	53.03	1
83190	53.03	1
83200	53.03	1
83210	35.91	1
83220	52.24	1
83240	53.03	1
83250	53.03	1
83290	53.03	1
83300	53.03	1
83305	53.03	1
83310	53.03	1
83320	36.32	1
83330	53.03	1
83350	53.03	1
83360	53.03	1
83390	53.03	1
83400	64.32	1
83410	64.32	1
83420	51.01	1
83440	53.03	1
83450	53.03	1
83460	53.03	1
83465	38.02	1
83490	53.03	1
83500	53.03	1
83510	51.55	0
83520	40.24	1
83530	53.03	1
83540	53.03	1
83550	53.03	1
83560	51.55	0
83590	42.44	1
83900	53.03	1
83910	53.03	1
83915	47.88	1
83920	43.37	1
83930	46.05	1
83940	51.55	0
83960	51.55	0
83990	41.32	1
84100	63.90	1
84105	63.90	1
84110	63.90	1
84115	63.90	1
84125	63.90	1
84145	63.90	1
84165	61.53	0
84170	63.90	1
84175	63.90	1
84185	63.90	1
84190	36.07	1
84220	55.45	1
84222	55.45	1
84225	55.45	1
84230	50.43	1
84235	61.53	0
84240	63.90	1
84245	63.90	1
84250	62.72	1
84300	57.01	1
84320	68.73	1
84390	47.08	1
84400	63.90	1
84410	63.90	1
84420	63.90	1
84900	63.90	1
84910	63.90	1
84970	63.90	1
84975	39.15	1
84980	37.36	1
84985	63.90	1
84990	63.90	1
85100	66.01	1
85110	66.01	1
85120	66.01	1
85150	66.01	1
85190	66.01	1
85200	66.01	1
85210	66.01	1
85220	66.01	1
85320	66.01	1
85340	58.89	0
85345	66.01	1
85420	58.89	0
85500	58.80	1
85510	44.96	1
85560	58.89	0
85570	66.01	1
85600	41.48	1
85620	66.01	1
85630	66.01	1
85700	42.56	1
85730	66.01	1
85740	66.01	1
85790	66.01	1
85990	66.01	1
86190	58.89	0
86240	66.01	1
87105	57.96	1
87110	57.96	1
87120	37.38	1
87130	57.96	1
87190	57.96	1
87200	57.96	1
87210	47.95	1
87215	57.96	1
87245	57.96	1
87250	57.96	1
87260	57.96	1
87300	48.94	1
87310	48.94	1
87330	40.31	1
87340	62.34	1
87350	35.94	1
87370	57.96	1
87390	57.96	1
87400	56.12	1
87430	57.96	1
87450	57.96	1
87462	39.97	1
87490	57.96	1
88000	62.50	1
88010	69.66	1
88030	49.64	1
88040	69.66	1
88050	57.45	1
88070	57.45	1
88080	61.81	1
88090	63.56	1
89100	37.50	1
89120	35.34	1
89128	33.54	1
89136	33.54	1
89148	28.11	1
89156	33.54	1
89160	33.54	1
89164	33.54	1
89190	40.96	1
89200	33.54	1
89210	48.25	1
89215	33.54	1
89220	33.54	1
89225	33.54	1
89230	33.54	1
89235	33.54	1
89240	33.54	1
89242	44.01	1
89245	33.54	1
89247	33.54	1
89290	33.54	1
89300	33.54	1
89320	33.54	1
89330	34.41	0
89350	32.83	1
89360	29.73	1
89390	33.54	1
89400	34.41	0
89420	33.54	1
89430	33.54	1
89440	34.41	0
89500	35.16	1
89520	31.12	1
89530	38.22	1
89540	33.54	1
89550	33.54	1
89560	33.54	1
89570	33.54	1
89590	33.54	1
89900	34.41	0
89940	33.54	1
89990	33.54	1
90000	45.70	1
90100	45.70	1
90200	45.70	1
91000	45.70	1
91025	45.70	1
91030	45.70	0
91050	45.70	1
91070	45.70	0
91075	45.70	1
91090	45.70	1
92000	50.94	0
92100	57.30	1
92110	57.30	1
92120	39.43	1
92130	57.30	1
92135	50.94	0
92140	57.30	1
92155	57.30	1
92190	57.30	1
92200	57.30	1
92225	57.30	1
92230	57.30	1
92240	57.30	1
92250	41.63	1
92270	57.30	1
92290	57.30	1
92300	57.30	1
92320	57.30	1
92330	57.30	1
92400	57.30	1
92415	58.29	1
92420	57.30	1
92430	57.30	1
92490	57.30	1
92500	57.30	1
92520	57.30	1
92600	57.30	1
92625	47.78	1
92690	33.54	1
92700	50.94	0
92900	57.30	1
92930	50.94	0
92940	57.30	1
92950	57.30	1
92990	57.30	1
93100	50.04	1
93120	50.03	1
93190	50.03	1
93900	50.03	1
93920	43.10	1
93950	50.03	1
93960	50.03	1
93990	50.03	1
94100	41.30	1
94120	41.30	1
94140	41.30	1
94160	41.30	1
94170	41.30	1
94180	41.30	1
94190	41.30	1
94200	41.30	1
94220	41.30	1
94230	37.04	1
94240	31.27	1
94250	32.11	1
94290	33.02	1
94320	41.30	1
94900	41.30	1
94920	41.30	1
94940	39.36	0
94960	41.30	1
94980	49.79	1
94990	40.49	1
95000	64.32	1
95100	51.72	1
95120	34.43	1
95125	55.01	1
95130	55.01	1
95135	59.70	1
95140	49.65	1
95145	55.01	1
95150	55.01	1
95155	55.01	1
95160	44.40	1
95190	38.01	1
95210	32.37	1
95220	49.13	0
95230	55.01	1
95240	55.01	1
95250	55.01	1
95290	55.01	1
95300	47.16	1
95320	30.39	1
95340	27.12	1
95350	55.01	1
95360	25.77	1
95390	55.01	1
95400	55.01	1
95410	55.01	1
95415	55.01	1
95420	55.01	1
95440	37.35	1
95445	55.01	1
95450	55.01	1
95455	33.70	1
95475	55.01	1
95490	55.01	1
95500	55.01	1
95510	40.43	1
95520	55.01	1
95530	49.13	0
95590	49.36	1
95600	55.01	1
95700	55.01	1
95720	55.01	1
95750	55.01	1
95790	55.01	1
95910	54.16	1
95920	55.01	1
95925	45.77	1
95930	55.01	1
95940	55.01	1
95945	55.01	1
95950	55.01	1
95955	55.01	1
95960	55.01	1
95970	49.13	0
95990	55.01	1
96100	33.10	1
96190	33.10	1
96900	33.10	1
96910	40.37	1
96925	28.20	1
96930	33.10	1
96940	34.27	0
96950	33.10	1
96990	33.10	1
97100	43.36	1
97105	43.36	1
97120	43.36	1
97125	34.57	1
97130	40.45	1
97145	32.84	1
97150	25.59	1
97152	38.62	1
97155	25.59	1
97160	30.95	0
97190	34.24	1
97200	25.59	1
97205	25.59	1
97210	30.95	0
97230	25.59	1
97300	30.95	0
97315	37.52	1
97340	25.59	1
97345	25.59	1
97350	25.59	1
97355	35.11	1
97390	25.59	1
97400	25.59	1
97415	28.53	1
97435	25.59	1
97440	25.59	1
97450	30.95	0
97460	25.59	1
97470	25.59	1
97475	30.95	0
97900	30.95	0
97990	25.59	1
98000	50.23	1
98100	47.98	1
98120	50.23	1
98130	33.78	1
98135	33.78	1
98140	33.78	1
98190	28.96	1
98220	51.47	1
98230	50.23	1
98290	50.23	1
98300	50.23	1
98320	37.55	1
98330	31.67	1
98390	50.23	1
98400	50.23	1
98420	52.20	1
98430	36.84	1
98440	34.46	1
98500	42.71	1
98520	63.46	1
98530	57.71	1
98540	55.76	1
98550	30.28	1
98555	40.17	1
98590	65.02	1
98600	46.53	1
98620	50.23	1
98630	50.23	1
98690	30.88	1
98840	50.23	1
98930	43.40	1
98940	45.90	1
98950	50.23	1
98990	33.82	1
99020	39.06	0
99900	32.46	1
99910	38.79	1
99920	32.52	1
99930	31.78	1
