    1    0 63.7 59.0
    2    0 68.7 70.2
    3    0 56.5 60.3
    4    0 52.6 52.8
    5    0 39.8 27.6
    6    0 38.7 38.2
    7    0 54.4 45.1
    8    0 37.5 29.8
    9    0 28.9 28.2
   10    0 68.4 63.3
   11    0 68.3 70.4
   12    0 69.3 74.0
   13    0 69.5 63.8
   14    0 56.5 90.3
   15    0 60.2 59.0
   16    0 59.9 57.1
   17    0 62.5 53.8
   19    0 70.3 59.8
   20    0 72.2 87.8
   21    0 68.1 73.9
   22    0 76.2 97.1
   23    0 64.2 66.8
   24    0 78.2 99.0
   25    0 71.3 74.0
   26    0 72.5 70.2
   29    0 71.1 92.0
   30    0 52.6 67.6
   31    0 53.6 60.3
   32    0 65.8 68.1
   33    0 60.1 60.3
   34    0 41.7 57.6
   36    0 67.7 75.7
   37    0 56.0 57.1
   38    0 61.3 90.2
   39    0 51.1 62.7
   40    0 58.0 51.3
   41    0 61.6 54.6
   43    0 54.2 51.6
   44    0 38.3 44.2
   45    0 67.7 53.5
   46    0 47.8 51.1
   49    0 51.7 48.9
   50    0 37.4 27.0
   51    0 47.4 27.0
   52    0 48.0 27.0
   53    0 35.9 27.6
   54    0 38.6 27.6
   55    0 33.4 25.4
   56    0 41.4 34.8
   57    0 41.2 27.0
   58    0 30.5 32.0
   59    0 37.1 35.6
   60    0 25.8 38.5
   61    0 50.2 19.4
   62    0 34.0 34.1
   63    0 50.3 80.7
   64    0 31.6 37.1
   65    0 42.4 44.5
   66    0 51.9 45.4
   67    0 25.3 31.6
   69    0 41.9 35.8
   70    0 58.6 64.4
   71    0 59.9 60.1
   72    0 43.0 43.0
   73    0 41.8 44.9
   79    0 54.4 50.8
   80    0 32.9 27.5
   81    0 35.0 27.6
   82    0 36.6 28.2
   83    0 22.8 29.8
   84    0 42.8 34.0
   85    0 34.6 30.1
   86    0 37.0 28.6
   87    0 37.6 67.5
   88    0 33.2 29.1
   89    0 34.9 26.6
   90    0 35.9 15.0
   91    0 29.5 31.5
   92    0 25.7 52.1
   93    0 22.3 28.2
   94    0 36.0 53.1
   95    0 35.1 27.8
   99    0 24.5 35.1
  100    0 68.4 63.2
  101    0 68.7 61.3
  102    0 64.9 71.0
  103    0 68.3 71.0
  110    0 68.4 70.4
  111    0 67.3 70.4
  120    0 69.5 89.0
  121    0 68.9 68.0
  122    0 64.7 68.0
  124    0 69.7 81.6
  126    0 71.9 92.9
  130    0 63.2 62.7
  131    0 73.4 69.7
  132    0 65.9 62.6
  139    0 67.6 61.6
  140    0 59.3 90.3
  141    0 54.5 90.3
  150    0 60.2 60.0
  152    0 60.2 60.0
  160    0 59.9 57.1
  171    0 61.7 53.4
  173    0 59.7 56.2
  174    0 58.5 49.7
  175    0 60.4 56.2
  176    0 64.8 62.9
  177    0 62.1 62.9
  178    0 59.0 53.4
  179    0 64.2 53.6
  191    0 70.3 59.8
  199    0 70.3 59.8
  200    0 69.9 99.0
  201    0 72.9 79.1
  202    0 72.2 90.9
  209    0 71.0 99.0
  210    0 73.6 70.2
  211    0 65.3 70.2
  212    0 66.9 70.2
  214    0 69.9 70.2
  215    0 61.0 99.0
  216    0 46.7 70.2
  219    0 70.4 70.2
  220    0 77.5 99.0
  221    0 71.0 93.7
  223    0 80.3 99.0
  224    0 73.7 99.0
  230    0 76.5 76.0
  233    0 65.9 69.3
  234    0 51.7 63.0
  239    0 46.4 70.1
  240    0 72.6 99.0
  242    0 78.5 99.0
  250    0 71.1 71.9
  252    0 72.8 99.0
  260    0 72.5 70.2
  270    0 69.5 70.2
  290    0 71.0 92.0
  292    0 71.9 92.0
  293    0 70.1 92.0
  300    0 56.4 67.2
  301    0 49.6 67.5
  302    0 50.4 67.5
  303    0 52.1 67.5
  309    0 52.7 75.1
  310    0 50.2 60.1
  312    0 60.9 60.1
  313    0 53.6 60.1
  320    0 65.8 68.1
  331    0 60.1 60.1
  332    0 60.1 60.1
  340    0 41.7 56.0
  342    0 41.7 57.7
  343    0 41.7 83.7
  346    0 41.7 71.9
  347    0 41.7 82.1
  349    0 41.7 57.7
  350    0 57.9 60.1
  361    0 68.1 75.7
  363    0 59.7 75.7
  371    0 56.0 57.1
  380    0 71.9 91.1
  381    0 64.4 87.6
  384    0 57.1 99.0
  386    0 53.0 89.7
  387    0 34.0 67.4
  390    0 68.1 86.8
  391    0 46.0 58.1
  394    0 51.0 62.2
  396    0 59.5 62.2
  399    0 66.0 62.2
  400    0 58.8 51.3
  401    0 54.6 51.2
  410    0 60.2 53.9
  411    0 62.8 55.3
  412    0 61.5 54.6
  430    0 54.2 51.6
  441    0 38.3 44.2
  459    0 67.7 53.5
  460    0 47.8 51.2
  462    0 47.8 50.9
  490    0 51.7 48.9
  500    0 34.3 27.0
  501    0 34.7 27.0
  502    0 34.3 27.0
  503    0 37.4 27.0
  504    0 45.4 27.0
  506    0 37.3 27.0
  507    0 33.2 27.0
  509    0 35.8 27.0
  515    0 44.1 27.0
  516    0 47.2 27.0
  517    0 50.3 27.0
  519    0 47.2 27.0
  521    0 47.0 27.0
  523    0 48.8 27.0
  524    0 43.7 27.0
  525    0 48.1 27.0
  526    0 53.6 27.0
  529    0 50.9 27.0
  530    0 35.9 27.0
  532    0 39.2 27.0
  533    0 32.0 27.0
  537    0 33.3 27.0
  540    0 39.9 27.0
  541    0 33.5 27.0
  550    0 30.7 32.6
  553    0 29.4 25.3
  554    0 54.7 25.4
  555    0 30.9 24.1
  556    0 29.3 24.1
  559    0 31.9 25.4
  561    0 43.3 43.7
  569    0 37.2 32.8
  570    0 41.0 27.0
  571    0 44.3 27.0
  579    0 39.2 27.0
  580    0 29.6 41.7
  581    0 30.6 28.4
  582    0 30.4 32.6
  590    0 32.2 27.7
  594    0 35.6 36.0
  595    0 48.0 67.8
  599    0 48.7 25.3
  600    0 25.8 38.5
  610    0 58.7 19.4
  611    0 47.0 19.4
  612    0 50.4 19.4
  615    0 31.5 19.4
  619    0 50.3 19.4
  620    0 35.6 37.4
  621    0 14.1 31.6
  622    0 34.3 32.1
  630    0 50.3 80.7
  640    0 29.6 36.0
  644    0 43.9 38.9
  650    0 42.4 44.6
  652    0 42.4 42.3
  660    0 51.9 45.4
  670    0 25.5 31.5
  672    0 26.1 33.9
  673    0 19.1 30.8
  690    0 41.9 35.8
  700    0 58.6 64.4
  702    0 58.6 64.4
  710    0 59.2 58.5
  719    0 61.8 63.4
  720    0 43.0 43.0
  731    0 41.8 44.9
  732    0 41.8 44.9
  790    0 54.4 50.8
  800    0 32.9 27.5
  802    0 32.9 27.5
  809    0 32.9 27.5
  810    0 35.0 27.6
  812    0 35.0 33.9
  814    0 35.0 27.2
  820    0 42.5 31.0
  821    0 29.9 28.3
  824    0 35.2 28.3
  825    0 29.9 24.0
  829    0 36.4 29.4
  830    0 22.8 29.1
  834    0 22.8 29.1
  839    0 22.8 29.1
  840    0 34.1 32.0
  841    0 43.4 35.6
  850    0 39.3 31.0
  851    0 29.8 28.8
  860    0 40.8 32.4
  862    0 27.8 23.8
  871    0 42.7 67.5
  872    0 36.7 67.5
  873    0 39.5 67.5
  874    0 39.5 67.5
  880    0 36.5 29.1
  881    0 33.2 29.1
  882    0 33.2 29.1
  885    0 33.8 29.1
  887    0 29.0 29.1
  889    0 37.1 29.1
  892    0 27.4 26.6
  893    0 36.6 26.6
  895    0 38.5 26.6
  897    0 32.7 26.6
  898    0 40.0 26.6
  899    0 31.5 26.6
  900    0 34.4 15.3
  901    0 37.6 13.5
  903    0 39.6 14.0
  904    0 41.0 14.0
  913    0 31.5 31.5
  919    0 29.4 31.5
  922    0 25.7 52.1
  923    0 26.4 52.1
  929    0 25.7 52.1
  930    0 10.3 29.2
  931    0 25.0 29.2
  933    0 22.7 29.2
  934    0  8.8 29.2
  940    0 36.0 53.1
  951    0 33.2 28.6
  953    0 41.0 32.4
  955    0 34.7 27.7
  958    0 36.6 26.0
  959    0 34.7 27.7
  990    0 24.5 35.1
