  110.00      .00    45.25  -999.00  -999.00  -999.00
  110.00     1.00    45.25  -999.00  -999.00  -999.00
  110.00     6.00    45.25  -999.00  -999.00  -999.00
 1000.00      .00    64.58    54.84    51.00    55.00
 1000.00     1.00    56.27    48.61    51.00    55.00
 1000.00     6.00    72.12    64.33    51.00    55.00
 1100.00      .00    85.02    93.82    67.00    70.00
 1100.00     1.00    56.27    48.61    67.00    70.00
 1100.00     6.00    85.02    93.82    67.00    70.00
 1110.00      .00    85.02    93.82    64.00    77.00
 1110.00     1.00    85.02    93.82    64.00    77.00
 1110.00     6.00    85.02    93.82    64.00    77.00
 1120.00      .00    85.02    93.82    71.00    77.00
 1120.00     1.00    56.27    48.61    71.00    77.00
 1120.00     6.00    85.02    93.82    71.00    77.00
 1130.00      .00    85.02    93.82    63.00    66.00
 1130.00     1.00    56.27    48.61    63.00    66.00
 1130.00     6.00    85.02    93.82    63.00    66.00
 1140.00      .00    85.02    93.82    63.00    58.00
 1140.00     1.00    56.27    48.61    63.00    58.00
 1140.00     6.00    85.02    93.82    63.00    58.00
 1141.00      .00    85.02    93.82    63.00    58.00
 1141.00     1.00    56.27    48.61    63.00    58.00
 1141.00     6.00    85.02    93.82    63.00    58.00
 1142.00      .00    85.02    93.82    63.00    58.00
 1142.00     1.00    56.27    48.61    63.00    58.00
 1142.00     6.00    85.02    93.82    63.00    58.00
 1143.00      .00    85.02    93.82    63.00    58.00
 1143.00     1.00    56.27    48.61    63.00    58.00
 1143.00     6.00    85.02    93.82    63.00    58.00
 1200.00      .00    64.58    54.84    60.00    68.00
 1200.00     1.00    56.27    48.61    60.00    68.00
 1200.00     6.00    72.12    64.33    60.00    68.00
 1210.00      .00    64.58    54.84    70.00    70.00
 1210.00     1.00    56.27    48.61    70.00    70.00
 1210.00     6.00    72.12    64.33    70.00    70.00
 1220.00      .00    64.58    54.84    63.00    67.00
 1220.00     1.00    56.27    48.61    63.00    67.00
 1220.00     6.00    72.12    64.33    63.00    67.00
 1221.00      .00    64.58    54.84    60.00    67.00
 1221.00     1.00    56.27    48.61    60.00    67.00
 1221.00     6.00    72.12    64.33    60.00    67.00
 1222.00      .00    64.58    54.84    60.00    67.00
 1222.00     1.00    56.27    48.61    60.00    67.00
 1222.00     6.00    72.12    64.33    60.00    67.00
 1223.00      .00    64.58    54.84    60.00    67.00
 1223.00     1.00    56.27    48.61    60.00    67.00
 1223.00     6.00    72.12    64.33    60.00    67.00
 1224.00      .00    64.58    54.84    60.00    59.00
 1224.00     1.00    56.27    48.61    60.00    59.00
 1224.00     6.00    72.12    64.33    60.00    59.00
 1225.00      .00    64.58    54.84    60.00    59.00
 1225.00     1.00    56.27    48.61    60.00    59.00
 1225.00     6.00    72.12    64.33    60.00    59.00
 1226.00      .00    64.58    54.84    60.00    59.00
 1226.00     1.00    56.27    48.61    60.00    59.00
 1226.00     6.00    72.12    64.33    60.00    59.00
 1227.00      .00    64.58    54.84    60.00    87.00
 1227.00     1.00    56.27    48.61    60.00    87.00
 1227.00     6.00    72.12    64.33    60.00    87.00
 1228.00      .00    64.58    54.84    60.00    59.00
 1228.00     1.00    56.27    48.61    60.00    59.00
 1228.00     6.00    72.12    64.33    60.00    59.00
 1229.00      .00    64.58    54.84    60.00    67.00
 1229.00     1.00    56.27    48.61    60.00    67.00
 1229.00     6.00    72.12    64.33    60.00    67.00
 1230.00      .00    64.58    54.84    60.00    61.00
 1230.00     1.00    56.27    48.61    60.00    61.00
 1230.00     6.00    72.12    64.33    60.00    61.00
 1231.00      .00    64.58    54.84    60.00    69.00
 1231.00     1.00    56.27    48.61    60.00    69.00
 1231.00     6.00    72.12    64.33    60.00    69.00
 1232.00      .00    64.58    54.84    60.00    69.00
 1232.00     1.00    56.27    48.61    60.00    69.00
 1232.00     6.00    72.12    64.33    60.00    69.00
 1233.00      .00    64.58    54.84    60.00    56.00
 1233.00     1.00    56.27    48.61    60.00    56.00
 1233.00     6.00    72.12    64.33    60.00    56.00
 1234.00      .00    64.58    54.84    60.00    69.00
 1234.00     1.00    56.27    48.61    60.00    69.00
 1234.00     6.00    72.12    64.33    60.00    69.00
 1235.00      .00    64.58    54.84    60.00    69.00
 1235.00     1.00    56.27    48.61    60.00    69.00
 1235.00     6.00    72.12    64.33    60.00    69.00
 1236.00      .00    64.58    54.84    60.00    69.00
 1236.00     1.00    56.27    48.61    60.00    69.00
 1236.00     6.00    72.12    64.33    60.00    69.00
 1237.00      .00    64.58    54.84    60.00    69.00
 1237.00     1.00    56.27    48.61    60.00    69.00
 1237.00     6.00    72.12    64.33    60.00    69.00
 1239.00      .00    64.58    54.84    60.00    69.00
 1239.00     1.00    56.27    48.61    60.00    69.00
 1239.00     6.00    72.12    64.33    60.00    69.00
 1240.00      .00    64.58    54.84    55.00    58.00
 1240.00     1.00    56.27    48.61    55.00    58.00
 1240.00     6.00    72.12    64.33    55.00    58.00
 1250.00      .00    64.58    54.84    65.00    64.00
 1250.00     1.00    56.27    48.61    65.00    64.00
 1250.00     6.00    72.12    64.33    65.00    64.00
 1251.00      .00    64.58    54.84    73.00    70.00
 1251.00     1.00    56.27    48.61    73.00    70.00
 1251.00     6.00    72.12    64.33    73.00    70.00
 1252.00      .00    64.58    54.84    63.00    60.00
 1252.00     1.00    56.27    48.61    63.00    60.00
 1252.00     6.00    72.12    64.33    63.00    60.00
 1300.00      .00    64.36    54.68    50.00    51.00
 1300.00     1.00    56.27    48.61    50.00    51.00
 1300.00     6.00    71.85    64.01    50.00    51.00
 1310.00      .00    76.32    72.30    50.00    51.00
 1310.00     1.00    81.71    67.21    50.00    51.00
 1310.00     6.00    74.11    74.68    50.00    51.00
 1311.00      .00    64.36    54.68    47.00    43.00
 1311.00     1.00    56.27    48.61    47.00    43.00
 1311.00     6.00    71.85    64.01    47.00    43.00
 1312.00      .00    64.36    54.68    52.00    56.00
 1312.00     1.00    56.27    48.61    52.00    56.00
 1312.00     6.00    71.85    64.01    52.00    56.00
 1313.00      .00    64.36    54.68    52.00    51.00
 1313.00     1.00    56.27    48.61    52.00    51.00
 1313.00     6.00    71.85    64.01    52.00    51.00
 1314.00      .00    64.36    54.68    46.00    49.00
 1314.00     1.00    56.27    48.61    46.00    49.00
 1314.00     6.00    71.85    64.01    46.00    49.00
 1315.00      .00    41.80    49.95    38.00    44.00
 1315.00     1.00    39.59    46.30    38.00    44.00
 1315.00     6.00    53.22    57.85    38.00    44.00
 1316.00      .00    64.36    54.68    52.00    51.00
 1316.00     1.00    56.27    48.61    52.00    51.00
 1316.00     6.00    71.85    64.01    52.00    51.00
 1317.00      .00    64.36    54.68    52.00    51.00
 1317.00     1.00    56.27    48.61    52.00    51.00
 1317.00     6.00    71.85    64.01    52.00    51.00
 1318.00      .00    64.36    54.68    52.00    51.00
 1318.00     1.00    56.27    48.61    52.00    51.00
 1318.00     6.00    71.85    64.01    52.00    51.00
 1319.00      .00    77.91    54.68    52.00    51.00
 1319.00     1.00    81.71    48.61    52.00    51.00
 1319.00     6.00    74.11    64.01    52.00    51.00
 2000.00      .00    86.55    74.49    62.00    70.00
 2000.00     1.00    94.30    99.00    62.00    70.00
 2000.00     6.00    83.69    73.17    62.00    70.00
 2100.00      .00    88.55    99.00    63.00    69.00
 2100.00     1.00    88.55    99.00    63.00    69.00
 2100.00     6.00    88.55    99.00    63.00    69.00
 2110.00      .00    88.55    99.00    69.00    74.00
 2110.00     1.00    88.55    99.00    69.00    74.00
 2110.00     6.00    88.55    99.00    69.00    74.00
 2111.00      .00    88.55    99.00    75.00    74.00
 2111.00     1.00    88.55    99.00    75.00    74.00
 2111.00     6.00    88.55    99.00    75.00    74.00
 2112.00      .00    88.55    99.00    72.00    74.00
 2112.00     1.00    88.55    99.00    72.00    74.00
 2112.00     6.00    88.55    99.00    72.00    74.00
 2113.00      .00    88.55    99.00    69.00    74.00
 2113.00     1.00    88.55    99.00    69.00    74.00
 2113.00     6.00    88.55    99.00    69.00    74.00
 2114.00      .00    88.55    99.00    67.00    74.00
 2114.00     1.00    88.55    99.00    67.00    74.00
 2114.00     6.00    88.55    99.00    67.00    74.00
 2120.00      .00    88.55    99.00    56.00    71.00
 2120.00     1.00    88.55    99.00    56.00    71.00
 2120.00     6.00    88.55    99.00    56.00    71.00
 2121.00      .00    88.55    99.00    69.00    71.00
 2121.00     1.00    98.95    99.00    69.00    71.00
 2121.00     6.00    88.55    99.00    69.00    71.00
 2122.00      .00    88.55    99.00    55.00    71.00
 2122.00     1.00    98.95    99.00    55.00    71.00
 2122.00     6.00    88.55    99.00    55.00    71.00
 2130.00      .00    95.13    99.00    51.00    71.00
 2130.00     1.00    98.95    99.00    51.00    71.00
 2130.00     6.00    91.43    99.00    51.00    71.00
 2131.00      .00    95.13    99.00    51.00    71.00
 2131.00     1.00    98.95    99.00    51.00    71.00
 2131.00     6.00    91.43    99.00    51.00    71.00
 2132.00      .00    95.13    99.00    51.00    71.00
 2132.00     1.00    98.95    99.00    51.00    71.00
 2132.00     6.00    91.43    99.00    51.00    71.00
 2139.00      .00    95.13    99.00    51.00    71.00
 2139.00     1.00    98.95    99.00    51.00    71.00
 2139.00     6.00    91.43    99.00    51.00    71.00
 2140.00      .00    99.00    99.00    63.00    73.00
 2140.00     1.00    99.00    99.00    63.00    73.00
 2140.00     6.00    99.00    99.00    63.00    73.00
 2141.00      .00    99.00    99.00    72.00    69.00
 2141.00     1.00    99.00    99.00    72.00    69.00
 2141.00     6.00    99.00    99.00    72.00    69.00
 2142.00      .00    99.00    99.00    70.00    69.00
 2142.00     1.00    99.00    99.00    70.00    69.00
 2142.00     6.00    99.00    99.00    70.00    69.00
 2143.00      .00    99.00    99.00    65.00    68.00
 2143.00     1.00    99.00    99.00    65.00    68.00
 2143.00     6.00    99.00    99.00    65.00    68.00
 2144.00      .00    99.00    99.00    65.00    68.00
 2144.00     1.00    99.00    99.00    65.00    68.00
 2144.00     6.00    99.00    99.00    65.00    68.00
 2145.00      .00    99.00    99.00    66.00    67.00
 2145.00     1.00    99.00    99.00    66.00    67.00
 2145.00     6.00    99.00    99.00    66.00    67.00
 2146.00      .00    99.00    99.00    66.00    71.00
 2146.00     1.00    99.00    99.00    66.00    71.00
 2146.00     6.00    99.00    99.00    66.00    71.00
 2147.00      .00    99.00    99.00    61.00    67.00
 2147.00     1.00    99.00    99.00    61.00    67.00
 2147.00     6.00    99.00    99.00    61.00    67.00
 2148.00      .00    99.00    99.00    58.00    56.00
 2148.00     1.00    99.00    99.00    58.00    56.00
 2148.00     6.00    99.00    99.00    58.00    56.00
 2149.00      .00    99.00    99.00    56.00    69.00
 2149.00     1.00    99.00    99.00    56.00    69.00
 2149.00     6.00    99.00    99.00    56.00    69.00
 2200.00      .00    83.50    62.74    70.00    80.00
 2200.00     1.00    91.79    99.00    70.00    80.00
 2200.00     6.00    74.37    59.04    70.00    80.00
 2210.00      .00    95.65    99.00    62.00    78.00
 2210.00     1.00    95.65    99.00    62.00    78.00
 2210.00     6.00    95.65    99.00    62.00    78.00
 2211.00      .00    95.65    99.00    69.00    77.00
 2211.00     1.00    91.79    99.00    69.00    77.00
 2211.00     6.00    95.65    99.00    69.00    77.00
 2212.00      .00    95.65    99.00    68.00    77.00
 2212.00     1.00    91.79    99.00    68.00    77.00
 2212.00     6.00    95.65    99.00    68.00    77.00
 2213.00      .00    95.65    99.00    56.00    79.00
 2213.00     1.00    91.79    99.00    56.00    79.00
 2213.00     6.00    95.65    99.00    56.00    79.00
 2220.00      .00    93.06    99.00    73.00    85.00
 2220.00     1.00    91.79    99.00    73.00    85.00
 2220.00     6.00    95.65    99.00    73.00    85.00
 2221.00      .00    98.24    99.00    78.00    88.00
 2221.00     1.00    99.00    99.00    78.00    88.00
 2221.00     6.00    95.65    97.96    78.00    88.00
 2222.00      .00    69.12    99.00    70.00    85.00
 2222.00     1.00    64.70    99.00    70.00    85.00
 2222.00     6.00    95.65    97.96    70.00    85.00
 2223.00      .00    76.30    99.00    61.00    83.00
 2223.00     1.00    64.70    99.00    61.00    83.00
 2223.00     6.00    95.65    99.00    61.00    83.00
 2224.00      .00    71.84    99.00    64.00    74.00
 2224.00     1.00    64.70    99.00    64.00    74.00
 2224.00     6.00    95.65    99.00    64.00    74.00
 2229.00      .00    93.06    99.00    73.00    85.00
 2229.00     1.00    91.79    99.00    73.00    85.00
 2229.00     6.00    95.65    99.00    73.00    85.00
 2230.00      .00    42.94    53.34    54.00    43.00
 2230.00     1.00    42.94    53.34    54.00    43.00
 2230.00     6.00    42.94    53.34    54.00    43.00
 2300.00      .00    86.15    78.08    61.00    69.00
 2300.00     1.00    90.11    79.40    61.00    69.00
 2300.00     6.00    86.11    78.08    61.00    69.00
 2310.00      .00    99.00    99.00    78.00    77.00
 2310.00     1.00    99.00    99.00    78.00    77.00
 2310.00     6.00    99.00    99.00    78.00    77.00
 2320.00      .00    99.00    99.00    60.00    69.00
 2320.00     1.00    99.00    99.00    60.00    69.00
 2320.00     6.00    99.00    99.00    60.00    69.00
 2321.00      .00    93.23    95.55    60.00    70.00
 2321.00     1.00    90.11    79.40    60.00    70.00
 2321.00     6.00    93.23    95.55    60.00    70.00
 2322.00      .00    83.09    81.74    57.00    66.00
 2322.00     1.00    83.09    81.74    57.00    66.00
 2322.00     6.00    83.09    81.74    57.00    66.00
 2323.00      .00    93.23    95.55  -999.00  -999.00
 2323.00     1.00    90.11    79.40  -999.00  -999.00
 2323.00     6.00    93.23    95.55  -999.00  -999.00
 2330.00      .00    77.70    80.97    57.00    66.00
 2330.00     1.00    77.70    80.97    57.00    66.00
 2330.00     6.00    77.70    80.97    57.00    66.00
 2331.00      .00    77.70    80.97    57.00    66.00
 2331.00     1.00    77.70    80.97    57.00    66.00
 2331.00     6.00    77.70    80.97    57.00    66.00
 2332.00      .00    77.70    80.97    49.00    43.00
 2332.00     1.00    77.70    80.97    49.00    43.00
 2332.00     6.00    77.70    80.97    49.00    43.00
 2340.00      .00    86.15    78.08    62.00    66.00
 2340.00     1.00    90.11    79.40    62.00    66.00
 2340.00     6.00    86.11    78.08    62.00    66.00
 2350.00      .00    77.70    57.74    62.00    66.00
 2350.00     1.00    77.70    57.74    62.00    66.00
 2350.00     6.00    77.70    57.74    62.00    66.00
 2351.00      .00    77.70    57.74    68.00    70.00
 2351.00     1.00    90.11    57.74    68.00    70.00
 2351.00     6.00    77.70    57.74    68.00    70.00
 2352.00      .00    77.70    57.74    68.00    70.00
 2352.00     1.00    90.11    57.74    68.00    70.00
 2352.00     6.00    77.70    57.74    68.00    70.00
 2359.00      .00    77.70    57.74    62.00    65.00
 2359.00     1.00    90.11    57.74    62.00    65.00
 2359.00     6.00    77.70    57.74    62.00    65.00
 2400.00      .00    87.64    79.69    60.00    68.00
 2400.00     1.00    95.65    99.00    60.00    68.00
 2400.00     6.00    81.50    76.33    60.00    68.00
 2410.00      .00    87.64    79.69    57.00    69.00
 2410.00     1.00    95.65    99.00    57.00    69.00
 2410.00     6.00    81.50    76.33    57.00    69.00
 2411.00      .00    87.64    79.69    62.00    69.00
 2411.00     1.00    95.65    99.00    62.00    69.00
 2411.00     6.00    81.50    76.33    62.00    69.00
 2412.00      .00    87.64    79.69    56.00    69.00
 2412.00     1.00    95.65    99.00    56.00    69.00
 2412.00     6.00    81.50    76.33    56.00    69.00
 2419.00      .00    87.64    79.69    57.00    69.00
 2419.00     1.00    95.65    99.00    57.00    69.00
 2419.00     6.00    81.50    76.33    57.00    69.00
 2420.00      .00    95.50    93.82    73.00    85.00
 2420.00     1.00    99.00    93.82    73.00    85.00
 2420.00     6.00    80.53    93.82    73.00    85.00
 2421.00      .00    95.50    93.82    73.00    85.00
 2421.00     1.00    99.00    93.82    73.00    85.00
 2421.00     6.00    80.53    93.82    73.00    85.00
 2422.00      .00    98.33    93.82    76.00    90.00
 2422.00     1.00    99.00    93.82    76.00    90.00
 2422.00     6.00    85.02    93.82    76.00    90.00
 2429.00      .00    93.83    93.82    71.00    82.00
 2429.00     1.00    99.00    93.82    71.00    82.00
 2429.00     6.00    78.51    93.82    71.00    82.00
 2430.00      .00    75.89    70.45    54.00    65.00
 2430.00     1.00    75.89    70.45    54.00    65.00
 2430.00     6.00    75.89    70.45    54.00    65.00
 2431.00      .00    75.89    70.45    54.00    65.00
 2431.00     1.00    75.89    99.00    54.00    65.00
 2431.00     6.00    75.89    70.45    54.00    65.00
 2432.00      .00    75.89    70.45    54.00    65.00
 2432.00     1.00    75.89    99.00    54.00    65.00
 2432.00     6.00    75.89    70.45    54.00    65.00
 2440.00      .00    75.89    70.45    58.00    65.00
 2440.00     1.00    75.89    70.45    58.00    65.00
 2440.00     6.00    75.89    70.45    58.00    65.00
 2441.00      .00    75.89    70.45    60.00    78.00
 2441.00     1.00    75.89    70.45    60.00    78.00
 2441.00     6.00    75.89    70.45    60.00    78.00
 2442.00      .00    75.89    70.45    67.00    71.00
 2442.00     1.00    75.89    70.45    67.00    71.00
 2442.00     6.00    75.89    70.45    67.00    71.00
 2443.00      .00    75.89    70.45    67.00    71.00
 2443.00     1.00    75.89    70.45    67.00    71.00
 2443.00     6.00    75.89    70.45    67.00    71.00
 2444.00      .00    75.89    70.45    62.00    65.00
 2444.00     1.00    75.89    70.45    62.00    65.00
 2444.00     6.00    75.89    70.45    62.00    65.00
 2445.00      .00    75.89    70.45    67.00    71.00
 2445.00     1.00    75.89    70.45    67.00    71.00
 2445.00     6.00    75.89    70.45    67.00    71.00
 2446.00      .00    75.89    70.45    52.00    51.00
 2446.00     1.00    75.89    70.45    52.00    51.00
 2446.00     6.00    75.89    70.45    52.00    51.00
 2450.00      .00    88.77    85.23    57.00    61.00
 2450.00     1.00    74.86    99.00    57.00    61.00
 2450.00     6.00    89.40    83.03    57.00    61.00
 2451.00      .00    81.26    88.66    58.00    65.00
 2451.00     1.00    74.86    99.00    58.00    65.00
 2451.00     6.00    89.40    83.03    58.00    65.00
 2452.00      .00    74.86    99.00    57.00    54.00
 2452.00     1.00    74.86    99.00    57.00    54.00
 2452.00     6.00    89.40    83.03    57.00    54.00
 2453.00      .00    79.71    89.36    45.00    64.00
 2453.00     1.00    74.86    99.00    45.00    64.00
 2453.00     6.00    89.40    83.03    45.00    64.00
 2454.00      .00    74.86    99.00    40.00    64.00
 2454.00     1.00    74.86    99.00    40.00    64.00
 2454.00     6.00    89.40    83.03    40.00    64.00
 2455.00      .00    84.11    99.00    57.00    64.00
 2455.00     1.00    74.86    99.00    57.00    64.00
 2455.00     6.00    89.40    83.03    57.00    64.00
 2460.00      .00    75.89    70.45    60.00    53.00
 2460.00     1.00    75.89    70.45    60.00    53.00
 2460.00     6.00    75.89    70.45    60.00    53.00
 3000.00      .00    62.04    60.77    48.00    54.00
 3000.00     1.00    77.35    78.89    48.00    54.00
 3000.00     6.00    60.69    59.13    48.00    54.00
 3100.00      .00    65.47    79.16    48.00    50.00
 3100.00     1.00    88.55    79.16    48.00    50.00
 3100.00     6.00    63.58    79.16    48.00    50.00
 3110.00      .00    64.64    62.96    47.00    49.00
 3110.00     1.00    85.63    61.59    47.00    49.00
 3110.00     6.00    64.64    63.03    47.00    49.00
 3111.00      .00    70.85    79.16    46.00    45.00
 3111.00     1.00    88.55    61.59    46.00    45.00
 3111.00     6.00    66.81    79.16    46.00    45.00
 3112.00      .00    71.04    79.16    39.00    45.00
 3112.00     1.00    88.55    61.59    39.00    45.00
 3112.00     6.00    67.15    79.16    39.00    45.00
 3113.00      .00    67.46    62.96    46.00    46.00
 3113.00     1.00    88.55    61.59    46.00    46.00
 3113.00     6.00    64.03    63.03    46.00    46.00
 3114.00      .00    62.84    79.16    46.00    46.00
 3114.00     1.00    88.55    61.59    46.00    46.00
 3114.00     6.00    61.90    79.16    46.00    46.00
 3115.00      .00    71.12    79.16    46.00    54.00
 3115.00     1.00    88.55    61.59    46.00    54.00
 3115.00     6.00    69.08    79.16    46.00    54.00
 3116.00      .00    55.49    50.61    46.00    54.00
 3116.00     1.00    85.63    61.59    46.00    54.00
 3116.00     6.00    55.49    50.61    46.00    54.00
 3117.00      .00    64.64    62.96    53.00    54.00
 3117.00     1.00    85.63    61.59    53.00    54.00
 3117.00     6.00    64.64    63.03    53.00    54.00
 3118.00      .00    59.36    61.59    55.00    51.00
 3118.00     1.00    78.65    61.59    55.00    51.00
 3118.00     6.00    56.24    61.59    55.00    51.00
 3119.00      .00    66.60    79.16    46.00    53.00
 3119.00     1.00    88.55    61.59    46.00    53.00
 3119.00     6.00    64.64    79.16    46.00    53.00
 3120.00      .00    71.61    70.38    53.00    52.00
 3120.00     1.00    72.59    64.59    53.00    52.00
 3120.00     6.00    71.53    70.38    53.00    52.00
 3121.00      .00    71.61    70.38    53.00    52.00
 3121.00     1.00    72.59    64.59    53.00    52.00
 3121.00     6.00    71.53    70.38    53.00    52.00
 3122.00      .00    71.61    70.38    53.00    52.00
 3122.00     1.00    72.59    70.38    53.00    52.00
 3122.00     6.00    71.53    70.38    53.00    52.00
 3123.00      .00    71.61    70.38    53.00    52.00
 3123.00     1.00    72.59    64.59    53.00    52.00
 3123.00     6.00    71.53    70.38    53.00    52.00
 3130.00      .00    67.35    73.58    46.00    52.00
 3130.00     1.00    72.59    73.58    46.00    52.00
 3130.00     6.00    66.30    73.58    46.00    52.00
 3131.00      .00    68.40    73.58    46.00    48.00
 3131.00     1.00    72.59    73.58    46.00    48.00
 3131.00     6.00    66.30    73.58    46.00    48.00
 3132.00      .00    67.92    73.58    49.00    57.00
 3132.00     1.00    72.59    73.58    49.00    57.00
 3132.00     6.00    66.30    73.58    49.00    57.00
 3133.00      .00    67.92    73.58    58.00    57.00
 3133.00     1.00    72.59    73.58    58.00    57.00
 3133.00     6.00    66.30    73.58    58.00    57.00
 3139.00      .00    66.30    73.58    44.00    52.00
 3139.00     1.00    72.59    73.58    44.00    52.00
 3139.00     6.00    66.30    73.58    44.00    52.00
 3140.00      .00    64.98    73.58    57.00    57.00
 3140.00     1.00    64.98    64.59    57.00    57.00
 3140.00     6.00    64.98    73.58    57.00    57.00
 3141.00      .00    64.98    73.58    60.00    52.00
 3141.00     1.00    64.98    64.59    60.00    52.00
 3141.00     6.00    64.98    73.58    60.00    52.00
 3142.00      .00    64.98    73.58    55.00    52.00
 3142.00     1.00    64.98    64.59    55.00    52.00
 3142.00     6.00    64.98    73.58    55.00    52.00
 3143.00      .00    64.98    73.58    60.00    69.00
 3143.00     1.00    64.98    73.58    60.00    69.00
 3143.00     6.00    64.98    73.58    60.00    69.00
 3144.00      .00    64.98    73.58    50.00    69.00
 3144.00     1.00    64.98    64.59    50.00    69.00
 3144.00     6.00    64.98    73.58    50.00    69.00
 3145.00      .00    64.98    73.58    46.00    50.00
 3145.00     1.00    64.98    64.59    46.00    50.00
 3145.00     6.00    64.98    73.58    46.00    50.00
 3150.00      .00    64.52    66.54    54.00    50.00
 3150.00     1.00    82.93    64.59    54.00    50.00
 3150.00     6.00    64.52    66.63    54.00    50.00
 3151.00      .00    64.52    66.54    54.00    50.00
 3151.00     1.00    82.93    64.59    54.00    50.00
 3151.00     6.00    64.52    66.63    54.00    50.00
 3152.00      .00    64.52    66.54    54.00    50.00
 3152.00     1.00    64.52    64.59    54.00    50.00
 3152.00     6.00    64.52    66.63    54.00    50.00
 3200.00      .00    55.76    53.92    51.00    48.00
 3200.00     1.00    57.16    81.38    51.00    48.00
 3200.00     6.00    55.70    52.18    51.00    48.00
 3210.00      .00    57.58    54.44    52.00    50.00
 3210.00     1.00    57.58    79.70    52.00    50.00
 3210.00     6.00    57.58    48.13    52.00    50.00
 3211.00      .00    57.58    54.44    52.00    50.00
 3211.00     1.00    57.58    79.70    52.00    50.00
 3211.00     6.00    57.58    48.13    52.00    50.00
 3212.00      .00    57.58    54.44    47.00    50.00
 3212.00     1.00    57.58    79.70    47.00    50.00
 3212.00     6.00    57.58    48.13    47.00    50.00
 3213.00      .00    57.58    54.44    55.00    50.00
 3213.00     1.00    57.58    79.70    55.00    50.00
 3213.00     6.00    57.58    48.13    55.00    50.00
 3220.00      .00    54.32    53.91    51.00    55.00
 3220.00     1.00    56.97    81.49    51.00    55.00
 3220.00     6.00    54.15    52.24    51.00    55.00
 3221.00      .00    54.32    53.91    53.00    51.00
 3221.00     1.00    56.97    81.49    53.00    51.00
 3221.00     6.00    54.15    52.24    53.00    51.00
 3222.00      .00    54.32    53.91    48.00    51.00
 3222.00     1.00    56.97    81.49    48.00    51.00
 3222.00     6.00    54.15    52.24    48.00    51.00
 3223.00      .00    54.32    53.91    52.00    51.00
 3223.00     1.00    56.97    81.49    52.00    51.00
 3223.00     6.00    54.15    52.24    52.00    51.00
 3224.00      .00    54.32    53.91    60.00    60.00
 3224.00     1.00    56.97    81.49    60.00    60.00
 3224.00     6.00    54.15    52.24    60.00    60.00
 3225.00      .00    54.32    53.91    44.00    51.00
 3225.00     1.00    56.97    81.49    44.00    51.00
 3225.00     6.00    54.15    52.24    44.00    51.00
 3226.00      .00    56.97    67.21    51.00    60.00
 3226.00     1.00    56.97    82.92    51.00    60.00
 3226.00     6.00    56.97    65.04    51.00    60.00
 3227.00      .00    54.32    53.91    48.00    51.00
 3227.00     1.00    56.97    81.49    48.00    51.00
 3227.00     6.00    54.15    52.24    48.00    51.00
 3228.00      .00    54.32    53.91    44.00    51.00
 3228.00     1.00    56.97    81.49    44.00    51.00
 3228.00     6.00    54.15    52.24    44.00    51.00
 3229.00      .00    52.84    49.21    45.00    51.00
 3229.00     1.00    56.97    79.70    45.00    51.00
 3229.00     6.00    52.84    48.13    45.00    51.00
 3230.00      .00    55.76    53.92    44.00    38.00
 3230.00     1.00    57.16    81.38    44.00    38.00
 3230.00     6.00    55.70    52.18    44.00    38.00
 3231.00      .00    55.76    53.92    44.00    38.00
 3231.00     1.00    57.16    81.38    44.00    38.00
 3231.00     6.00    55.70    52.18    44.00    38.00
 3232.00      .00    55.76    53.92    44.00    38.00
 3232.00     1.00    57.16    81.38    44.00    38.00
 3232.00     6.00    55.70    52.18    44.00    38.00
 3240.00      .00    55.76    53.92    29.00    49.00
 3240.00     1.00    57.16    81.38    29.00    49.00
 3240.00     6.00    55.70    52.18    29.00    49.00
 3241.00      .00    55.76    53.92    29.00    51.00
 3241.00     1.00    57.16    81.38    29.00    51.00
 3241.00     6.00    55.70    52.18    29.00    51.00
 3242.00      .00    55.76    53.92    22.00    38.00
 3242.00     1.00    57.16    81.38    22.00    38.00
 3242.00     6.00    55.70    52.18    22.00    38.00
 3300.00      .00    62.04    60.77    50.00    38.00
 3300.00     1.00    77.35    78.89    50.00    38.00
 3300.00     6.00    60.69    59.13    50.00    38.00
 3310.00      .00    62.04    60.77    50.00    38.00
 3310.00     1.00    77.35    78.89    50.00    38.00
 3310.00     6.00    60.69    59.13    50.00    38.00
 3320.00      .00    62.04    60.77    50.00    38.00
 3320.00     1.00    77.35    78.89    50.00    38.00
 3320.00     6.00    60.69    59.13    50.00    38.00
 3330.00      .00    62.04    60.77    50.00    38.00
 3330.00     1.00    77.35    78.89    50.00    38.00
 3330.00     6.00    60.69    59.13    50.00    38.00
 3340.00      .00    62.04    60.77    50.00    38.00
 3340.00     1.00    77.35    78.89    50.00    38.00
 3340.00     6.00    60.69    59.13    50.00    38.00
 3400.00      .00    58.55    62.64    48.00    55.00
 3400.00     1.00    58.55    78.87    48.00    55.00
 3400.00     6.00    58.55    60.95    48.00    55.00
 3410.00      .00    57.97    62.31    47.00    55.00
 3410.00     1.00    81.02    54.40    47.00    55.00
 3410.00     6.00    56.33    62.62    47.00    55.00
 3411.00      .00    50.70    60.87    50.00    61.00
 3411.00     1.00    81.02    54.40    50.00    61.00
 3411.00     6.00    45.88    62.64    50.00    61.00
 3412.00      .00    57.97    62.31    44.00    54.00
 3412.00     1.00    81.02    54.40    44.00    54.00
 3412.00     6.00    56.33    62.62    44.00    54.00
 3413.00      .00    57.97    62.31    49.00    59.00
 3413.00     1.00    81.02    54.40    49.00    59.00
 3413.00     6.00    56.33    62.62    49.00    59.00
 3414.00      .00    57.97    62.31    43.00    56.00
 3414.00     1.00    81.02    54.40    43.00    56.00
 3414.00     6.00    56.33    62.62    43.00    56.00
 3415.00      .00    58.52    59.50    46.00    56.00
 3415.00     1.00    81.02    54.40    46.00    56.00
 3415.00     6.00    54.46    62.64    46.00    56.00
 3416.00      .00    57.38    61.40    49.00    50.00
 3416.00     1.00    81.02    54.40    49.00    50.00
 3416.00     6.00    56.91    62.31    49.00    50.00
 3417.00      .00    57.97    62.31    46.00    56.00
 3417.00     1.00    81.02    54.40    46.00    56.00
 3417.00     6.00    56.33    62.62    46.00    56.00
 3419.00      .00    58.74    62.57    46.00    55.00
 3419.00     1.00    81.02    54.40    46.00    55.00
 3419.00     6.00    58.55    62.64    46.00    55.00
 3420.00      .00    57.93    65.16    42.00    55.00
 3420.00     1.00    73.26    73.26    42.00    55.00
 3420.00     6.00    54.77    63.21    42.00    55.00
 3421.00      .00    57.93    65.16    55.00    55.00
 3421.00     1.00    73.26    73.26    55.00    55.00
 3421.00     6.00    54.77    63.21    55.00    55.00
 3422.00      .00    57.93    65.16    50.00    55.00
 3422.00     1.00    73.26    73.26    50.00    55.00
 3422.00     6.00    54.77    63.21    50.00    55.00
 3423.00      .00    53.15    67.62    49.00    55.00
 3423.00     1.00    73.26    99.00    49.00    55.00
 3423.00     6.00    52.82    63.86    49.00    55.00
 3429.00      .00    63.88    54.59    42.00    55.00
 3429.00     1.00    73.26    54.40    42.00    55.00
 3429.00     6.00    58.51    55.03    42.00    55.00
 3430.00      .00    57.18    59.97    49.00    54.00
 3430.00     1.00    57.18    96.53    49.00    54.00
 3430.00     6.00    57.18    57.05    49.00    54.00
 3431.00      .00    57.18    59.97    53.00    54.00
 3431.00     1.00    57.18    96.53    53.00    54.00
 3431.00     6.00    57.18    57.05    53.00    54.00
 3432.00      .00    57.18    59.97    49.00    59.00
 3432.00     1.00    57.18    96.53    49.00    59.00
 3432.00     6.00    57.18    57.05    49.00    59.00
 3433.00      .00    57.18    59.97    49.00    51.00
 3433.00     1.00    57.18    96.53    49.00    51.00
 3433.00     6.00    57.18    57.05    49.00    51.00
 3434.00      .00    57.18    59.97    51.00    61.00
 3434.00     1.00    57.18    96.53    51.00    61.00
 3434.00     6.00    57.18    57.05    51.00    61.00
 3439.00      .00    57.18    59.97    53.00    54.00
 3439.00     1.00    57.18    96.53    53.00    54.00
 3439.00     6.00    57.18    57.05    53.00    54.00
 3440.00      .00    64.52    66.49    52.00    56.00
 3440.00     1.00    64.52    66.49    52.00    56.00
 3440.00     6.00    64.52    66.49    52.00    56.00
 3441.00      .00    64.52    66.49    44.00    56.00
 3441.00     1.00    72.91    78.87    44.00    56.00
 3441.00     6.00    64.52    66.49    44.00    56.00
 3442.00      .00    64.52    66.49    52.00    57.00
 3442.00     1.00    72.91    78.87    52.00    57.00
 3442.00     6.00    64.52    66.49    52.00    57.00
 3443.00      .00    64.52    66.49    55.00    56.00
 3443.00     1.00    72.91    78.87    55.00    56.00
 3443.00     6.00    64.52    66.49    55.00    56.00
 3444.00      .00    64.52    66.49    54.00    46.00
 3444.00     1.00    72.91    78.87    54.00    46.00
 3444.00     6.00    64.52    66.49    54.00    46.00
 3449.00      .00    64.52    66.49    55.00    56.00
 3449.00     1.00    72.91    78.87    55.00    56.00
 3449.00     6.00    64.52    66.49    55.00    56.00
 3450.00      .00    59.88    62.64    45.00    56.00
 3450.00     1.00    72.91    78.87    45.00    56.00
 3450.00     6.00    58.97    60.95    45.00    56.00
 3451.00      .00    59.88    62.64    60.00    55.00
 3451.00     1.00    72.91    78.87    60.00    55.00
 3451.00     6.00    58.97    60.95    60.00    55.00
 3452.00      .00    59.88    62.64    44.00    56.00
 3452.00     1.00    72.91    78.87    44.00    56.00
 3452.00     6.00    58.97    60.95    44.00    56.00
 3460.00      .00    59.88    62.64    49.00    43.00
 3460.00     1.00    72.91    78.87    49.00    43.00
 3460.00     6.00    58.97    60.95    49.00    43.00
 3470.00      .00    63.93    68.07    45.00    52.00
 3470.00     1.00    63.93    68.07    45.00    52.00
 3470.00     6.00    63.93    68.07    45.00    52.00
 3471.00      .00    63.93    68.07    49.00    53.00
 3471.00     1.00    63.93    68.07    49.00    53.00
 3471.00     6.00    63.93    68.07    49.00    53.00
 3472.00      .00    63.93    68.07    50.00    64.00
 3472.00     1.00    63.93    68.07    50.00    64.00
 3472.00     6.00    63.93    68.07    50.00    64.00
 3473.00      .00    63.93    68.07    32.00    50.00
 3473.00     1.00    63.93    68.07    32.00    50.00
 3473.00     6.00    63.93    68.07    32.00    50.00
 3474.00      .00    63.93    68.07    33.00    50.00
 3474.00     1.00    63.93    68.07    33.00    50.00
 3474.00     6.00    63.93    68.07    33.00    50.00
 3475.00      .00    63.93    68.07    49.00    54.00
 3475.00     1.00    63.93    68.07    49.00    54.00
 3475.00     6.00    63.93    68.07    49.00    54.00
 3480.00      .00    75.89    70.45    50.00    38.00
 3480.00     1.00    75.89    70.45    50.00    38.00
 3480.00     6.00    75.89    70.45    50.00    38.00
 4000.00      .00    51.28    56.53    37.00    45.00
 4000.00     1.00    54.19    76.53    37.00    45.00
 4000.00     6.00    51.25    55.09    37.00    45.00
 4100.00      .00    50.56    56.89    37.00    45.00
 4100.00     1.00    53.89    77.06    37.00    45.00
 4100.00     6.00    50.52    55.30    37.00    45.00
 4110.00      .00    61.41    61.84    45.00    51.00
 4110.00     1.00    53.89    75.45    45.00    51.00
 4110.00     6.00    61.41    61.04    45.00    51.00
 4111.00      .00    61.41    61.51    42.00    51.00
 4111.00     1.00    61.41    75.45    42.00    51.00
 4111.00     6.00    61.41    60.69    42.00    51.00
 4112.00      .00    61.41    61.84    42.00    50.00
 4112.00     1.00    53.89    75.45    42.00    50.00
 4112.00     6.00    61.41    61.04    42.00    50.00
 4113.00      .00    61.41    61.84    45.00    50.00
 4113.00     1.00    53.89    75.45    45.00    50.00
 4113.00     6.00    61.41    61.04    45.00    50.00
 4114.00      .00    61.41    61.84    45.00    51.00
 4114.00     1.00    53.89    75.45    45.00    51.00
 4114.00     6.00    61.41    61.04    45.00    51.00
 4115.00      .00    61.41    70.34    53.00    53.00
 4115.00     1.00    61.41    75.45    53.00    53.00
 4115.00     6.00    61.41    70.05    53.00    53.00
 4120.00      .00    50.56    56.89    44.00    51.00
 4120.00     1.00    53.89    77.06    44.00    51.00
 4120.00     6.00    50.52    55.30    44.00    51.00
 4121.00      .00    50.56    56.89    45.00    51.00
 4121.00     1.00    53.89    77.06    45.00    51.00
 4121.00     6.00    50.52    55.30    45.00    51.00
 4122.00      .00    50.56    56.89    36.00    51.00
 4122.00     1.00    53.89    77.06    36.00    51.00
 4122.00     6.00    50.52    55.30    36.00    51.00
 4130.00      .00    45.35    45.58    32.00    36.00
 4130.00     1.00    55.78    77.60    32.00    36.00
 4130.00     6.00    45.35    45.58    32.00    36.00
 4131.00      .00    48.48    50.64    30.00    32.00
 4131.00     1.00    55.78    77.60    30.00    32.00
 4131.00     6.00    48.42    50.18    30.00    32.00
 4132.00      .00    48.48    50.64    44.00    43.00
 4132.00     1.00    55.78    77.60    44.00    43.00
 4132.00     6.00    48.42    50.18    44.00    43.00
 4133.00      .00    55.78    57.93    37.00    45.00
 4133.00     1.00    55.78    77.60    37.00    45.00
 4133.00     6.00    55.78    57.09    37.00    45.00
 4140.00      .00    50.56    56.89    37.00    39.00
 4140.00     1.00    53.89    77.06    37.00    39.00
 4140.00     6.00    50.52    55.30    37.00    39.00
 4141.00      .00    50.56    56.89    36.00    39.00
 4141.00     1.00    53.89    77.06    36.00    39.00
 4141.00     6.00    50.52    55.30    36.00    39.00
 4142.00      .00    50.56    56.89    33.00    39.00
 4142.00     1.00    53.89    77.06    33.00    39.00
 4142.00     6.00    50.52    55.30    33.00    39.00
 4143.00      .00    50.56    56.89    41.00    39.00
 4143.00     1.00    53.89    77.06    41.00    39.00
 4143.00     6.00    50.52    55.30    41.00    39.00
 4144.00      .00    50.56    56.89    37.00    39.00
 4144.00     1.00    53.89    77.06    37.00    39.00
 4144.00     6.00    50.52    55.30    37.00    39.00
 4190.00      .00    52.84    54.95    37.00    39.00
 4190.00     1.00    52.84    77.60    37.00    39.00
 4190.00     6.00    52.84    52.67    37.00    39.00
 4200.00      .00    58.01    53.65    39.00    49.00
 4200.00     1.00    58.49    57.26    39.00    49.00
 4200.00     6.00    58.01    53.59    39.00    49.00
 4210.00      .00    58.49    62.43    37.00    48.00
 4210.00     1.00    58.49    62.43    37.00    48.00
 4210.00     6.00    58.49    62.43    37.00    48.00
 4211.00      .00    57.64    46.91    34.00    53.00
 4211.00     1.00    58.49    46.91    34.00    53.00
 4211.00     6.00    57.64    46.91    34.00    53.00
 4212.00      .00    57.64    46.91    42.00    46.00
 4212.00     1.00    58.49    57.26    42.00    46.00
 4212.00     6.00    57.64    46.91    42.00    46.00
 4213.00      .00    57.64    46.91    34.00    40.00
 4213.00     1.00    58.49    57.26    34.00    40.00
 4213.00     6.00    57.64    46.91    34.00    40.00
 4214.00      .00    58.06    53.53    15.00    40.00
 4214.00     1.00    58.49    57.26    15.00    40.00
 4214.00     6.00    58.06    53.46    15.00    40.00
 4215.00      .00    58.06    53.53    27.00    40.00
 4215.00     1.00    58.49    57.26    27.00    40.00
 4215.00     6.00    58.06    53.46    27.00    40.00
 4220.00      .00    57.64    54.19    38.00    52.00
 4220.00     1.00    58.49    57.26    38.00    52.00
 4220.00     6.00    57.64    54.19    38.00    52.00
 4221.00      .00    57.64    54.19    38.00    52.00
 4221.00     1.00    58.49    57.26    38.00    52.00
 4221.00     6.00    57.64    54.19    38.00    52.00
 4222.00      .00    57.64    54.19    38.00    52.00
 4222.00     1.00    58.49    57.26    38.00    52.00
 4222.00     6.00    57.64    54.19    38.00    52.00
 4223.00      .00    57.64    54.19    38.00    52.00
 4223.00     1.00    57.64    54.19    38.00    52.00
 4223.00     6.00    57.64    54.19    38.00    52.00
 5000.00      .00    52.44    46.09    32.00    40.00
 5000.00     1.00    64.90    65.98    32.00    40.00
 5000.00     6.00    49.41    44.01    32.00    40.00
 5100.00      .00    42.80    49.14    32.00    38.00
 5100.00     1.00    42.80    66.91    32.00    38.00
 5100.00     6.00    42.80    44.70    32.00    38.00
 5110.00      .00    45.70    50.76    32.00    34.00
 5110.00     1.00    45.70    66.91    32.00    34.00
 5110.00     6.00    45.70    44.70    32.00    34.00
 5111.00      .00    45.70    50.76    50.00    34.00
 5111.00     1.00    45.70    66.91    50.00    34.00
 5111.00     6.00    45.70    44.70    50.00    34.00
 5112.00      .00    45.70    44.70    32.00    34.00
 5112.00     1.00    45.70    66.91    32.00    34.00
 5112.00     6.00    45.70    44.70    32.00    34.00
 5113.00      .00    45.70    66.91    29.00    34.00
 5113.00     1.00    45.70    66.91    29.00    34.00
 5113.00     6.00    45.70    44.70    29.00    34.00
 5120.00      .00    43.67    40.06    26.00    32.00
 5120.00     1.00    43.40    40.74    26.00    32.00
 5120.00     6.00    43.69    40.01    26.00    32.00
 5121.00      .00    42.65    39.13    37.00    30.00
 5121.00     1.00    42.15    40.97    37.00    30.00
 5121.00     6.00    42.80    38.87    37.00    30.00
 5122.00      .00    42.76    39.03    31.00    30.00
 5122.00     1.00    42.15    40.97    31.00    30.00
 5122.00     6.00    42.80    38.87    31.00    30.00
 5123.00      .00    45.49    40.54    21.00    34.00
 5123.00     1.00    45.49    40.62    21.00    34.00
 5123.00     6.00    45.49    40.53    21.00    34.00
 5130.00      .00    48.78    42.59    27.00    25.00
 5130.00     1.00    48.24    53.31    27.00    25.00
 5130.00     6.00    48.82    41.54    27.00    25.00
 5131.00      .00    48.78    42.59    23.00    25.00
 5131.00     1.00    48.24    53.31    23.00    25.00
 5131.00     6.00    48.82    41.54    23.00    25.00
 5132.00      .00    48.78    42.59    42.00    25.00
 5132.00     1.00    48.24    53.31    42.00    25.00
 5132.00     6.00    48.82    41.54    42.00    25.00
 5133.00      .00    48.78    42.59    17.00    25.00
 5133.00     1.00    48.24    53.31    17.00    25.00
 5133.00     6.00    48.82    41.54    17.00    25.00
 5139.00      .00    48.78    42.59    29.00    25.00
 5139.00     1.00    48.24    53.31    29.00    25.00
 5139.00     6.00    48.82    41.54    29.00    25.00
 5140.00      .00    50.73    47.81    29.00    30.00
 5140.00     1.00    53.32    66.91    29.00    30.00
 5140.00     6.00    48.78    44.70    29.00    30.00
 5141.00      .00    53.97    47.84    32.00    29.00
 5141.00     1.00    53.97    66.91    32.00    29.00
 5141.00     6.00    53.97    44.70    32.00    29.00
 5142.00      .00    50.73    47.81    17.00    19.00
 5142.00     1.00    53.32    66.91    17.00    19.00
 5142.00     6.00    48.78    44.70    17.00    19.00
 5143.00      .00    43.83    47.81    34.00    54.00
 5143.00     1.00    43.83    66.91    34.00    54.00
 5143.00     6.00    43.83    44.70    34.00    54.00
 5149.00      .00    43.83    46.72    29.00    19.00
 5149.00     1.00    53.32    66.91    29.00    19.00
 5149.00     6.00    43.83    44.70    29.00    19.00
 5150.00      .00    48.78    42.59    37.00    43.00
 5150.00     1.00    48.24    53.31    37.00    43.00
 5150.00     6.00    48.82    41.54    37.00    43.00
 5151.00      .00    48.78    42.59    37.00    43.00
 5151.00     1.00    48.24    53.31    37.00    43.00
 5151.00     6.00    48.82    41.54    37.00    43.00
 5152.00      .00    48.78    42.59    37.00    43.00
 5152.00     1.00    48.24    53.31    37.00    43.00
 5152.00     6.00    48.82    41.54    37.00    43.00
 5160.00      .00    54.72    66.49    37.00    47.00
 5160.00     1.00    48.24    53.31    37.00    47.00
 5160.00     6.00    54.72    66.49    37.00    47.00
 5161.00      .00    53.14    66.49    35.00    42.00
 5161.00     1.00    53.14    53.31    35.00    42.00
 5161.00     6.00    53.14    66.49    35.00    42.00
 5162.00      .00    54.86    66.49    40.00    50.00
 5162.00     1.00    54.86    66.49    40.00    50.00
 5162.00     6.00    54.86    66.49    40.00    50.00
 5163.00      .00    54.72    66.49    39.00    40.00
 5163.00     1.00    48.24    53.31    39.00    40.00
 5163.00     6.00    54.72    66.49    39.00    40.00
 5164.00      .00    54.72    66.49    39.00    40.00
 5164.00     1.00    48.24    53.31    39.00    40.00
 5164.00     6.00    54.72    66.49    39.00    40.00
 5169.00      .00    54.86    66.49    30.00    40.00
 5169.00     1.00    54.86    53.31    30.00    40.00
 5169.00     6.00    54.86    66.49    30.00    40.00
 5200.00      .00    56.11    48.06    31.00    43.00
 5200.00     1.00    68.41    72.53    31.00    43.00
 5200.00     6.00    50.23    45.41    31.00    43.00
 5210.00      .00    56.11    48.06    28.00    43.00
 5210.00     1.00    68.41    72.53    28.00    43.00
 5210.00     6.00    50.23    45.41    28.00    43.00
 5220.00      .00    57.20    47.95    32.00    43.00
 5220.00     1.00    68.41    72.53    32.00    43.00
 5220.00     6.00    51.58    45.41    32.00    43.00
 5230.00      .00    45.30    59.41    24.00    37.00
 5230.00     1.00    68.41    72.53    24.00    37.00
 5230.00     6.00    38.74    45.41    24.00    37.00
 6000.00      .00    45.09    37.67    37.00    23.00
 6000.00     1.00    45.35    37.61    37.00    23.00
 6000.00     6.00    39.07    43.81    37.00    23.00
 6100.00      .00    45.10    37.67    38.00    23.00
 6100.00     1.00    45.35    37.61    38.00    23.00
 6100.00     6.00    39.07    43.81    38.00    23.00
 6110.00      .00    45.10    37.67    40.00    23.00
 6110.00     1.00    45.35    37.61    40.00    23.00
 6110.00     6.00    39.07    43.81    40.00    23.00
 6111.00      .00    45.10    37.67    40.00    23.00
 6111.00     1.00    45.35    37.61    40.00    23.00
 6111.00     6.00    39.07    43.81    40.00    23.00
 6112.00      .00    45.10    37.67    40.00    23.00
 6112.00     1.00    45.35    37.61    40.00    23.00
 6112.00     6.00    39.07    43.81    40.00    23.00
 6113.00      .00    45.10    37.67    40.00    23.00
 6113.00     1.00    45.35    37.61    40.00    23.00
 6113.00     6.00    39.07    43.81    40.00    23.00
 6114.00      .00    45.10    37.67    40.00    23.00
 6114.00     1.00    45.35    37.61    40.00    23.00
 6114.00     6.00    39.07    43.81    40.00    23.00
 6120.00      .00    45.10    37.67    40.00    23.00
 6120.00     1.00    45.35    37.61    40.00    23.00
 6120.00     6.00    39.07    43.81    40.00    23.00
 6121.00      .00    45.10    37.67    40.00    23.00
 6121.00     1.00    45.35    37.61    40.00    23.00
 6121.00     6.00    39.07    43.81    40.00    23.00
 6122.00      .00    45.10    37.67    40.00    23.00
 6122.00     1.00    45.35    37.61    40.00    23.00
 6122.00     6.00    39.07    43.81    40.00    23.00
 6123.00      .00    45.10    37.67    40.00    23.00
 6123.00     1.00    45.35    37.61    40.00    23.00
 6123.00     6.00    39.07    43.81    40.00    23.00
 6124.00      .00    45.10    37.67    40.00    23.00
 6124.00     1.00    45.35    37.61    40.00    23.00
 6124.00     6.00    39.07    43.81    40.00    23.00
 6129.00      .00    45.10    37.67    40.00    23.00
 6129.00     1.00    45.35    37.61    40.00    23.00
 6129.00     6.00    39.07    43.81    40.00    23.00
 6130.00      .00    45.29    37.64    38.00    23.00
 6130.00     1.00    45.35    37.61    38.00    23.00
 6130.00     6.00    39.07    43.81    38.00    23.00
 6131.00      .00    45.29    37.64    40.00    23.00
 6131.00     1.00    45.35    37.61    40.00    23.00
 6131.00     6.00    39.07    43.81    40.00    23.00
 6132.00      .00    45.29    37.64    41.00    27.00
 6132.00     1.00    45.35    37.61    41.00    27.00
 6132.00     6.00    39.07    43.81    41.00    27.00
 6133.00      .00    45.29    37.64    40.00    28.00
 6133.00     1.00    45.35    37.61    40.00    28.00
 6133.00     6.00    39.07    43.81    40.00    28.00
 6134.00      .00    45.29    37.64    30.00    28.00
 6134.00     1.00    45.35    37.61    30.00    28.00
 6134.00     6.00    39.07    43.81    30.00    28.00
 6140.00      .00    39.26    43.81    24.00    22.00
 6140.00     1.00    45.35    43.81    24.00    22.00
 6140.00     6.00    39.07    43.81    24.00    22.00
 6141.00      .00    39.26    43.81    24.00    22.00
 6141.00     1.00    45.35    37.61    24.00    22.00
 6141.00     6.00    39.07    43.81    24.00    22.00
 6142.00      .00    39.26    43.81    16.00    22.00
 6142.00     1.00    45.35    37.61    16.00    22.00
 6142.00     6.00    39.07    43.81    16.00    22.00
 6150.00      .00    39.07    37.67    28.00    28.00
 6150.00     1.00    39.07    37.61    28.00    28.00
 6150.00     6.00    39.07    43.81    28.00    28.00
 6151.00      .00    39.07    37.67    23.00    28.00
 6151.00     1.00    45.35    37.61    23.00    28.00
 6151.00     6.00    39.07    43.81    23.00    28.00
 6152.00      .00    39.07    37.67    23.00    28.00
 6152.00     1.00    45.35    37.61    23.00    28.00
 6152.00     6.00    39.07    43.81    23.00    28.00
 6153.00      .00    39.07    37.67    28.00    28.00
 6153.00     1.00    45.35    37.61    28.00    28.00
 6153.00     6.00    39.07    43.81    28.00    28.00
 6154.00      .00    39.07    37.67     6.00    28.00
 6154.00     1.00    45.35    37.61     6.00    28.00
 6154.00     6.00    39.07    43.81     6.00    28.00
 6200.00      .00    39.07    37.67    38.00    16.00
 6200.00     1.00    45.35    37.61    38.00    16.00
 6200.00     6.00    39.07    43.81    38.00    16.00
 6210.00      .00    39.07    37.67    38.00    16.00
 6210.00     1.00    45.35    37.61    38.00    16.00
 6210.00     6.00    39.07    43.81    38.00    16.00
 6254.00      .00    39.07    37.67  -999.00  -999.00
 6254.00     1.00    39.07    37.61  -999.00  -999.00
 6254.00     6.00    39.07    43.81  -999.00  -999.00
 7000.00      .00    43.54    39.38    38.00    34.00
 7000.00     1.00    72.90    58.19    38.00    34.00
 7000.00     6.00    41.05    38.56    38.00    34.00
 7100.00      .00    40.11    43.22    34.00    31.00
 7100.00     1.00    74.57    58.60    34.00    31.00
 7100.00     6.00    37.75    41.71    34.00    31.00
 7110.00      .00    41.12    43.22    34.00    30.00
 7110.00     1.00    70.70    58.60    34.00    30.00
 7110.00     6.00    37.42    41.71    34.00    30.00
 7111.00      .00    41.12    43.22    34.00    30.00
 7111.00     1.00    70.70    58.60    34.00    30.00
 7111.00     6.00    37.42    41.71    34.00    30.00
 7112.00      .00    41.12    43.22    36.00    30.00
 7112.00     1.00    70.70    58.60    36.00    30.00
 7112.00     6.00    37.42    41.71    36.00    30.00
 7113.00      .00    41.12    43.22    34.00    27.00
 7113.00     1.00    70.70    58.60    34.00    27.00
 7113.00     6.00    37.42    41.71    34.00    27.00
 7120.00      .00    37.58    41.71    34.00    30.00
 7120.00     1.00    73.06    58.60    34.00    30.00
 7120.00     6.00    36.79    41.71    34.00    30.00
 7121.00      .00    37.58    41.71    36.00    29.00
 7121.00     1.00    73.06    58.60    36.00    29.00
 7121.00     6.00    36.79    41.71    36.00    29.00
 7122.00      .00    37.81    41.71    34.00    29.00
 7122.00     1.00    70.70    41.71    34.00    29.00
 7122.00     6.00    37.42    41.71    34.00    29.00
 7123.00      .00    32.88    41.71    34.00    26.00
 7123.00     1.00    73.06    58.60    34.00    26.00
 7123.00     6.00    32.88    41.71    34.00    26.00
 7124.00      .00    38.13    41.71    37.00    29.00
 7124.00     1.00    74.51    41.71    37.00    29.00
 7124.00     6.00    35.82    41.71    37.00    29.00
 7129.00      .00    37.58    41.71    28.00    30.00
 7129.00     1.00    73.06    58.60    28.00    30.00
 7129.00     6.00    36.79    41.71    28.00    30.00
 7130.00      .00    36.31    43.66    37.00    34.00
 7130.00     1.00    70.70    58.60    37.00    34.00
 7130.00     6.00    35.80    41.71    37.00    34.00
 7131.00      .00    35.60    41.71    31.00    19.00
 7131.00     1.00    70.70    58.60    31.00    19.00
 7131.00     6.00    32.68    41.71    31.00    19.00
 7132.00      .00    43.99    43.66    31.00    30.00
 7132.00     1.00    70.70    58.60    31.00    30.00
 7132.00     6.00    40.57    41.71    31.00    30.00
 7133.00      .00    42.48    50.16    31.00    31.00
 7133.00     1.00    70.70    58.60    31.00    31.00
 7133.00     6.00    37.93    41.71    31.00    31.00
 7134.00      .00    52.50    44.12    28.00    34.00
 7134.00     1.00    70.70    58.60    28.00    34.00
 7134.00     6.00    37.93    41.71    28.00    34.00
 7135.00      .00    41.77    43.66    26.00    26.00
 7135.00     1.00    75.04    58.60    26.00    26.00
 7135.00     6.00    38.82    41.71    26.00    26.00
 7136.00      .00    43.51    41.71    34.00    33.00
 7136.00     1.00    77.64    58.60    34.00    33.00
 7136.00     6.00    40.32    41.71    34.00    33.00
 7137.00      .00    41.77    43.66    44.00    37.00
 7137.00     1.00    75.04    58.60    44.00    37.00
 7137.00     6.00    38.82    41.71    44.00    37.00
 7139.00      .00    41.77    43.66  -999.00  -999.00
 7139.00     1.00    75.04    58.60  -999.00  -999.00
 7139.00     6.00    38.82    41.71  -999.00  -999.00
 7140.00      .00    43.07    43.52    31.00    29.00
 7140.00     1.00    74.51    58.60    31.00    29.00
 7140.00     6.00    37.48    41.71    31.00    29.00
 7141.00      .00    43.07    43.52    31.00    29.00
 7141.00     1.00    74.51    58.60    31.00    29.00
 7141.00     6.00    37.48    41.71    31.00    29.00
 7142.00      .00    43.07    43.52    29.00    32.00
 7142.00     1.00    74.51    58.60    29.00    32.00
 7142.00     6.00    37.48    41.71    29.00    32.00
 7143.00      .00    43.07    43.52    20.00    29.00
 7143.00     1.00    74.51    58.60    20.00    29.00
 7143.00     6.00    37.48    41.71    20.00    29.00
 7200.00      .00    44.53    35.07    40.00    34.00
 7200.00     1.00    75.23    58.60    40.00    34.00
 7200.00     6.00    42.76    34.93    40.00    34.00
 7210.00      .00    42.84    37.63    38.00    31.00
 7210.00     1.00    74.13    58.60    38.00    31.00
 7210.00     6.00    42.33    37.63    38.00    31.00
 7211.00      .00    42.84    37.63    38.00    29.00
 7211.00     1.00    74.13    58.60    38.00    29.00
 7211.00     6.00    42.33    37.63    38.00    29.00
 7212.00      .00    42.33    37.63    39.00    30.00
 7212.00     1.00    74.13    37.63    39.00    30.00
 7212.00     6.00    42.33    37.63    39.00    30.00
 7213.00      .00    50.28    37.63    34.00    33.00
 7213.00     1.00    74.13    58.60    34.00    33.00
 7213.00     6.00    42.33    37.63    34.00    33.00
 7214.00      .00    42.84    37.63    44.00    30.00
 7214.00     1.00    74.13    58.60    44.00    30.00
 7214.00     6.00    42.33    37.63    44.00    30.00
 7215.00      .00    42.84    37.63    32.00    30.00
 7215.00     1.00    74.13    58.60    32.00    30.00
 7215.00     6.00    42.33    37.63    32.00    30.00
 7216.00      .00    42.84    37.63    26.00    30.00
 7216.00     1.00    74.13    58.60    26.00    30.00
 7216.00     6.00    42.33    37.63    26.00    30.00
 7220.00      .00    42.72    39.62    37.00    35.00
 7220.00     1.00    74.13    58.60    37.00    35.00
 7220.00     6.00    41.41    38.43    37.00    35.00
 7221.00      .00    55.46    58.60    35.00    33.00
 7221.00     1.00    74.13    58.60    35.00    33.00
 7221.00     6.00    47.46    38.43    35.00    33.00
 7222.00      .00    42.45    38.43    40.00    40.00
 7222.00     1.00    74.13    58.60    40.00    40.00
 7222.00     6.00    41.40    38.43    40.00    40.00
 7223.00      .00    38.83    38.43    38.00    34.00
 7223.00     1.00    74.13    58.60    38.00    34.00
 7223.00     6.00    38.09    38.43    38.00    34.00
 7224.00      .00    42.72    39.62    27.00    24.00
 7224.00     1.00    74.13    58.60    27.00    24.00
 7224.00     6.00    41.41    38.43    27.00    24.00
 7230.00      .00    45.13    39.55    43.00    34.00
 7230.00     1.00    78.94    58.60    43.00    34.00
 7230.00     6.00    42.13    38.43    43.00    34.00
 7231.00      .00    45.13    39.55    43.00    34.00
 7231.00     1.00    78.94    58.60    43.00    34.00
 7231.00     6.00    42.13    38.43    43.00    34.00
 7232.00      .00    45.13    39.55    50.00    42.00
 7232.00     1.00    78.94    58.60    50.00    42.00
 7232.00     6.00    42.13    38.43    50.00    42.00
 7233.00      .00    45.29    39.62    42.00    33.00
 7233.00     1.00    78.94    58.60    42.00    33.00
 7233.00     6.00    42.35    38.43    42.00    33.00
 7234.00      .00    39.52    38.43    20.00    23.00
 7234.00     1.00    78.94    58.60    20.00    23.00
 7234.00     6.00    33.89    38.43    20.00    23.00
 7240.00      .00    46.49    34.12    38.00    40.00
 7240.00     1.00    70.86    58.60    38.00    40.00
 7240.00     6.00    45.19    34.12    38.00    40.00
 7241.00      .00    46.49    34.12    38.00    40.00
 7241.00     1.00    70.86    58.60    38.00    40.00
 7241.00     6.00    45.19    34.12    38.00    40.00
 7242.00      .00    35.19    33.36    48.00    39.00
 7242.00     1.00    70.86    33.36    48.00    39.00
 7242.00     6.00    35.19    33.36    48.00    39.00
 7243.00      .00    47.29    40.24    42.00    41.00
 7243.00     1.00    70.86    40.24    42.00    41.00
 7243.00     6.00    45.94    40.24    42.00    41.00
 7244.00      .00    46.49    34.12    35.00    40.00
 7244.00     1.00    70.86    58.60    35.00    40.00
 7244.00     6.00    45.19    34.12    35.00    40.00
 7245.00      .00    46.49    34.12    36.00    38.00
 7245.00     1.00    70.86    58.60    36.00    38.00
 7245.00     6.00    45.19    34.12    36.00    38.00
 7300.00      .00    54.22    44.84    39.00    34.00
 7300.00     1.00    71.78    58.60    39.00    34.00
 7300.00     6.00    50.58    44.35    39.00    34.00
 7310.00      .00    59.05    45.84    45.00    38.00
 7310.00     1.00    71.36    58.60    45.00    38.00
 7310.00     6.00    53.87    45.45    45.00    38.00
 7311.00      .00    57.82    45.91    47.00    38.00
 7311.00     1.00    74.68    58.60    47.00    38.00
 7311.00     6.00    52.09    45.45    47.00    38.00
 7312.00      .00    64.07    45.45    33.00    38.00
 7312.00     1.00    71.36    58.60    33.00    38.00
 7312.00     6.00    64.07    45.45    33.00    38.00
 7313.00      .00    64.07    45.45    43.00    38.00
 7313.00     1.00    64.07    58.60    43.00    38.00
 7313.00     6.00    64.07    45.45    43.00    38.00
 7320.00      .00    49.81    37.71    28.00    28.00
 7320.00     1.00    74.68    58.60    28.00    28.00
 7320.00     6.00    48.68    36.66    28.00    28.00
 7321.00      .00    49.81    37.71    25.00    27.00
 7321.00     1.00    74.68    58.60    25.00    27.00
 7321.00     6.00    48.68    36.66    25.00    27.00
 7322.00      .00    49.81    37.71    37.00    29.00
 7322.00     1.00    74.68    58.60    37.00    29.00
 7322.00     6.00    48.68    36.66    37.00    29.00
 7323.00      .00    49.81    37.71    31.00    29.00
 7323.00     1.00    74.68    58.60    31.00    29.00
 7323.00     6.00    48.68    36.66    31.00    29.00
 7324.00      .00    49.81    37.71    31.00    29.00
 7324.00     1.00    74.68    58.60    31.00    29.00
 7324.00     6.00    48.68    36.66    31.00    29.00
 7330.00      .00    54.22    44.84    31.00    29.00
 7330.00     1.00    71.78    58.60    31.00    29.00
 7330.00     6.00    50.58    44.35    31.00    29.00
 7331.00      .00    54.22    44.84    31.00    29.00
 7331.00     1.00    71.78    58.60    31.00    29.00
 7331.00     6.00    50.58    44.35    31.00    29.00
 7332.00      .00    54.22    44.84    31.00    29.00
 7332.00     1.00    71.78    58.60    31.00    29.00
 7332.00     6.00    50.58    44.35    31.00    29.00
 7340.00      .00    50.56    45.83    42.00    40.00
 7340.00     1.00    74.68    58.60    42.00    40.00
 7340.00     6.00    50.56    45.83    42.00    40.00
 7341.00      .00    52.69    45.83    42.00    40.00
 7341.00     1.00    74.68    58.60    42.00    40.00
 7341.00     6.00    50.56    45.83    42.00    40.00
 7342.00      .00    49.18    46.29    41.00    40.00
 7342.00     1.00    74.68    58.60    41.00    40.00
 7342.00     6.00    47.99    45.83    41.00    40.00
 7343.00      .00    49.18    46.29    41.00    42.00
 7343.00     1.00    74.68    58.60    41.00    42.00
 7343.00     6.00    47.99    45.83    41.00    42.00
 7344.00      .00    50.56    46.34    42.00    40.00
 7344.00     1.00    74.68    58.60    42.00    40.00
 7344.00     6.00    50.56    45.83    42.00    40.00
 7345.00      .00    47.24    47.11    32.00    37.00
 7345.00     1.00    74.68    58.60    32.00    37.00
 7345.00     6.00    46.14    45.83    32.00    37.00
 7346.00      .00    50.56    45.83    52.00    38.00
 7346.00     1.00    74.68    58.60    52.00    38.00
 7346.00     6.00    50.56    45.83    52.00    38.00
 7400.00      .00    44.41    40.19    33.00    33.00
 7400.00     1.00    69.69    58.01    33.00    33.00
 7400.00     6.00    40.34    38.98    33.00    33.00
 7410.00      .00    42.15    40.15    28.00    30.00
 7410.00     1.00    57.38    58.01    28.00    30.00
 7410.00     6.00    37.65    40.15    28.00    30.00
 7411.00      .00    42.15    40.15    24.00    30.00
 7411.00     1.00    57.38    40.15    24.00    30.00
 7411.00     6.00    37.65    40.15    24.00    30.00
 7412.00      .00    42.15    40.15    33.00    31.00
 7412.00     1.00    57.38    58.01    33.00    31.00
 7412.00     6.00    37.65    40.15    33.00    31.00
 7413.00      .00    42.15    40.15    34.00    30.00
 7413.00     1.00    57.38    58.01    34.00    30.00
 7413.00     6.00    37.65    40.15    34.00    30.00
 7414.00      .00    42.15    40.15    35.00    30.00
 7414.00     1.00    57.38    58.01    35.00    30.00
 7414.00     6.00    37.65    40.15    35.00    30.00
 7415.00      .00    42.15    40.15    34.00    30.00
 7415.00     1.00    57.38    58.01    34.00    30.00
 7415.00     6.00    37.65    40.15    34.00    30.00
 7416.00      .00    42.15    40.15    34.00    30.00
 7416.00     1.00    57.38    58.01    34.00    30.00
 7416.00     6.00    37.65    40.15    34.00    30.00
 7420.00      .00    44.15    39.93    29.00    33.00
 7420.00     1.00    73.91    58.60    29.00    33.00
 7420.00     6.00    40.12    36.89    29.00    33.00
 7421.00      .00    39.25    39.87    29.00    33.00
 7421.00     1.00    73.91    58.60    29.00    33.00
 7421.00     6.00    33.47    34.98    29.00    33.00
 7422.00      .00    44.55    39.94    40.00    33.00
 7422.00     1.00    73.91    58.60    40.00    33.00
 7422.00     6.00    40.97    38.01    40.00    33.00
 7423.00      .00    55.04    46.79    36.00    33.00
 7423.00     1.00    73.91    58.60    36.00    33.00
 7423.00     6.00    33.47    34.98    36.00    33.00
 7424.00      .00    53.69    34.98    21.00    33.00
 7424.00     1.00    73.91    58.60    21.00    33.00
 7424.00     6.00    33.47    34.98    21.00    33.00
 7430.00      .00    49.22    42.41    34.00    36.00
 7430.00     1.00    64.96    57.42    34.00    36.00
 7430.00     6.00    45.48    41.39    34.00    36.00
 7431.00      .00    49.22    42.41    29.00    29.00
 7431.00     1.00    64.96    57.42    29.00    29.00
 7431.00     6.00    45.48    41.39    29.00    29.00
 7432.00      .00    49.22    42.41    32.00    29.00
 7432.00     1.00    64.96    57.42    32.00    29.00
 7432.00     6.00    45.48    41.39    32.00    29.00
 7433.00      .00    46.08    42.48    40.00    45.00
 7433.00     1.00    64.96    57.42    40.00    45.00
 7433.00     6.00    44.20    41.39    40.00    45.00
 7434.00      .00    49.22    42.41    35.00    36.00
 7434.00     1.00    64.96    57.42    35.00    36.00
 7434.00     6.00    45.48    41.39    35.00    36.00
 7435.00      .00    49.22    42.41    40.00    36.00
 7435.00     1.00    64.96    57.42    40.00    36.00
 7435.00     6.00    45.48    41.39    40.00    36.00
 7436.00      .00    49.22    42.41    26.00    33.00
 7436.00     1.00    64.96    57.42    26.00    33.00
 7436.00     6.00    45.48    41.39    26.00    33.00
 7437.00      .00    51.80    41.39    31.00    28.00
 7437.00     1.00    64.96    57.42    31.00    28.00
 7437.00     6.00    46.81    41.39    31.00    28.00
 7440.00      .00    51.04    35.63    27.00    31.00
 7440.00     1.00    64.96    35.63    27.00    31.00
 7440.00     6.00    47.56    35.63    27.00    31.00
 7441.00      .00    64.96    35.63    22.00    31.00
 7441.00     1.00    64.96    35.63    22.00    31.00
 7441.00     6.00    47.56    35.63    22.00    31.00
 7442.00      .00    49.39    35.63    27.00    31.00
 7442.00     1.00    64.96    35.63    27.00    31.00
 7442.00     6.00    47.56    35.63    27.00    31.00
 7500.00      .00    43.54    39.38    48.00    42.00
 7500.00     1.00    72.90    58.19    48.00    42.00
 7500.00     6.00    41.05    38.56    48.00    42.00
 7510.00      .00    43.54    39.38    46.00    42.00
 7510.00     1.00    72.90    58.19    46.00    42.00
 7510.00     6.00    41.05    38.56    46.00    42.00
 7520.00      .00    43.54    39.38    46.00    39.00
 7520.00     1.00    72.90    58.19    46.00    39.00
 7520.00     6.00    41.05    38.56    46.00    39.00
 7530.00      .00    43.54    39.38    37.00    26.00
 7530.00     1.00    72.90    58.19    37.00    26.00
 7530.00     6.00    41.05    38.56    37.00    26.00
 8000.00      .00    41.30    36.51    34.00    31.00
 8000.00     1.00    64.86    53.87    34.00    31.00
 8000.00     6.00    39.44    35.87    34.00    31.00
 8100.00      .00    38.21    37.26    36.00    30.00
 8100.00     1.00    69.28    58.60    36.00    30.00
 8100.00     6.00    37.31    36.81    36.00    30.00
 8110.00      .00    36.44    36.16    31.00    35.00
 8110.00     1.00    69.28    58.60    31.00    35.00
 8110.00     6.00    35.53    36.16    31.00    35.00
 8111.00      .00    33.83    36.16    34.00    35.00
 8111.00     1.00    69.28    58.60    34.00    35.00
 8111.00     6.00    33.83    36.16    34.00    35.00
 8112.00      .00    38.19    36.16    32.00    35.00
 8112.00     1.00    69.28    58.60    32.00    35.00
 8112.00     6.00    36.55    36.16    32.00    35.00
 8113.00      .00    36.55    36.16    31.00    35.00
 8113.00     1.00    69.28    36.16    31.00    35.00
 8113.00     6.00    36.55    36.16    31.00    35.00
 8120.00      .00    34.81    36.16    40.00    30.00
 8120.00     1.00    69.28    58.60    40.00    30.00
 8120.00     6.00    34.12    36.16    40.00    30.00
 8121.00      .00    39.84    36.16    45.00    31.00
 8121.00     1.00    69.28    36.16    45.00    31.00
 8121.00     6.00    39.84    36.16    45.00    31.00
 8122.00      .00    33.16    36.16    36.00    30.00
 8122.00     1.00    69.28    36.16    36.00    30.00
 8122.00     6.00    32.11    36.16    36.00    30.00
 8123.00      .00    34.81    36.16    38.00    28.00
 8123.00     1.00    69.28    58.60    38.00    28.00
 8123.00     6.00    34.12    36.16    38.00    28.00
 8124.00      .00    32.11    36.16    28.00    30.00
 8124.00     1.00    69.28    58.60    28.00    30.00
 8124.00     6.00    32.11    36.16    28.00    30.00
 8129.00      .00    34.81    36.16  -999.00  -999.00
 8129.00     1.00    69.28    36.16  -999.00  -999.00
 8129.00     6.00    34.12    36.16  -999.00  -999.00
 8130.00      .00    44.43    42.93    31.00    22.00
 8130.00     1.00    69.28    58.60    31.00    22.00
 8130.00     6.00    40.53    41.50    31.00    22.00
 8131.00      .00    44.51    42.42    31.00    22.00
 8131.00     1.00    69.28    58.60    31.00    22.00
 8131.00     6.00    40.53    41.50    31.00    22.00
 8139.00      .00    45.32    41.50    31.00    22.00
 8139.00     1.00    69.28    58.60    31.00    22.00
 8139.00     6.00    40.53    41.50    31.00    22.00
 8140.00      .00    39.03    36.16    28.00    27.00
 8140.00     1.00    69.28    58.60    28.00    27.00
 8140.00     6.00    39.03    36.16    28.00    27.00
 8141.00      .00    39.03    36.16    29.00    27.00
 8141.00     1.00    69.28    58.60    29.00    27.00
 8141.00     6.00    39.03    36.16    29.00    27.00
 8142.00      .00    39.03    36.16    28.00    27.00
 8142.00     1.00    69.28    58.60    28.00    27.00
 8142.00     6.00    39.03    36.16    28.00    27.00
 8143.00      .00    39.03    36.16    28.00    27.00
 8143.00     1.00    39.03    36.16    28.00    27.00
 8143.00     6.00    39.03    36.16    28.00    27.00
 8150.00      .00    38.68    32.79    42.00    35.00
 8150.00     1.00    38.68    32.79    42.00    35.00
 8150.00     6.00    38.68    32.79    42.00    35.00
 8151.00      .00    38.68    32.79    43.00    35.00
 8151.00     1.00    69.28    58.60    43.00    35.00
 8151.00     6.00    38.68    32.79    43.00    35.00
 8152.00      .00    38.68    32.79    43.00    35.00
 8152.00     1.00    69.28    58.60    43.00    35.00
 8152.00     6.00    38.68    32.79    43.00    35.00
 8153.00      .00    38.68    32.79    43.00    35.00
 8153.00     1.00    69.28    58.60    43.00    35.00
 8153.00     6.00    38.68    32.79    43.00    35.00
 8154.00      .00    38.68    32.79    43.00    35.00
 8154.00     1.00    69.28    58.60    43.00    35.00
 8154.00     6.00    38.68    32.79    43.00    35.00
 8155.00      .00    38.68    32.79    37.00    35.00
 8155.00     1.00    69.28    58.60    37.00    35.00
 8155.00     6.00    38.68    32.79    37.00    35.00
 8159.00      .00    38.68    32.79    43.00    35.00
 8159.00     1.00    69.28    58.60    43.00    35.00
 8159.00     6.00    38.68    32.79    43.00    35.00
 8160.00      .00    37.95    36.16    38.00    32.00
 8160.00     1.00    69.28    58.60    38.00    32.00
 8160.00     6.00    37.42    36.16    38.00    32.00
 8161.00      .00    37.95    36.16    42.00    33.00
 8161.00     1.00    69.28    36.16    42.00    33.00
 8161.00     6.00    37.42    36.16    42.00    33.00
 8162.00      .00    37.95    36.16    35.00    27.00
 8162.00     1.00    69.28    58.60    35.00    27.00
 8162.00     6.00    37.42    36.16    35.00    27.00
 8163.00      .00    37.95    36.16    34.00    33.00
 8163.00     1.00    69.28    58.60    34.00    33.00
 8163.00     6.00    37.42    36.16    34.00    33.00
 8170.00      .00    38.21    37.26    30.00    26.00
 8170.00     1.00    69.28    58.60    30.00    26.00
 8170.00     6.00    37.31    36.81    30.00    26.00
 8171.00      .00    38.21    37.26    30.00    26.00
 8171.00     1.00    69.28    58.60    30.00    26.00
 8171.00     6.00    37.31    36.81    30.00    26.00
 8172.00      .00    38.21    37.26    30.00    26.00
 8172.00     1.00    69.28    58.60    30.00    26.00
 8172.00     6.00    37.31    36.81    30.00    26.00
 8200.00      .00    41.83    36.20    34.00    32.00
 8200.00     1.00    68.67    57.76    34.00    32.00
 8200.00     6.00    38.37    35.56    34.00    32.00
 8210.00      .00    38.21    37.65    37.00    36.00
 8210.00     1.00    69.28    57.76    37.00    36.00
 8210.00     6.00    37.87    37.65    37.00    36.00
 8211.00      .00    37.87    37.65    38.00    36.00
 8211.00     1.00    69.28    37.65    38.00    36.00
 8211.00     6.00    37.87    37.65    38.00    36.00
 8212.00      .00    40.86    37.65    30.00    30.00
 8212.00     1.00    69.28    37.65    30.00    30.00
 8212.00     6.00    37.87    37.65    30.00    30.00
 8220.00      .00    33.73    31.68    43.00    30.00
 8220.00     1.00    68.67    57.76    43.00    30.00
 8220.00     6.00    33.73    31.68    43.00    30.00
 8221.00      .00    33.73    31.68    43.00    30.00
 8221.00     1.00    68.67    57.76    43.00    30.00
 8221.00     6.00    33.73    31.68    43.00    30.00
 8222.00      .00    33.73    31.68    43.00    30.00
 8222.00     1.00    68.67    57.76    43.00    30.00
 8222.00     6.00    33.73    31.68    43.00    30.00
 8223.00      .00    33.73    31.68    28.00    30.00
 8223.00     1.00    33.73    31.68    28.00    30.00
 8223.00     6.00    33.73    31.68    28.00    30.00
 8224.00      .00    33.73    31.68    43.00    30.00
 8224.00     1.00    68.67    57.76    43.00    30.00
 8224.00     6.00    33.73    31.68    43.00    30.00
 8229.00      .00    33.73    31.68    43.00    30.00
 8229.00     1.00    68.67    57.76    43.00    30.00
 8229.00     6.00    33.73    31.68    43.00    30.00
 8230.00      .00    33.65    31.68    30.00    30.00
 8230.00     1.00    69.28    57.76    30.00    30.00
 8230.00     6.00    32.52    31.68    30.00    30.00
 8231.00      .00    32.37    31.68    30.00    30.00
 8231.00     1.00    69.28    31.68    30.00    30.00
 8231.00     6.00    30.89    31.68    30.00    30.00
 8232.00      .00    34.12    31.68    30.00    30.00
 8232.00     1.00    69.28    31.68    30.00    30.00
 8232.00     6.00    33.10    31.68    30.00    30.00
 8240.00      .00    33.10    33.92    31.00    29.00
 8240.00     1.00    33.10    58.60    31.00    29.00
 8240.00     6.00    33.10    31.68    31.00    29.00
 8250.00      .00    41.62    38.13    41.00    38.00
 8250.00     1.00    69.28    57.76    41.00    38.00
 8250.00     6.00    37.81    38.13    41.00    38.00
 8251.00      .00    41.62    38.13    41.00    38.00
 8251.00     1.00    69.28    57.76    41.00    38.00
 8251.00     6.00    37.81    38.13    41.00    38.00
 8252.00      .00    44.10    38.13    32.00    38.00
 8252.00     1.00    69.28    38.13    32.00    38.00
 8252.00     6.00    37.81    38.13    32.00    38.00
 8253.00      .00    39.56    38.13    28.00    38.00
 8253.00     1.00    69.28    38.13    28.00    38.00
 8253.00     6.00    37.81    38.13    28.00    38.00
 8260.00      .00    37.91    35.82    28.00    30.00
 8260.00     1.00    69.28    57.42    28.00    30.00
 8260.00     6.00    33.89    35.06    28.00    30.00
 8261.00      .00    35.70    31.93    29.00    29.00
 8261.00     1.00    69.28    57.42    29.00    29.00
 8261.00     6.00    35.70    31.93    29.00    29.00
 8262.00      .00    33.69    36.20    29.00    29.00
 8262.00     1.00    69.28    57.42    29.00    29.00
 8262.00     6.00    31.91    36.20    29.00    29.00
 8263.00      .00    46.04    35.05    25.00    32.00
 8263.00     1.00    69.28    57.42    25.00    32.00
 8263.00     6.00    35.58    34.09    25.00    32.00
 8264.00      .00    34.50    39.55    25.00    24.00
 8264.00     1.00    69.28    57.42    25.00    24.00
 8264.00     6.00    32.76    38.79    25.00    24.00
 8265.00      .00    37.91    35.82    26.00    32.00
 8265.00     1.00    69.28    57.42    26.00    32.00
 8265.00     6.00    33.89    35.06    26.00    32.00
 8266.00      .00    37.91    35.82    28.00    32.00
 8266.00     1.00    69.28    57.42    28.00    32.00
 8266.00     6.00    33.89    35.06    28.00    32.00
 8269.00      .00    35.80    43.33    26.00    32.00
 8269.00     1.00    69.28    57.42    26.00    32.00
 8269.00     6.00    32.76    42.53    26.00    32.00
 8270.00      .00    41.01    33.95    33.00    29.00
 8270.00     1.00    68.29    58.60    33.00    29.00
 8270.00     6.00    41.01    33.95    33.00    29.00
 8271.00      .00    47.49    39.67    31.00    29.00
 8271.00     1.00    68.29    58.60    31.00    29.00
 8271.00     6.00    39.97    38.78    31.00    29.00
 8272.00      .00    38.70    33.95    34.00    29.00
 8272.00     1.00    68.29    58.60    34.00    29.00
 8272.00     6.00    38.70    33.95    34.00    29.00
 8273.00      .00    49.14    39.67    33.00    29.00
 8273.00     1.00    68.29    58.60    33.00    29.00
 8273.00     6.00    38.70    38.78    33.00    29.00
 8274.00      .00    50.72    42.01    33.00    29.00
 8274.00     1.00    68.29    58.60    33.00    29.00
 8274.00     6.00    41.01    40.87    33.00    29.00
 8275.00      .00    47.49    39.67    35.00    29.00
 8275.00     1.00    68.29    58.60    35.00    29.00
 8275.00     6.00    39.97    38.78    35.00    29.00
 8276.00      .00    37.97    33.95    45.00    29.00
 8276.00     1.00    68.29    58.60    45.00    29.00
 8276.00     6.00    37.97    33.95    45.00    29.00
 8277.00      .00    37.97    33.95    34.00    29.00
 8277.00     1.00    68.29    58.60    34.00    29.00
 8277.00     6.00    37.97    33.95    34.00    29.00
 8278.00      .00    40.50    33.95    34.00    29.00
 8278.00     1.00    68.29    58.60    34.00    29.00
 8278.00     6.00    37.97    33.95    34.00    29.00
 8279.00      .00    41.01    40.87    39.00    29.00
 8279.00     1.00    68.29    58.60    39.00    29.00
 8279.00     6.00    41.01    40.87    39.00    29.00
 8280.00      .00    46.02    35.96    33.00    31.00
 8280.00     1.00    70.86    58.60    33.00    31.00
 8280.00     6.00    45.24    35.61    33.00    31.00
 8281.00      .00    46.02    35.96    30.00    30.00
 8281.00     1.00    70.86    58.60    30.00    30.00
 8281.00     6.00    45.24    35.61    30.00    30.00
 8282.00      .00    50.07    35.61    48.00    34.00
 8282.00     1.00    70.86    58.60    48.00    34.00
 8282.00     6.00    49.17    35.61    48.00    34.00
 8283.00      .00    46.02    35.96    48.00    34.00
 8283.00     1.00    70.86    58.60    48.00    34.00
 8283.00     6.00    45.24    35.61    48.00    34.00
 8284.00      .00    34.60    35.96    30.00    30.00
 8284.00     1.00    70.86    58.60    30.00    30.00
 8284.00     6.00    34.60    35.61    30.00    30.00
 8285.00      .00    46.02    35.96    31.00    30.00
 8285.00     1.00    70.86    58.60    31.00    30.00
 8285.00     6.00    45.24    35.61    31.00    30.00
 8286.00      .00    46.02    35.96    28.00    30.00
 8286.00     1.00    70.86    58.60    28.00    30.00
 8286.00     6.00    45.24    35.61    28.00    30.00
 8290.00      .00    37.04    35.61    33.00    26.00
 8290.00     1.00    37.04    35.61    33.00    26.00
 8290.00     6.00    37.04    35.61    33.00    26.00
 8300.00      .00    42.00    40.62    33.00    32.00
 8300.00     1.00    58.41    40.62    33.00    32.00
 8300.00     6.00    40.99    40.62    33.00    32.00
 8310.00      .00    52.29    40.62    36.00    36.00
 8310.00     1.00    58.41    40.62    36.00    36.00
 8310.00     6.00    52.29    40.62    36.00    36.00
 8311.00      .00    52.29    40.62    43.00    41.00
 8311.00     1.00    52.29    40.62    43.00    41.00
 8311.00     6.00    52.29    40.62    43.00    41.00
 8312.00      .00    52.29    40.62    29.00    32.00
 8312.00     1.00    58.41    40.62    29.00    32.00
 8312.00     6.00    52.29    40.62    29.00    32.00
 8320.00      .00    52.29    40.62    32.00    34.00
 8320.00     1.00    58.41    40.62    32.00    34.00
 8320.00     6.00    52.29    40.62    32.00    34.00
 8321.00      .00    52.29    40.62    31.00    30.00
 8321.00     1.00    58.41    40.62    31.00    30.00
 8321.00     6.00    52.29    40.62    31.00    30.00
 8322.00      .00    52.29    40.62    31.00    30.00
 8322.00     1.00    58.41    40.62    31.00    30.00
 8322.00     6.00    52.29    40.62    31.00    30.00
 8323.00      .00    52.29    40.62    32.00    30.00
 8323.00     1.00    52.29    40.62    32.00    30.00
 8323.00     6.00    52.29    40.62    32.00    30.00
 8324.00      .00    52.29    40.62    33.00    34.00
 8324.00     1.00    58.41    40.62    33.00    34.00
 8324.00     6.00    52.29    40.62    33.00    34.00
 8330.00      .00    41.59    40.62    32.00    26.00
 8330.00     1.00    58.41    40.62    32.00    26.00
 8330.00     6.00    40.51    40.62    32.00    26.00
 8331.00      .00    41.59    40.62    31.00    26.00
 8331.00     1.00    58.41    40.62    31.00    26.00
 8331.00     6.00    40.51    40.62    31.00    26.00
 8332.00      .00    41.59    40.62    32.00    26.00
 8332.00     1.00    58.41    40.62    32.00    26.00
 8332.00     6.00    40.51    40.62    32.00    26.00
 8333.00      .00    41.59    40.62    33.00    28.00
 8333.00     1.00    58.41    40.62    33.00    28.00
 8333.00     6.00    40.51    40.62    33.00    28.00
 8334.00      .00    41.59    40.62    28.00    28.00
 8334.00     1.00    58.41    40.62    28.00    28.00
 8334.00     6.00    40.51    40.62    28.00    28.00
 8340.00      .00    40.51    40.62    29.00    32.00
 8340.00     1.00    40.51    40.62    29.00    32.00
 8340.00     6.00    40.51    40.62    29.00    32.00
 8400.00      .00    41.30    36.51    33.00    24.00
 8400.00     1.00    64.86    53.87    33.00    24.00
 8400.00     6.00    39.44    35.87    33.00    24.00
 9000.00      .00    37.16    38.01    21.00    20.00
 9000.00     1.00    45.26    49.31    21.00    20.00
 9000.00     6.00    37.03    37.88    21.00    20.00
 9100.00      .00    42.67    37.49    23.00    25.00
 9100.00     1.00    49.04    52.67    23.00    25.00
 9100.00     6.00    42.41    37.35    23.00    25.00
 9110.00      .00    42.67    37.49    25.00    29.00
 9110.00     1.00    49.04    52.67    25.00    29.00
 9110.00     6.00    42.41    37.35    25.00    29.00
 9111.00      .00    42.67    37.49    24.00    29.00
 9111.00     1.00    49.04    52.67    24.00    29.00
 9111.00     6.00    42.41    37.35    24.00    29.00
 9112.00      .00    42.67    37.49    24.00    28.00
 9112.00     1.00    49.04    52.67    24.00    28.00
 9112.00     6.00    42.41    37.35    24.00    28.00
 9113.00      .00    42.67    37.49    26.00    29.00
 9113.00     1.00    49.04    52.67    26.00    29.00
 9113.00     6.00    42.41    37.35    26.00    29.00
 9120.00      .00    42.67    37.49    12.00    28.00
 9120.00     1.00    49.04    52.67    12.00    28.00
 9120.00     6.00    42.41    37.35    12.00    28.00
 9130.00      .00    41.33    40.49    21.00    16.00
 9130.00     1.00    49.04    52.67    21.00    16.00
 9130.00     6.00    41.20    40.49    21.00    16.00
 9131.00      .00    45.12    40.62    22.00    16.00
 9131.00     1.00    49.04    52.67    22.00    16.00
 9131.00     6.00    41.20    40.49    22.00    16.00
 9132.00      .00    32.81    33.43    21.00    16.00
 9132.00     1.00    49.04    52.67    21.00    16.00
 9132.00     6.00    32.13    32.92    21.00    16.00
 9133.00      .00    38.94    36.28    22.00    16.00
 9133.00     1.00    49.04    52.67    22.00    16.00
 9133.00     6.00    38.57    35.95    22.00    16.00
 9140.00      .00    44.72    37.74    23.00    23.00
 9140.00     1.00    49.04    52.67    23.00    23.00
 9140.00     6.00    44.54    37.65    23.00    23.00
 9141.00      .00    44.72    37.74    25.00    23.00
 9141.00     1.00    49.04    52.67    25.00    23.00
 9141.00     6.00    44.54    37.65    25.00    23.00
 9142.00      .00    44.72    37.74    19.00    23.00
 9142.00     1.00    49.04    52.67    19.00    23.00
 9142.00     6.00    44.54    37.65    19.00    23.00
 9150.00      .00    42.23    50.46    20.00    27.00
 9150.00     1.00    49.04    52.67    20.00    27.00
 9150.00     6.00    41.97    50.46    20.00    27.00
 9151.00      .00    42.23    50.46    22.00    25.00
 9151.00     1.00    49.04    52.67    22.00    25.00
 9151.00     6.00    41.97    50.46    22.00    25.00
 9152.00      .00    42.23    50.46    20.00    27.00
 9152.00     1.00    49.04    50.46    20.00    27.00
 9152.00     6.00    41.97    50.46    20.00    27.00
 9153.00      .00    42.23    50.46    21.00    27.00
 9153.00     1.00    49.04    52.67    21.00    27.00
 9153.00     6.00    41.97    50.46    21.00    27.00
 9160.00      .00    42.67    37.49    13.00    23.00
 9160.00     1.00    49.04    52.67    13.00    23.00
 9160.00     6.00    42.41    37.35    13.00    23.00
 9161.00      .00    42.67    37.49    13.00    23.00
 9161.00     1.00    49.04    52.67    13.00    23.00
 9161.00     6.00    42.41    37.35    13.00    23.00
 9162.00      .00    42.67    37.49    13.00    23.00
 9162.00     1.00    49.04    52.67    13.00    23.00
 9162.00     6.00    42.41    37.35    13.00    23.00
 9200.00      .00    37.71    38.28    23.00    16.00
 9200.00     1.00    37.71    38.28    23.00    16.00
 9200.00     6.00    37.71    38.28    23.00    16.00
 9210.00      .00    37.71    38.28    23.00    16.00
 9210.00     1.00    37.71    38.28    23.00    16.00
 9210.00     6.00    37.71    38.28    23.00    16.00
 9211.00      .00    37.71    38.28    23.00    16.00
 9211.00     1.00    37.71    38.28    23.00    16.00
 9211.00     6.00    37.71    38.28    23.00    16.00
 9212.00      .00    37.71    38.28    18.00    16.00
 9212.00     1.00    37.71    38.28    18.00    16.00
 9212.00     6.00    37.71    38.28    18.00    16.00
 9213.00      .00    37.71    38.28    23.00    16.00
 9213.00     1.00    37.71    38.28    23.00    16.00
 9213.00     6.00    37.71    38.28    23.00    16.00
 9300.00      .00    31.72    38.43    18.00    23.00
 9300.00     1.00    31.72    38.43    18.00    23.00
 9300.00     6.00    31.72    38.43    18.00    23.00
 9310.00      .00    31.12    38.43    16.00    21.00
 9310.00     1.00    49.04    58.60    16.00    21.00
 9310.00     6.00    31.12    38.43    16.00    21.00
 9311.00      .00    31.12    38.43    18.00    21.00
 9311.00     1.00    49.04    58.60    18.00    21.00
 9311.00     6.00    31.12    38.43    18.00    21.00
 9312.00      .00    31.12    38.43    15.00    21.00
 9312.00     1.00    49.04    58.60    15.00    21.00
 9312.00     6.00    31.12    38.43    15.00    21.00
 9313.00      .00    31.12    38.43    15.00    21.00
 9313.00     1.00    31.12    38.43    15.00    21.00
 9313.00     6.00    31.12    38.43    15.00    21.00
 9320.00      .00    31.60    38.93    19.00    20.00
 9320.00     1.00    49.04    58.60    19.00    20.00
 9320.00     6.00    31.60    38.93    19.00    20.00
 9321.00      .00    31.60    38.93    18.00    20.00
 9321.00     1.00    49.04    58.60    18.00    20.00
 9321.00     6.00    31.60    38.93    18.00    20.00
 9322.00      .00    38.61    39.79    22.00    24.00
 9322.00     1.00    49.04    58.60    22.00    24.00
 9322.00     6.00    38.58    39.71    22.00    24.00
 9330.00      .00    41.22    38.43    20.00    29.00
 9330.00     1.00    49.04    58.60    20.00    29.00
 9330.00     6.00    41.22    38.43    20.00    29.00
 9331.00      .00    40.81    41.99    17.00    22.00
 9331.00     1.00    49.04    58.60    17.00    22.00
 9331.00     6.00    40.70    38.43    17.00    22.00
 9332.00      .00    40.81    41.99    22.00    22.00
 9332.00     1.00    49.04    58.60    22.00    22.00
 9332.00     6.00    40.70    38.43    22.00    22.00
 9333.00      .00    38.54    43.08    20.00    30.00
 9333.00     1.00    49.04    58.60    20.00    30.00
 9333.00     6.00    37.59    38.43    20.00    30.00
