 1000.00      .00    83.20    57.73    51.00    55.00
 1000.00     1.00    83.20    57.73    51.00    55.00
 1000.00     6.00    83.20    57.73    51.00    55.00
 1100.00      .00    83.20    57.73    67.00    70.00
 1100.00     1.00    83.20    58.50    67.00    70.00
 1100.00     6.00    83.20    57.73    67.00    70.00
 1110.00      .00    83.20    57.73    64.00    77.00
 1110.00     1.00    83.20    57.73    64.00    77.00
 1110.00     6.00    83.20    57.73    64.00    77.00
 1120.00      .00    83.20    57.73    71.00    77.00
 1120.00     1.00    83.20    58.50    71.00    77.00
 1120.00     6.00    83.20    57.73    71.00    77.00
 1130.00      .00    62.37    57.73    63.00    66.00
 1130.00     1.00    69.50    58.50    63.00    66.00
 1130.00     6.00    62.37    57.73    63.00    66.00
 1140.00      .00    83.20    57.73    63.00    58.00
 1140.00     1.00    83.20    57.73    63.00    58.00
 1140.00     6.00    83.20    57.73    63.00    58.00
 1141.00      .00    83.20    57.73    63.00    58.00
 1141.00     1.00    83.20    57.73    63.00    58.00
 1141.00     6.00    83.20    57.73    63.00    58.00
 1142.00      .00    83.20    57.73    63.00    58.00
 1142.00     1.00    83.20    57.73    63.00    58.00
 1142.00     6.00    83.20    57.73    63.00    58.00
 1143.00      .00    83.20    57.73    63.00    58.00
 1143.00     1.00    83.20    57.73    63.00    58.00
 1143.00     6.00    83.20    57.73    63.00    58.00
 1150.00      .00    51.72    57.73  -999.00  -999.00
 1150.00     1.00    51.72    57.73  -999.00  -999.00
 1150.00     6.00    51.72    57.73  -999.00  -999.00
 1160.00      .00    57.82    57.73  -999.00  -999.00
 1160.00     1.00    57.82    57.73  -999.00  -999.00
 1160.00     6.00    57.82    57.73  -999.00  -999.00
 1200.00      .00    75.96    61.98    60.00    68.00
 1200.00     1.00    75.96    58.50    60.00    68.00
 1200.00     6.00    75.96    62.40    60.00    68.00
 1210.00      .00    86.14    63.09    70.00    70.00
 1210.00     1.00    69.17    63.09    70.00    70.00
 1210.00     6.00    86.99    63.09    70.00    70.00
 1220.00      .00    73.49    62.32    63.00    67.00
 1220.00     1.00    69.17    58.50    63.00    67.00
 1220.00     6.00    74.89    63.09    63.00    67.00
 1221.00      .00    73.49    62.32    60.00    67.00
 1221.00     1.00    69.17    58.50    60.00    67.00
 1221.00     6.00    74.89    63.09    60.00    67.00
 1222.00      .00    73.49    62.32    60.00    67.00
 1222.00     1.00    69.17    58.50    60.00    67.00
 1222.00     6.00    74.89    63.09    60.00    67.00
 1223.00      .00    73.49    62.32    60.00    67.00
 1223.00     1.00    69.17    58.50    60.00    67.00
 1223.00     6.00    74.89    63.09    60.00    67.00
 1224.00      .00    73.49    62.32    60.00    59.00
 1224.00     1.00    69.17    58.50    60.00    59.00
 1224.00     6.00    74.89    63.09    60.00    59.00
 1225.00      .00    73.49    62.32    60.00    59.00
 1225.00     1.00    69.17    58.50    60.00    59.00
 1225.00     6.00    74.89    63.09    60.00    59.00
 1226.00      .00    73.49    62.32    60.00    59.00
 1226.00     1.00    69.17    58.50    60.00    59.00
 1226.00     6.00    74.89    63.09    60.00    59.00
 1227.00      .00    73.49    62.32    60.00    87.00
 1227.00     1.00    69.17    58.50    60.00    87.00
 1227.00     6.00    74.89    63.09    60.00    87.00
 1228.00      .00    73.49    62.32    60.00    59.00
 1228.00     1.00    69.17    58.50    60.00    59.00
 1228.00     6.00    74.89    63.09    60.00    59.00
 1229.00      .00    73.49    62.32    60.00    67.00
 1229.00     1.00    69.17    58.50    60.00    67.00
 1229.00     6.00    74.89    63.09    60.00    67.00
 1230.00      .00    75.42    61.31    60.00    61.00
 1230.00     1.00    69.17    61.31    60.00    61.00
 1230.00     6.00    75.96    61.31    60.00    61.00
 1231.00      .00    75.42    61.31    60.00    69.00
 1231.00     1.00    69.17    58.50    60.00    69.00
 1231.00     6.00    75.96    61.31    60.00    69.00
 1232.00      .00    75.42    61.31    60.00    69.00
 1232.00     1.00    69.17    58.50    60.00    69.00
 1232.00     6.00    75.96    61.31    60.00    69.00
 1233.00      .00    75.42    61.31    60.00    56.00
 1233.00     1.00    69.17    58.50    60.00    56.00
 1233.00     6.00    75.96    61.31    60.00    56.00
 1234.00      .00    75.42    61.31    60.00    69.00
 1234.00     1.00    69.17    58.50    60.00    69.00
 1234.00     6.00    75.96    61.31    60.00    69.00
 1235.00      .00    75.42    61.31    60.00    69.00
 1235.00     1.00    69.17    58.50    60.00    69.00
 1235.00     6.00    75.96    61.31    60.00    69.00
 1236.00      .00    75.42    61.31    60.00    69.00
 1236.00     1.00    69.17    58.50    60.00    69.00
 1236.00     6.00    75.96    61.31    60.00    69.00
 1237.00      .00    75.42    61.31    60.00    69.00
 1237.00     1.00    69.17    58.50    60.00    69.00
 1237.00     6.00    75.96    61.31    60.00    69.00
 1239.00      .00    75.42    61.31    60.00    69.00
 1239.00     1.00    69.17    58.50    60.00    69.00
 1239.00     6.00    75.96    61.31    60.00    69.00
 1240.00      .00    74.91    61.98    55.00    58.00
 1240.00     1.00    69.17    58.50    55.00    58.00
 1240.00     6.00    76.09    62.40    55.00    58.00
 1250.00      .00    74.91    61.98    65.00    64.00
 1250.00     1.00    69.17    58.50    65.00    64.00
 1250.00     6.00    76.09    62.40    65.00    64.00
 1251.00      .00    74.91    61.98    73.00    70.00
 1251.00     1.00    69.17    58.50    73.00    70.00
 1251.00     6.00    76.09    62.40    73.00    70.00
 1252.00      .00    74.91    61.98    63.00    60.00
 1252.00     1.00    69.17    58.50    63.00    60.00
 1252.00     6.00    76.09    62.40    63.00    60.00
 1300.00      .00    70.26    59.39    50.00    51.00
 1300.00     1.00    69.56    58.50    50.00    51.00
 1300.00     6.00    71.34    60.43    50.00    51.00
 1310.00      .00    70.26    59.39    50.00    51.00
 1310.00     1.00    69.56    58.50    50.00    51.00
 1310.00     6.00    71.34    60.43    50.00    51.00
 1311.00      .00    70.26    59.39    47.00    43.00
 1311.00     1.00    69.56    58.50    47.00    43.00
 1311.00     6.00    71.34    60.43    47.00    43.00
 1312.00      .00    70.26    59.39    52.00    56.00
 1312.00     1.00    69.56    58.50    52.00    56.00
 1312.00     6.00    71.34    60.43    52.00    56.00
 1313.00      .00    70.26    59.39    52.00    51.00
 1313.00     1.00    69.56    58.50    52.00    51.00
 1313.00     6.00    71.34    60.43    52.00    51.00
 1314.00      .00    70.26    59.39    46.00    49.00
 1314.00     1.00    69.56    58.50    46.00    49.00
 1314.00     6.00    71.34    60.43    46.00    49.00
 1315.00      .00    70.26    59.39    38.00    44.00
 1315.00     1.00    69.56    58.50    38.00    44.00
 1315.00     6.00    71.34    60.43    38.00    44.00
 1316.00      .00    70.26    59.39    52.00    51.00
 1316.00     1.00    69.56    58.50    52.00    51.00
 1316.00     6.00    71.34    60.43    52.00    51.00
 1317.00      .00    70.26    59.39    52.00    51.00
 1317.00     1.00    69.56    58.50    52.00    51.00
 1317.00     6.00    71.34    60.43    52.00    51.00
 1318.00      .00    70.26    59.39    52.00    51.00
 1318.00     1.00    69.56    58.50    52.00    51.00
 1318.00     6.00    71.34    60.43    52.00    51.00
 1319.00      .00    70.26    59.39    52.00    51.00
 1319.00     1.00    69.56    58.50    52.00    51.00
 1319.00     6.00    71.34    60.43    52.00    51.00
 2000.00      .00    84.80    88.60    62.00    70.00
 2000.00     1.00    84.80    88.60    62.00    70.00
 2000.00     6.00    84.80    88.60    62.00    70.00
 2100.00      .00    80.65    84.56    63.00    69.00
 2100.00     1.00    80.93    81.36    63.00    69.00
 2100.00     6.00    80.55    85.05    63.00    69.00
 2110.00      .00    85.64    88.60    69.00    74.00
 2110.00     1.00    89.79    88.60    69.00    74.00
 2110.00     6.00    84.80    88.60    69.00    74.00
 2111.00      .00    85.64    88.60    75.00    74.00
 2111.00     1.00    89.79    81.36    75.00    74.00
 2111.00     6.00    84.80    88.60    75.00    74.00
 2112.00      .00    85.64    88.60    72.00    74.00
 2112.00     1.00    89.79    81.36    72.00    74.00
 2112.00     6.00    84.80    88.60    72.00    74.00
 2113.00      .00    85.64    88.60    69.00    74.00
 2113.00     1.00    89.79    81.36    69.00    74.00
 2113.00     6.00    84.80    88.60    69.00    74.00
 2114.00      .00    85.64    88.60    67.00    74.00
 2114.00     1.00    89.79    81.36    67.00    74.00
 2114.00     6.00    84.80    88.60    67.00    74.00
 2120.00      .00    85.25    88.60    56.00    71.00
 2120.00     1.00    89.79    88.60    56.00    71.00
 2120.00     6.00    84.80    88.60    56.00    71.00
 2121.00      .00    85.25    88.60    69.00    71.00
 2121.00     1.00    89.79    81.36    69.00    71.00
 2121.00     6.00    84.80    88.60    69.00    71.00
 2122.00      .00    85.25    88.60    55.00    71.00
 2122.00     1.00    89.79    81.36    55.00    71.00
 2122.00     6.00    84.80    88.60    55.00    71.00
 2130.00      .00    79.33    96.59    51.00    71.00
 2130.00     1.00    89.79    96.59    51.00    71.00
 2130.00     6.00    76.34    96.59    51.00    71.00
 2131.00      .00    79.33    96.59    51.00    71.00
 2131.00     1.00    89.79    96.59    51.00    71.00
 2131.00     6.00    76.34    96.59    51.00    71.00
 2132.00      .00    79.33    96.59    51.00    71.00
 2132.00     1.00    89.79    96.59    51.00    71.00
 2132.00     6.00    76.34    96.59    51.00    71.00
 2139.00      .00    79.33    96.59    51.00    71.00
 2139.00     1.00    89.79    96.59    51.00    71.00
 2139.00     6.00    76.34    96.59    51.00    71.00
 2140.00      .00    79.91    75.92    63.00    73.00
 2140.00     1.00    77.19    75.92    63.00    73.00
 2140.00     6.00    80.89    75.92    63.00    73.00
 2141.00      .00    79.91    75.92    72.00    69.00
 2141.00     1.00    77.19    75.92    72.00    69.00
 2141.00     6.00    80.89    75.92    72.00    69.00
 2142.00      .00    79.91    75.92    70.00    69.00
 2142.00     1.00    77.19    75.92    70.00    69.00
 2142.00     6.00    80.89    75.92    70.00    69.00
 2143.00      .00    79.91    75.92    65.00    68.00
 2143.00     1.00    77.19    75.92    65.00    68.00
 2143.00     6.00    80.89    75.92    65.00    68.00
 2144.00      .00    79.91    75.92    65.00    68.00
 2144.00     1.00    77.19    75.92    65.00    68.00
 2144.00     6.00    80.89    75.92    65.00    68.00
 2145.00      .00    79.91    75.92    66.00    67.00
 2145.00     1.00    77.19    75.92    66.00    67.00
 2145.00     6.00    80.89    75.92    66.00    67.00
 2146.00      .00    79.91    75.92    66.00    71.00
 2146.00     1.00    77.19    75.92    66.00    71.00
 2146.00     6.00    80.89    75.92    66.00    71.00
 2147.00      .00    79.91    75.92    61.00    67.00
 2147.00     1.00    77.19    75.92    61.00    67.00
 2147.00     6.00    80.89    75.92    61.00    67.00
 2148.00      .00    79.91    75.92    58.00    56.00
 2148.00     1.00    77.19    75.92    58.00    56.00
 2148.00     6.00    80.89    75.92    58.00    56.00
 2149.00      .00    79.91    75.92    56.00    69.00
 2149.00     1.00    77.19    75.92    56.00    69.00
 2149.00     6.00    80.89    75.92    56.00    69.00
 2200.00      .00    83.52    92.91    70.00    80.00
 2200.00     1.00    89.46    87.78    70.00    80.00
 2200.00     6.00    81.22    94.56    70.00    80.00
 2210.00      .00    67.06    80.45    62.00    78.00
 2210.00     1.00    89.46    80.45    62.00    78.00
 2210.00     6.00    64.57    80.45    62.00    78.00
 2211.00      .00    67.06    80.45    69.00    77.00
 2211.00     1.00    89.46    87.78    69.00    77.00
 2211.00     6.00    64.57    80.45    69.00    77.00
 2212.00      .00    67.06    80.45    68.00    77.00
 2212.00     1.00    89.46    87.78    68.00    77.00
 2212.00     6.00    64.57    80.45    68.00    77.00
 2213.00      .00    67.06    80.45    56.00    79.00
 2213.00     1.00    89.46    87.78    56.00    79.00
 2213.00     6.00    64.57    80.45    56.00    79.00
 2220.00      .00    88.00    95.76    73.00    85.00
 2220.00     1.00    89.46    87.78    73.00    85.00
 2220.00     6.00    87.29    99.00    73.00    85.00
 2221.00      .00    88.00    95.76    78.00    88.00
 2221.00     1.00    89.46    87.78    78.00    88.00
 2221.00     6.00    87.29    99.00    78.00    88.00
 2222.00      .00    88.00    95.76    70.00    85.00
 2222.00     1.00    89.46    87.78    70.00    85.00
 2222.00     6.00    87.29    99.00    70.00    85.00
 2223.00      .00    88.00    95.76    61.00    83.00
 2223.00     1.00    89.46    87.78    61.00    83.00
 2223.00     6.00    87.29    99.00    61.00    83.00
 2224.00      .00    88.00    95.76    64.00    74.00
 2224.00     1.00    89.46    87.78    64.00    74.00
 2224.00     6.00    87.29    99.00    64.00    74.00
 2229.00      .00    88.00    95.76    73.00    85.00
 2229.00     1.00    89.46    87.78    73.00    85.00
 2229.00     6.00    87.29    99.00    73.00    85.00
 2230.00      .00    83.52    92.91    54.00    43.00
 2230.00     1.00    89.46    87.78    54.00    43.00
 2230.00     6.00    81.22    94.56    54.00    43.00
 2300.00      .00    84.65    79.99    61.00    69.00
 2300.00     1.00    86.32    87.06    61.00    69.00
 2300.00     6.00    84.52    79.89    61.00    69.00
 2310.00      .00    99.00    98.57    78.00    77.00
 2310.00     1.00    99.00    98.57    78.00    77.00
 2310.00     6.00    99.00    98.57    78.00    77.00
 2320.00      .00    89.14    92.33    60.00    69.00
 2320.00     1.00    89.14    92.33    60.00    69.00
 2320.00     6.00    89.14    92.33    60.00    69.00
 2321.00      .00    89.14    92.33    60.00    70.00
 2321.00     1.00    89.14    92.33    60.00    70.00
 2321.00     6.00    89.14    92.33    60.00    70.00
 2322.00      .00    89.14    92.33    57.00    66.00
 2322.00     1.00    89.14    92.33    57.00    66.00
 2322.00     6.00    89.14    92.33    57.00    66.00
 2323.00      .00    89.14    92.33  -999.00  -999.00
 2323.00     1.00    89.14    92.33  -999.00  -999.00
 2323.00     6.00    89.14    92.33  -999.00  -999.00
 2330.00      .00    68.49    74.84    57.00    66.00
 2330.00     1.00    68.49    74.84    57.00    66.00
 2330.00     6.00    68.49    74.84    57.00    66.00
 2331.00      .00    68.49    74.84    57.00    66.00
 2331.00     1.00    86.32    87.06    57.00    66.00
 2331.00     6.00    68.49    74.84    57.00    66.00
 2332.00      .00    68.49    74.84    49.00    43.00
 2332.00     1.00    86.32    87.06    49.00    43.00
 2332.00     6.00    68.49    74.84    49.00    43.00
 2340.00      .00    76.27    87.01    62.00    66.00
 2340.00     1.00    76.27    87.01    62.00    66.00
 2340.00     6.00    76.27    87.01    62.00    66.00
 2350.00      .00    86.64    84.27    62.00    66.00
 2350.00     1.00    86.64    84.27    62.00    66.00
 2350.00     6.00    86.64    84.27    62.00    66.00
 2351.00      .00    86.64    84.27    68.00    70.00
 2351.00     1.00    86.64    84.27    68.00    70.00
 2351.00     6.00    86.64    84.27    68.00    70.00
 2352.00      .00    86.64    84.27    68.00    70.00
 2352.00     1.00    86.64    84.27    68.00    70.00
 2352.00     6.00    86.64    84.27    68.00    70.00
 2359.00      .00    86.64    84.27    62.00    65.00
 2359.00     1.00    86.64    84.27    62.00    65.00
 2359.00     6.00    86.64    84.27    62.00    65.00
 2400.00      .00    79.87    64.15    60.00    68.00
 2400.00     1.00    78.88    64.15    60.00    68.00
 2400.00     6.00    80.37    64.15    60.00    68.00
 2410.00      .00    72.55    66.04    57.00    69.00
 2410.00     1.00    69.45    74.34    57.00    69.00
 2410.00     6.00    74.10    64.15    57.00    69.00
 2411.00      .00    72.55    66.04    62.00    69.00
 2411.00     1.00    69.45    74.34    62.00    69.00
 2411.00     6.00    74.10    64.15    62.00    69.00
 2412.00      .00    72.55    66.04    56.00    69.00
 2412.00     1.00    69.45    74.34    56.00    69.00
 2412.00     6.00    74.10    64.15    56.00    69.00
 2419.00      .00    72.55    66.04    57.00    69.00
 2419.00     1.00    69.45    74.34    57.00    69.00
 2419.00     6.00    74.10    64.15    57.00    69.00
 2420.00      .00    76.61    96.22    73.00    85.00
 2420.00     1.00    72.76    74.34    73.00    85.00
 2420.00     6.00    79.71    99.00    73.00    85.00
 2421.00      .00    76.61    96.22    73.00    85.00
 2421.00     1.00    72.76    74.34    73.00    85.00
 2421.00     6.00    79.71    99.00    73.00    85.00
 2422.00      .00    76.61    96.22    76.00    90.00
 2422.00     1.00    72.76    74.34    76.00    90.00
 2422.00     6.00    79.71    99.00    76.00    90.00
 2429.00      .00    76.61    96.22    71.00    82.00
 2429.00     1.00    72.76    74.34    71.00    82.00
 2429.00     6.00    79.71    99.00    71.00    82.00
 2430.00      .00    85.97    78.45    54.00    65.00
 2430.00     1.00    87.78    78.45    54.00    65.00
 2430.00     6.00    85.67    78.45    54.00    65.00
 2431.00      .00    85.97    78.45    54.00    65.00
 2431.00     1.00    87.78    79.75    54.00    65.00
 2431.00     6.00    85.67    78.45    54.00    65.00
 2432.00      .00    85.97    78.45    54.00    65.00
 2432.00     1.00    87.78    79.75    54.00    65.00
 2432.00     6.00    85.67    78.45    54.00    65.00
 2440.00      .00    86.36    76.56    58.00    65.00
 2440.00     1.00    87.78    76.56    58.00    65.00
 2440.00     6.00    85.67    76.56    58.00    65.00
 2441.00      .00    86.36    76.56    60.00    78.00
 2441.00     1.00    87.78    76.56    60.00    78.00
 2441.00     6.00    85.67    76.56    60.00    78.00
 2442.00      .00    86.36    76.56    67.00    71.00
 2442.00     1.00    87.78    76.56    67.00    71.00
 2442.00     6.00    85.67    76.56    67.00    71.00
 2443.00      .00    86.36    76.56    67.00    71.00
 2443.00     1.00    87.78    76.56    67.00    71.00
 2443.00     6.00    85.67    76.56    67.00    71.00
 2444.00      .00    86.36    76.56    62.00    65.00
 2444.00     1.00    87.78    76.56    62.00    65.00
 2444.00     6.00    85.67    76.56    62.00    65.00
 2445.00      .00    86.36    76.56    67.00    71.00
 2445.00     1.00    87.78    76.56    67.00    71.00
 2445.00     6.00    85.67    76.56    67.00    71.00
 2446.00      .00    86.36    76.56    52.00    51.00
 2446.00     1.00    87.78    76.56    52.00    51.00
 2446.00     6.00    85.67    76.56    52.00    51.00
 2450.00      .00    91.28    94.73    57.00    61.00
 2450.00     1.00    90.34    94.73    57.00    61.00
 2450.00     6.00    91.88    94.73    57.00    61.00
 2451.00      .00    91.28    94.73    58.00    65.00
 2451.00     1.00    90.34    94.73    58.00    65.00
 2451.00     6.00    91.88    94.73    58.00    65.00
 2452.00      .00    91.28    94.73    57.00    54.00
 2452.00     1.00    90.34    94.73    57.00    54.00
 2452.00     6.00    91.88    94.73    57.00    54.00
 2453.00      .00    91.28    94.73    45.00    64.00
 2453.00     1.00    90.34    94.73    45.00    64.00
 2453.00     6.00    91.88    94.73    45.00    64.00
 2454.00      .00    91.28    94.73    40.00    64.00
 2454.00     1.00    90.34    94.73    40.00    64.00
 2454.00     6.00    91.88    94.73    40.00    64.00
 2455.00      .00    91.28    94.73    57.00    64.00
 2455.00     1.00    90.34    94.73    57.00    64.00
 2455.00     6.00    91.88    94.73    57.00    64.00
 2460.00      .00    86.72    76.56    60.00    53.00
 2460.00     1.00    87.78    76.56    60.00    53.00
 2460.00     6.00    85.67    76.56    60.00    53.00
 2470.00      .00    70.00    73.97  -999.00  -999.00
 2470.00     1.00    70.00    73.97  -999.00  -999.00
 2470.00     6.00    70.00    73.97  -999.00  -999.00
 3000.00      .00    58.21    54.37    48.00    54.00
 3000.00     1.00    58.21    54.37    48.00    54.00
 3000.00     6.00    58.21    54.37    48.00    54.00
 3100.00      .00    60.57    57.43    48.00    50.00
 3100.00     1.00    70.96    65.31    48.00    50.00
 3100.00     6.00    59.59    57.33    48.00    50.00
 3110.00      .00    59.34    59.69    47.00    49.00
 3110.00     1.00    66.52    59.69    47.00    49.00
 3110.00     6.00    58.71    59.69    47.00    49.00
 3111.00      .00    59.34    59.69    46.00    45.00
 3111.00     1.00    66.52    59.69    46.00    45.00
 3111.00     6.00    58.71    59.69    46.00    45.00
 3112.00      .00    59.34    59.69    39.00    45.00
 3112.00     1.00    66.52    59.69    39.00    45.00
 3112.00     6.00    58.71    59.69    39.00    45.00
 3113.00      .00    59.34    59.69    46.00    46.00
 3113.00     1.00    66.52    59.69    46.00    46.00
 3113.00     6.00    58.71    59.69    46.00    46.00
 3114.00      .00    59.34    59.69    46.00    46.00
 3114.00     1.00    66.52    59.69    46.00    46.00
 3114.00     6.00    58.71    59.69    46.00    46.00
 3115.00      .00    59.34    59.69    46.00    54.00
 3115.00     1.00    66.52    59.69    46.00    54.00
 3115.00     6.00    58.71    59.69    46.00    54.00
 3116.00      .00    59.34    59.69    46.00    54.00
 3116.00     1.00    66.52    59.69    46.00    54.00
 3116.00     6.00    58.71    59.69    46.00    54.00
 3117.00      .00    59.34    59.69    53.00    54.00
 3117.00     1.00    66.52    59.69    53.00    54.00
 3117.00     6.00    58.71    59.69    53.00    54.00
 3118.00      .00    59.34    59.69    55.00    51.00
 3118.00     1.00    66.52    59.69    55.00    51.00
 3118.00     6.00    58.71    59.69    55.00    51.00
 3119.00      .00    59.34    59.69    46.00    53.00
 3119.00     1.00    66.52    59.69    46.00    53.00
 3119.00     6.00    58.71    59.69    46.00    53.00
 3120.00      .00    75.93    56.06    53.00    52.00
 3120.00     1.00    87.10    56.06    53.00    52.00
 3120.00     6.00    73.95    56.06    53.00    52.00
 3121.00      .00    75.93    56.06    53.00    52.00
 3121.00     1.00    87.10    65.31    53.00    52.00
 3121.00     6.00    73.95    56.06    53.00    52.00
 3122.00      .00    75.93    56.06    53.00    52.00
 3122.00     1.00    87.10    65.31    53.00    52.00
 3122.00     6.00    73.95    56.06    53.00    52.00
 3123.00      .00    75.93    56.06    53.00    52.00
 3123.00     1.00    87.10    65.31    53.00    52.00
 3123.00     6.00    73.95    56.06    53.00    52.00
 3130.00      .00    76.60    70.93    46.00    52.00
 3130.00     1.00    87.10    70.93    46.00    52.00
 3130.00     6.00    73.25    70.93    46.00    52.00
 3131.00      .00    76.60    70.93    46.00    48.00
 3131.00     1.00    87.10    70.93    46.00    48.00
 3131.00     6.00    73.25    70.93    46.00    48.00
 3132.00      .00    76.60    70.93    49.00    57.00
 3132.00     1.00    87.10    70.93    49.00    57.00
 3132.00     6.00    73.25    70.93    49.00    57.00
 3133.00      .00    76.60    70.93    58.00    57.00
 3133.00     1.00    87.10    70.93    58.00    57.00
 3133.00     6.00    73.25    70.93    58.00    57.00
 3139.00      .00    76.60    70.93    44.00    52.00
 3139.00     1.00    87.10    70.93    44.00    52.00
 3139.00     6.00    73.25    70.93    44.00    52.00
 3140.00      .00    68.25    57.43    57.00    57.00
 3140.00     1.00    68.25    65.31    57.00    57.00
 3140.00     6.00    68.25    57.33    57.00    57.00
 3141.00      .00    68.25    57.43    60.00    52.00
 3141.00     1.00    70.96    65.31    60.00    52.00
 3141.00     6.00    68.25    57.33    60.00    52.00
 3142.00      .00    68.25    57.43    55.00    52.00
 3142.00     1.00    70.96    65.31    55.00    52.00
 3142.00     6.00    68.25    57.33    55.00    52.00
 3143.00      .00    68.25    57.43    60.00    69.00
 3143.00     1.00    70.96    65.31    60.00    69.00
 3143.00     6.00    68.25    57.33    60.00    69.00
 3144.00      .00    68.25    57.43    50.00    69.00
 3144.00     1.00    70.96    65.31    50.00    69.00
 3144.00     6.00    68.25    57.33    50.00    69.00
 3145.00      .00    68.25    57.43    46.00    50.00
 3145.00     1.00    70.96    65.31    46.00    50.00
 3145.00     6.00    68.25    57.33    46.00    50.00
 3150.00      .00    50.70    42.46    54.00    50.00
 3150.00     1.00    66.52    42.46    54.00    50.00
 3150.00     6.00    49.01    42.46    54.00    50.00
 3151.00      .00    50.70    42.46    54.00    50.00
 3151.00     1.00    66.52    65.31    54.00    50.00
 3151.00     6.00    49.01    42.46    54.00    50.00
 3152.00      .00    50.70    42.46    54.00    50.00
 3152.00     1.00    66.52    65.31    54.00    50.00
 3152.00     6.00    49.01    42.46    54.00    50.00
 3160.00      .00    58.21    54.37  -999.00  -999.00
 3160.00     1.00    58.21    54.37  -999.00  -999.00
 3160.00     6.00    58.21    54.37  -999.00  -999.00
 3200.00      .00    55.84    58.60    51.00    48.00
 3200.00     1.00    55.84    74.51    51.00    48.00
 3200.00     6.00    55.84    58.29    51.00    48.00
 3210.00      .00    57.66    55.01    52.00    50.00
 3210.00     1.00    74.96    74.51    52.00    50.00
 3210.00     6.00    55.84    54.35    52.00    50.00
 3211.00      .00    57.66    55.01    52.00    50.00
 3211.00     1.00    74.96    74.51    52.00    50.00
 3211.00     6.00    55.84    54.35    52.00    50.00
 3212.00      .00    57.66    55.01    47.00    50.00
 3212.00     1.00    74.96    74.51    47.00    50.00
 3212.00     6.00    55.84    54.35    47.00    50.00
 3213.00      .00    57.66    55.01    55.00    50.00
 3213.00     1.00    74.96    74.51    55.00    50.00
 3213.00     6.00    55.84    54.35    55.00    50.00
 3220.00      .00    55.84    68.18    51.00    55.00
 3220.00     1.00    55.84    74.51    51.00    55.00
 3220.00     6.00    55.84    67.79    51.00    55.00
 3221.00      .00    55.84    68.18    53.00    51.00
 3221.00     1.00    74.96    74.51    53.00    51.00
 3221.00     6.00    55.84    67.79    53.00    51.00
 3222.00      .00    55.84    68.18    48.00    51.00
 3222.00     1.00    74.96    74.51    48.00    51.00
 3222.00     6.00    55.84    67.79    48.00    51.00
 3223.00      .00    55.84    68.18    52.00    51.00
 3223.00     1.00    74.96    74.51    52.00    51.00
 3223.00     6.00    55.84    67.79    52.00    51.00
 3224.00      .00    55.84    68.18    60.00    60.00
 3224.00     1.00    74.96    74.51    60.00    60.00
 3224.00     6.00    55.84    67.79    60.00    60.00
 3225.00      .00    55.84    68.18    44.00    51.00
 3225.00     1.00    74.96    74.51    44.00    51.00
 3225.00     6.00    55.84    67.79    44.00    51.00
 3226.00      .00    55.84    68.18    51.00    60.00
 3226.00     1.00    74.96    74.51    51.00    60.00
 3226.00     6.00    55.84    67.79    51.00    60.00
 3227.00      .00    55.84    68.18    48.00    51.00
 3227.00     1.00    74.96    74.51    48.00    51.00
 3227.00     6.00    55.84    67.79    48.00    51.00
 3228.00      .00    55.84    68.18    44.00    51.00
 3228.00     1.00    74.96    74.51    44.00    51.00
 3228.00     6.00    55.84    67.79    44.00    51.00
 3229.00      .00    55.84    68.18    45.00    51.00
 3229.00     1.00    74.96    74.51    45.00    51.00
 3229.00     6.00    55.84    67.79    45.00    51.00
 3230.00      .00    55.84    57.48    44.00    38.00
 3230.00     1.00    55.84    74.51    44.00    38.00
 3230.00     6.00    55.84    57.38    44.00    38.00
 3231.00      .00    55.84    57.48    44.00    38.00
 3231.00     1.00    74.96    74.51    44.00    38.00
 3231.00     6.00    55.84    57.38    44.00    38.00
 3232.00      .00    55.84    57.48    44.00    38.00
 3232.00     1.00    74.96    74.51    44.00    38.00
 3232.00     6.00    55.84    57.38    44.00    38.00
 3240.00      .00    74.96    58.60    29.00    49.00
 3240.00     1.00    74.96    74.51    29.00    49.00
 3240.00     6.00    74.96    58.29    29.00    49.00
 3241.00      .00    74.96    58.60    29.00    51.00
 3241.00     1.00    74.96    74.51    29.00    51.00
 3241.00     6.00    55.84    58.29    29.00    51.00
 3242.00      .00    74.96    58.60    22.00    38.00
 3242.00     1.00    74.96    74.51    22.00    38.00
 3242.00     6.00    55.84    58.29    22.00    38.00
 3300.00      .00    57.79    71.13    50.00    38.00
 3300.00     1.00    57.79    71.13    50.00    38.00
 3300.00     6.00    57.79    71.13    50.00    38.00
 3310.00      .00    57.79    54.70    50.00    38.00
 3310.00     1.00    57.79    54.70    50.00    38.00
 3310.00     6.00    57.79    54.70    50.00    38.00
 3320.00      .00    57.79    69.77    50.00    38.00
 3320.00     1.00    57.79    69.77    50.00    38.00
 3320.00     6.00    57.79    69.77    50.00    38.00
 3330.00      .00    57.79    63.73    50.00    38.00
 3330.00     1.00    57.79    63.73    50.00    38.00
 3330.00     6.00    57.79    63.73    50.00    38.00
 3340.00      .00    57.79    71.13    50.00    38.00
 3340.00     1.00    57.79    71.13    50.00    38.00
 3340.00     6.00    57.79    71.13    50.00    38.00
 3400.00      .00    65.71    63.82    48.00    55.00
 3400.00     1.00    65.71    63.82    48.00    55.00
 3400.00     6.00    65.71    63.82    48.00    55.00
 3410.00      .00    67.63    66.36    47.00    55.00
 3410.00     1.00    69.91    77.37    47.00    55.00
 3410.00     6.00    65.71    63.82    47.00    55.00
 3411.00      .00    67.63    66.36    50.00    61.00
 3411.00     1.00    69.91    77.37    50.00    61.00
 3411.00     6.00    65.71    63.82    50.00    61.00
 3412.00      .00    67.63    66.36    44.00    54.00
 3412.00     1.00    69.91    77.37    44.00    54.00
 3412.00     6.00    65.71    63.82    44.00    54.00
 3413.00      .00    67.63    66.36    49.00    59.00
 3413.00     1.00    69.91    77.37    49.00    59.00
 3413.00     6.00    65.71    63.82    49.00    59.00
 3414.00      .00    67.63    66.36    43.00    56.00
 3414.00     1.00    69.91    77.37    43.00    56.00
 3414.00     6.00    65.71    63.82    43.00    56.00
 3415.00      .00    67.63    66.36    46.00    56.00
 3415.00     1.00    69.91    77.37    46.00    56.00
 3415.00     6.00    65.71    63.82    46.00    56.00
 3416.00      .00    67.63    66.36    49.00    50.00
 3416.00     1.00    69.91    77.37    49.00    50.00
 3416.00     6.00    65.71    63.82    49.00    50.00
 3417.00      .00    67.63    66.36    46.00    56.00
 3417.00     1.00    69.91    77.37    46.00    56.00
 3417.00     6.00    65.71    63.82    46.00    56.00
 3419.00      .00    67.63    66.36    46.00    55.00
 3419.00     1.00    69.91    77.37    46.00    55.00
 3419.00     6.00    65.71    63.82    46.00    55.00
 3420.00      .00    63.16    64.44    42.00    55.00
 3420.00     1.00    63.36    77.37    42.00    55.00
 3420.00     6.00    62.94    62.83    42.00    55.00
 3421.00      .00    63.16    64.44    55.00    55.00
 3421.00     1.00    63.36    77.37    55.00    55.00
 3421.00     6.00    62.94    62.83    55.00    55.00
 3422.00      .00    63.16    64.44    50.00    55.00
 3422.00     1.00    63.36    77.37    50.00    55.00
 3422.00     6.00    62.94    62.83    50.00    55.00
 3423.00      .00    63.16    64.44    49.00    55.00
 3423.00     1.00    63.36    77.37    49.00    55.00
 3423.00     6.00    62.94    62.83    49.00    55.00
 3429.00      .00    63.16    64.44    42.00    55.00
 3429.00     1.00    63.36    77.37    42.00    55.00
 3429.00     6.00    62.94    62.83    42.00    55.00
 3430.00      .00    66.97    60.00    49.00    54.00
 3430.00     1.00    63.36    72.05    49.00    54.00
 3430.00     6.00    67.17    59.12    49.00    54.00
 3431.00      .00    66.97    60.00    53.00    54.00
 3431.00     1.00    63.36    72.05    53.00    54.00
 3431.00     6.00    67.17    59.12    53.00    54.00
 3432.00      .00    66.97    60.00    49.00    59.00
 3432.00     1.00    63.36    72.05    49.00    59.00
 3432.00     6.00    67.17    59.12    49.00    59.00
 3433.00      .00    66.97    60.00    49.00    51.00
 3433.00     1.00    63.36    72.05    49.00    51.00
 3433.00     6.00    67.17    59.12    49.00    51.00
 3434.00      .00    66.97    60.00    51.00    61.00
 3434.00     1.00    63.36    72.05    51.00    61.00
 3434.00     6.00    67.17    59.12    51.00    61.00
 3439.00      .00    66.97    60.00    53.00    54.00
 3439.00     1.00    63.36    72.05    53.00    54.00
 3439.00     6.00    67.17    59.12    53.00    54.00
 3440.00      .00    59.61    60.72    52.00    56.00
 3440.00     1.00    59.61    60.72    52.00    56.00
 3440.00     6.00    59.61    60.72    52.00    56.00
 3441.00      .00    59.61    60.72    44.00    56.00
 3441.00     1.00    67.69    60.72    44.00    56.00
 3441.00     6.00    59.61    60.72    44.00    56.00
 3442.00      .00    59.61    60.72    52.00    57.00
 3442.00     1.00    67.69    60.72    52.00    57.00
 3442.00     6.00    59.61    60.72    52.00    57.00
 3443.00      .00    59.61    60.72    55.00    56.00
 3443.00     1.00    67.69    60.72    55.00    56.00
 3443.00     6.00    59.61    60.72    55.00    56.00
 3444.00      .00    59.61    60.72    54.00    46.00
 3444.00     1.00    67.69    60.72    54.00    46.00
 3444.00     6.00    59.61    60.72    54.00    46.00
 3449.00      .00    59.61    60.72    55.00    56.00
 3449.00     1.00    67.69    60.72    55.00    56.00
 3449.00     6.00    59.61    60.72    55.00    56.00
 3450.00      .00    53.54    60.72    45.00    56.00
 3450.00     1.00    53.54    60.72    45.00    56.00
 3450.00     6.00    53.54    60.72    45.00    56.00
 3451.00      .00    53.54    60.72    60.00    55.00
 3451.00     1.00    53.54    72.79    60.00    55.00
 3451.00     6.00    53.54    60.72    60.00    55.00
 3452.00      .00    53.54    60.72    44.00    56.00
 3452.00     1.00    53.54    72.79    44.00    56.00
 3452.00     6.00    53.54    60.72    44.00    56.00
 3460.00      .00    64.14    71.44    49.00    43.00
 3460.00     1.00    67.69    71.44    49.00    43.00
 3460.00     6.00    62.87    71.44    49.00    43.00
 3470.00      .00    65.03    63.00    45.00    52.00
 3470.00     1.00    65.03    63.00    45.00    52.00
 3470.00     6.00    65.03    63.00    45.00    52.00
 3471.00      .00    65.03    63.00    49.00    53.00
 3471.00     1.00    65.03    63.00    49.00    53.00
 3471.00     6.00    65.03    63.00    49.00    53.00
 3472.00      .00    65.03    63.00    50.00    64.00
 3472.00     1.00    65.03    63.00    50.00    64.00
 3472.00     6.00    65.03    63.00    50.00    64.00
 3473.00      .00    65.03    63.00    32.00    50.00
 3473.00     1.00    65.03    63.00    32.00    50.00
 3473.00     6.00    65.03    63.00    32.00    50.00
 3474.00      .00    65.03    63.00    33.00    50.00
 3474.00     1.00    65.03    63.00    33.00    50.00
 3474.00     6.00    65.03    63.00    33.00    50.00
 3475.00      .00    65.03    63.00    49.00    54.00
 3475.00     1.00    65.03    63.00    49.00    54.00
 3475.00     6.00    65.03    63.00    49.00    54.00
 3480.00      .00    75.70    71.44    50.00    38.00
 3480.00     1.00    75.70    71.44    50.00    38.00
 3480.00     6.00    75.70    71.44    50.00    38.00
 3490.00      .00    64.14    71.44  -999.00  -999.00
 3490.00     1.00    67.69    71.44  -999.00  -999.00
 3490.00     6.00    62.87    71.44  -999.00  -999.00
 4000.00      .00    52.32    52.42    37.00    45.00
 4000.00     1.00    52.32    73.88    37.00    45.00
 4000.00     6.00    52.32    51.74    37.00    45.00
 4100.00      .00    52.32    55.85    37.00    45.00
 4100.00     1.00    52.32    73.88    37.00    45.00
 4100.00     6.00    52.32    53.60    37.00    45.00
 4110.00      .00    52.32    58.03    45.00    51.00
 4110.00     1.00    52.32    73.88    45.00    51.00
 4110.00     6.00    52.32    57.91    45.00    51.00
 4111.00      .00    52.32    58.03    42.00    51.00
 4111.00     1.00    52.32    73.88    42.00    51.00
 4111.00     6.00    52.32    57.91    42.00    51.00
 4112.00      .00    52.32    58.03    42.00    50.00
 4112.00     1.00    52.32    73.88    42.00    50.00
 4112.00     6.00    52.32    57.91    42.00    50.00
 4113.00      .00    52.32    58.03    45.00    50.00
 4113.00     1.00    52.32    73.88    45.00    50.00
 4113.00     6.00    52.32    57.91    45.00    50.00
 4114.00      .00    52.32    58.03    45.00    51.00
 4114.00     1.00    52.32    73.88    45.00    51.00
 4114.00     6.00    52.32    57.91    45.00    51.00
 4115.00      .00    52.32    58.03    53.00    53.00
 4115.00     1.00    52.32    73.88    53.00    53.00
 4115.00     6.00    52.32    57.91    53.00    53.00
 4120.00      .00    57.10    54.55    44.00    51.00
 4120.00     1.00    52.32    73.88    44.00    51.00
 4120.00     6.00    57.68    53.05    44.00    51.00
 4121.00      .00    57.10    54.55    45.00    51.00
 4121.00     1.00    52.32    73.88    45.00    51.00
 4121.00     6.00    57.68    53.05    45.00    51.00
 4122.00      .00    57.10    54.55    36.00    51.00
 4122.00     1.00    52.32    73.88    36.00    51.00
 4122.00     6.00    57.68    53.05    36.00    51.00
 4130.00      .00    51.86    44.22    32.00    36.00
 4130.00     1.00    52.32    73.88    32.00    36.00
 4130.00     6.00    51.85    44.07    32.00    36.00
 4131.00      .00    51.86    44.22    30.00    32.00
 4131.00     1.00    52.32    73.88    30.00    32.00
 4131.00     6.00    51.85    44.07    30.00    32.00
 4132.00      .00    51.86    44.22    44.00    43.00
 4132.00     1.00    52.32    73.88    44.00    43.00
 4132.00     6.00    51.85    44.07    44.00    43.00
 4133.00      .00    51.86    44.22    37.00    45.00
 4133.00     1.00    52.32    73.88    37.00    45.00
 4133.00     6.00    51.85    44.07    37.00    45.00
 4140.00      .00    52.32    46.18    37.00    39.00
 4140.00     1.00    52.32    46.18    37.00    39.00
 4140.00     6.00    52.32    46.18    37.00    39.00
 4141.00      .00    52.32    46.18    36.00    39.00
 4141.00     1.00    52.32    73.88    36.00    39.00
 4141.00     6.00    52.32    46.18    36.00    39.00
 4142.00      .00    52.32    46.18    33.00    39.00
 4142.00     1.00    52.32    73.88    33.00    39.00
 4142.00     6.00    52.32    46.18    33.00    39.00
 4143.00      .00    52.32    46.18    41.00    39.00
 4143.00     1.00    52.32    73.88    41.00    39.00
 4143.00     6.00    52.32    46.18    41.00    39.00
 4144.00      .00    52.32    46.18    37.00    39.00
 4144.00     1.00    52.32    73.88    37.00    39.00
 4144.00     6.00    52.32    46.18    37.00    39.00
 4190.00      .00    52.32    54.68    37.00    39.00
 4190.00     1.00    52.32    73.88    37.00    39.00
 4190.00     6.00    52.32    53.60    37.00    39.00
 4200.00      .00    58.25    53.43    39.00    49.00
 4200.00     1.00    58.25    53.43    39.00    49.00
 4200.00     6.00    58.25    53.43    39.00    49.00
 4210.00      .00    58.25    53.77    37.00    48.00
 4210.00     1.00    58.25    73.88    37.00    48.00
 4210.00     6.00    58.25    53.43    37.00    48.00
 4211.00      .00    58.25    53.77    34.00    53.00
 4211.00     1.00    58.25    73.88    34.00    53.00
 4211.00     6.00    58.25    53.43    34.00    53.00
 4212.00      .00    58.25    53.77    42.00    46.00
 4212.00     1.00    58.25    73.88    42.00    46.00
 4212.00     6.00    58.25    53.43    42.00    46.00
 4213.00      .00    58.25    53.77    34.00    40.00
 4213.00     1.00    58.25    73.88    34.00    40.00
 4213.00     6.00    58.25    53.43    34.00    40.00
 4214.00      .00    58.25    53.77    15.00    40.00
 4214.00     1.00    58.25    73.88    15.00    40.00
 4214.00     6.00    58.25    53.43    15.00    40.00
 4215.00      .00    58.25    53.77    27.00    40.00
 4215.00     1.00    58.25    73.88    27.00    40.00
 4215.00     6.00    58.25    53.43    27.00    40.00
 4220.00      .00    58.25    54.03    38.00    52.00
 4220.00     1.00    58.25    73.88    38.00    52.00
 4220.00     6.00    58.25    52.88    38.00    52.00
 4221.00      .00    58.25    54.03    38.00    52.00
 4221.00     1.00    58.25    73.88    38.00    52.00
 4221.00     6.00    58.25    52.88    38.00    52.00
 4222.00      .00    58.25    54.03    38.00    52.00
 4222.00     1.00    58.25    73.88    38.00    52.00
 4222.00     6.00    58.25    52.88    38.00    52.00
 4223.00      .00    58.25    54.03    38.00    52.00
 4223.00     1.00    58.25    73.88    38.00    52.00
 4223.00     6.00    58.25    52.88    38.00    52.00
 5000.00      .00    39.01    56.65    32.00    40.00
 5000.00     1.00    39.01    56.65    32.00    40.00
 5000.00     6.00    39.01    56.65    32.00    40.00
 5100.00      .00    47.51    47.78    32.00    38.00
 5100.00     1.00    61.83    47.78    32.00    38.00
 5100.00     6.00    45.82    47.78    32.00    38.00
 5110.00      .00    54.00    49.53    32.00    34.00
 5110.00     1.00    63.58    56.65    32.00    34.00
 5110.00     6.00    52.67    48.61    32.00    34.00
 5111.00      .00    54.00    49.53    50.00    34.00
 5111.00     1.00    63.58    56.65    50.00    34.00
 5111.00     6.00    52.67    48.61    50.00    34.00
 5112.00      .00    54.00    49.53    32.00    34.00
 5112.00     1.00    63.58    56.65    32.00    34.00
 5112.00     6.00    52.67    48.61    32.00    34.00
 5113.00      .00    54.00    49.53    29.00    34.00
 5113.00     1.00    63.58    56.65    29.00    34.00
 5113.00     6.00    52.67    48.61    29.00    34.00
 5120.00      .00    49.46    39.98    26.00    32.00
 5120.00     1.00    61.15    55.25    26.00    32.00
 5120.00     6.00    46.66    39.23    26.00    32.00
 5121.00      .00    49.46    39.98    37.00    30.00
 5121.00     1.00    61.15    55.25    37.00    30.00
 5121.00     6.00    46.66    39.23    37.00    30.00
 5122.00      .00    49.46    39.98    31.00    30.00
 5122.00     1.00    61.15    55.25    31.00    30.00
 5122.00     6.00    46.66    39.23    31.00    30.00
 5123.00      .00    49.46    39.98    21.00    34.00
 5123.00     1.00    61.15    55.25    21.00    34.00
 5123.00     6.00    46.66    39.23    21.00    34.00
 5130.00      .00    39.01    48.77    27.00    25.00
 5130.00     1.00    39.01    48.77    27.00    25.00
 5130.00     6.00    39.01    48.77    27.00    25.00
 5131.00      .00    39.01    48.77    23.00    25.00
 5131.00     1.00    61.83    56.23    23.00    25.00
 5131.00     6.00    39.01    48.77    23.00    25.00
 5132.00      .00    39.01    48.77    42.00    25.00
 5132.00     1.00    61.83    56.23    42.00    25.00
 5132.00     6.00    39.01    48.77    42.00    25.00
 5133.00      .00    39.01    48.77    17.00    25.00
 5133.00     1.00    61.83    56.23    17.00    25.00
 5133.00     6.00    39.01    48.77    17.00    25.00
 5139.00      .00    39.01    48.77    29.00    25.00
 5139.00     1.00    61.83    56.23    29.00    25.00
 5139.00     6.00    39.01    48.77    29.00    25.00
 5140.00      .00    50.42    52.19    29.00    30.00
 5140.00     1.00    63.58    56.65    29.00    30.00
 5140.00     6.00    39.01    47.78    29.00    30.00
 5141.00      .00    50.42    52.19    32.00    29.00
 5141.00     1.00    63.58    56.65    32.00    29.00
 5141.00     6.00    39.01    47.78    32.00    29.00
 5142.00      .00    50.42    52.19    17.00    19.00
 5142.00     1.00    63.58    56.65    17.00    19.00
 5142.00     6.00    39.01    47.78    17.00    19.00
 5143.00      .00    50.42    52.19    34.00    54.00
 5143.00     1.00    63.58    56.65    34.00    54.00
 5143.00     6.00    39.01    47.78    34.00    54.00
 5149.00      .00    50.42    52.19    29.00    19.00
 5149.00     1.00    63.58    56.65    29.00    19.00
 5149.00     6.00    39.01    47.78    29.00    19.00
 5150.00      .00    47.51    42.86    37.00    43.00
 5150.00     1.00    61.83    56.23    37.00    43.00
 5150.00     6.00    45.82    41.18    37.00    43.00
 5151.00      .00    47.51    42.86    37.00    43.00
 5151.00     1.00    61.83    56.23    37.00    43.00
 5151.00     6.00    45.82    41.18    37.00    43.00
 5152.00      .00    47.51    42.86    37.00    43.00
 5152.00     1.00    61.83    56.23    37.00    43.00
 5152.00     6.00    45.82    41.18    37.00    43.00
 5160.00      .00    45.04    46.53    37.00    47.00
 5160.00     1.00    63.58    46.53    37.00    47.00
 5160.00     6.00    44.93    46.53    37.00    47.00
 5161.00      .00    45.04    46.53    35.00    42.00
 5161.00     1.00    63.58    56.23    35.00    42.00
 5161.00     6.00    44.93    46.53    35.00    42.00
 5162.00      .00    45.04    46.53    40.00    50.00
 5162.00     1.00    63.58    56.23    40.00    50.00
 5162.00     6.00    44.93    46.53    40.00    50.00
 5163.00      .00    45.04    46.53    39.00    40.00
 5163.00     1.00    63.58    56.23    39.00    40.00
 5163.00     6.00    44.93    46.53    39.00    40.00
 5164.00      .00    45.04    46.53    39.00    40.00
 5164.00     1.00    63.58    56.23    39.00    40.00
 5164.00     6.00    44.93    46.53    39.00    40.00
 5169.00      .00    45.04    46.53    30.00    40.00
 5169.00     1.00    63.58    56.23    30.00    40.00
 5169.00     6.00    44.93    46.53    30.00    40.00
 5200.00      .00    50.28    55.23    31.00    43.00
 5200.00     1.00    44.82    55.23    31.00    43.00
 5200.00     6.00    55.73    55.23    31.00    43.00
 5210.00      .00    56.85    43.68    28.00    43.00
 5210.00     1.00    57.88    53.25    28.00    43.00
 5210.00     6.00    55.73    41.98    28.00    43.00
 5220.00      .00    47.87    42.51    32.00    43.00
 5220.00     1.00    44.82    55.23    32.00    43.00
 5220.00     6.00    55.73    33.06    32.00    43.00
 5230.00      .00    55.54    43.65    24.00    37.00
 5230.00     1.00    55.38    53.48    24.00    37.00
 5230.00     6.00    55.73    41.73    24.00    37.00
 6000.00      .00    38.35    32.57    37.00    23.00
 6000.00     1.00    46.54    45.39    37.00    23.00
 6000.00     6.00    33.65    31.13    37.00    23.00
 6100.00      .00    41.33    32.17    38.00    23.00
 6100.00     1.00    48.92    45.39    38.00    23.00
 6100.00     6.00    33.75    31.13    38.00    23.00
 6110.00      .00    43.15    33.93    40.00    23.00
 6110.00     1.00    53.67    45.39    40.00    23.00
 6110.00     6.00    34.32    32.91    40.00    23.00
 6111.00      .00    43.15    33.93    40.00    23.00
 6111.00     1.00    53.67    45.39    40.00    23.00
 6111.00     6.00    34.32    32.91    40.00    23.00
 6112.00      .00    43.15    33.93    40.00    23.00
 6112.00     1.00    53.67    45.39    40.00    23.00
 6112.00     6.00    34.32    32.91    40.00    23.00
 6113.00      .00    43.15    33.93    40.00    23.00
 6113.00     1.00    53.67    45.39    40.00    23.00
 6113.00     6.00    34.32    32.91    40.00    23.00
 6114.00      .00    43.15    33.93    40.00    23.00
 6114.00     1.00    53.67    45.39    40.00    23.00
 6114.00     6.00    34.32    32.91    40.00    23.00
 6120.00      .00    37.11    31.50    40.00    23.00
 6120.00     1.00    48.92    45.39    40.00    23.00
 6120.00     6.00    33.75    30.69    40.00    23.00
 6121.00      .00    37.11    31.50    40.00    23.00
 6121.00     1.00    48.92    45.39    40.00    23.00
 6121.00     6.00    33.75    30.69    40.00    23.00
 6122.00      .00    37.11    31.50    40.00    23.00
 6122.00     1.00    48.92    45.39    40.00    23.00
 6122.00     6.00    33.75    30.69    40.00    23.00
 6123.00      .00    37.11    31.50    40.00    23.00
 6123.00     1.00    48.92    45.39    40.00    23.00
 6123.00     6.00    33.75    30.69    40.00    23.00
 6124.00      .00    37.11    31.50    40.00    23.00
 6124.00     1.00    48.92    45.39    40.00    23.00
 6124.00     6.00    33.75    30.69    40.00    23.00
 6129.00      .00    37.11    31.50    40.00    23.00
 6129.00     1.00    48.92    45.39    40.00    23.00
 6129.00     6.00    33.75    30.69    40.00    23.00
 6130.00      .00    39.48    40.04    38.00    23.00
 6130.00     1.00    41.77    45.39    38.00    23.00
 6130.00     6.00    33.75    30.69    38.00    23.00
 6131.00      .00    39.48    40.04    40.00    23.00
 6131.00     1.00    41.77    45.39    40.00    23.00
 6131.00     6.00    33.75    30.69    40.00    23.00
 6132.00      .00    39.48    40.04    41.00    27.00
 6132.00     1.00    41.77    45.39    41.00    27.00
 6132.00     6.00    33.75    30.69    41.00    27.00
 6133.00      .00    39.48    40.04    40.00    28.00
 6133.00     1.00    41.77    45.39    40.00    28.00
 6133.00     6.00    33.75    30.69    40.00    28.00
 6134.00      .00    39.48    40.04    30.00    28.00
 6134.00     1.00    41.77    45.39    30.00    28.00
 6134.00     6.00    33.75    30.69    30.00    28.00
 6140.00      .00    34.94    31.42    24.00    22.00
 6140.00     1.00    39.63    45.39    24.00    22.00
 6140.00     6.00    33.05    30.64    24.00    22.00
 6141.00      .00    34.94    31.42    24.00    22.00
 6141.00     1.00    39.63    45.39    24.00    22.00
 6141.00     6.00    33.05    30.64    24.00    22.00
 6142.00      .00    34.94    31.42    16.00    22.00
 6142.00     1.00    39.63    45.39    16.00    22.00
 6142.00     6.00    33.05    30.64    16.00    22.00
 6150.00      .00    33.05    30.64    28.00    28.00
 6150.00     1.00    33.05    30.64    28.00    28.00
 6150.00     6.00    33.05    30.64    28.00    28.00
 6151.00      .00    33.05    30.64    23.00    28.00
 6151.00     1.00    46.60    45.39    23.00    28.00
 6151.00     6.00    33.05    30.64    23.00    28.00
 6152.00      .00    33.05    30.64    23.00    28.00
 6152.00     1.00    46.60    45.39    23.00    28.00
 6152.00     6.00    33.05    30.64    23.00    28.00
 6153.00      .00    33.05    30.64    28.00    28.00
 6153.00     1.00    46.60    45.39    28.00    28.00
 6153.00     6.00    33.05    30.64    28.00    28.00
 6154.00      .00    33.05    30.64     6.00    28.00
 6154.00     1.00    46.60    45.39     6.00    28.00
 6154.00     6.00    33.05    30.64     6.00    28.00
 6200.00      .00    46.27    44.57    38.00    16.00
 6200.00     1.00    46.27    45.39    38.00    16.00
 6200.00     6.00    33.65    30.64    38.00    16.00
 6210.00      .00    46.27    44.57    38.00    16.00
 6210.00     1.00    46.27    45.39    38.00    16.00
 6210.00     6.00    46.27    30.64    38.00    16.00
 6254.00      .00    46.27    44.57  -999.00  -999.00
 6254.00     1.00    46.27    45.39  -999.00  -999.00
 6254.00     6.00    33.65    30.64  -999.00  -999.00
 7000.00      .00    33.12    38.39    38.00    34.00
 7000.00     1.00    33.12    54.17    38.00    34.00
 7000.00     6.00    33.12    36.88    38.00    34.00
 7100.00      .00    37.93    43.03    34.00    31.00
 7100.00     1.00    44.88    56.63    34.00    31.00
 7100.00     6.00    36.30    41.28    34.00    31.00
 7110.00      .00    37.35    41.28    34.00    30.00
 7110.00     1.00    37.35    41.28    34.00    30.00
 7110.00     6.00    37.35    41.28    34.00    30.00
 7111.00      .00    37.35    41.28    34.00    30.00
 7111.00     1.00    44.88    56.63    34.00    30.00
 7111.00     6.00    37.35    41.28    34.00    30.00
 7112.00      .00    37.35    41.28    36.00    30.00
 7112.00     1.00    44.88    56.63    36.00    30.00
 7112.00     6.00    37.35    41.28    36.00    30.00
 7113.00      .00    37.35    41.28    34.00    27.00
 7113.00     1.00    44.88    56.63    34.00    27.00
 7113.00     6.00    37.35    41.28    34.00    27.00
 7120.00      .00    34.23    41.28    34.00    30.00
 7120.00     1.00    41.53    41.28    34.00    30.00
 7120.00     6.00    33.12    41.28    34.00    30.00
 7121.00      .00    34.23    41.28    36.00    29.00
 7121.00     1.00    41.53    56.63    36.00    29.00
 7121.00     6.00    33.12    41.28    36.00    29.00
 7122.00      .00    34.23    41.28    34.00    29.00
 7122.00     1.00    41.53    56.63    34.00    29.00
 7122.00     6.00    33.12    41.28    34.00    29.00
 7123.00      .00    34.23    41.28    34.00    26.00
 7123.00     1.00    41.53    56.63    34.00    26.00
 7123.00     6.00    33.12    41.28    34.00    26.00
 7124.00      .00    34.23    41.28    37.00    29.00
 7124.00     1.00    41.53    56.63    37.00    29.00
 7124.00     6.00    33.12    41.28    37.00    29.00
 7129.00      .00    34.23    41.28    28.00    30.00
 7129.00     1.00    41.53    56.63    28.00    30.00
 7129.00     6.00    33.12    41.28    28.00    30.00
 7130.00      .00    43.95    47.04    37.00    34.00
 7130.00     1.00    49.71    56.63    37.00    34.00
 7130.00     6.00    42.04    41.28    37.00    34.00
 7131.00      .00    43.95    47.04    31.00    19.00
 7131.00     1.00    49.71    56.63    31.00    19.00
 7131.00     6.00    42.04    41.28    31.00    19.00
 7132.00      .00    43.95    47.04    31.00    30.00
 7132.00     1.00    49.71    56.63    31.00    30.00
 7132.00     6.00    42.04    41.28    31.00    30.00
 7133.00      .00    43.95    47.04    31.00    31.00
 7133.00     1.00    49.71    56.63    31.00    31.00
 7133.00     6.00    42.04    41.28    31.00    31.00
 7134.00      .00    43.95    47.04    28.00    34.00
 7134.00     1.00    49.71    56.63    28.00    34.00
 7134.00     6.00    42.04    41.28    28.00    34.00
 7135.00      .00    43.95    47.04    26.00    26.00
 7135.00     1.00    49.71    56.63    26.00    26.00
 7135.00     6.00    42.04    41.28    26.00    26.00
 7136.00      .00    43.95    47.04    34.00    33.00
 7136.00     1.00    49.71    56.63    34.00    33.00
 7136.00     6.00    42.04    41.28    34.00    33.00
 7137.00      .00    43.95    47.04    44.00    37.00
 7137.00     1.00    49.71    56.63    44.00    37.00
 7137.00     6.00    42.04    41.28    44.00    37.00
 7139.00      .00    43.95    47.04  -999.00  -999.00
 7139.00     1.00    49.71    56.63  -999.00  -999.00
 7139.00     6.00    42.04    41.28  -999.00  -999.00
 7140.00      .00    38.20    42.67    31.00    29.00
 7140.00     1.00    40.22    56.63    31.00    29.00
 7140.00     6.00    36.82    41.28    31.00    29.00
 7141.00      .00    38.20    42.67    31.00    29.00
 7141.00     1.00    40.22    56.63    31.00    29.00
 7141.00     6.00    36.82    41.28    31.00    29.00
 7142.00      .00    38.20    42.67    29.00    32.00
 7142.00     1.00    40.22    56.63    29.00    32.00
 7142.00     6.00    36.82    41.28    29.00    32.00
 7143.00      .00    38.20    42.67    20.00    29.00
 7143.00     1.00    40.22    56.63    20.00    29.00
 7143.00     6.00    36.82    41.28    20.00    29.00
 7200.00      .00    42.67    32.42    40.00    34.00
 7200.00     1.00    42.67    32.42    40.00    34.00
 7200.00     6.00    42.67    32.42    40.00    34.00
 7210.00      .00    40.66    32.42    38.00    31.00
 7210.00     1.00    57.20    32.42    38.00    31.00
 7210.00     6.00    38.84    32.42    38.00    31.00
 7211.00      .00    40.66    32.42    38.00    29.00
 7211.00     1.00    57.20    56.63    38.00    29.00
 7211.00     6.00    38.84    32.42    38.00    29.00
 7212.00      .00    40.66    32.42    39.00    30.00
 7212.00     1.00    57.20    56.63    39.00    30.00
 7212.00     6.00    38.84    32.42    39.00    30.00
 7213.00      .00    40.66    32.42    34.00    33.00
 7213.00     1.00    57.20    56.63    34.00    33.00
 7213.00     6.00    38.84    32.42    34.00    33.00
 7214.00      .00    40.66    32.42    44.00    30.00
 7214.00     1.00    57.20    56.63    44.00    30.00
 7214.00     6.00    38.84    32.42    44.00    30.00
 7215.00      .00    40.66    32.42    32.00    30.00
 7215.00     1.00    57.20    56.63    32.00    30.00
 7215.00     6.00    38.84    32.42    32.00    30.00
 7216.00      .00    40.66    32.42    26.00    30.00
 7216.00     1.00    57.20    56.63    26.00    30.00
 7216.00     6.00    38.84    32.42    26.00    30.00
 7220.00      .00    43.79    32.92    37.00    35.00
 7220.00     1.00    55.47    56.63    37.00    35.00
 7220.00     6.00    42.67    32.42    37.00    35.00
 7221.00      .00    43.79    32.92    35.00    33.00
 7221.00     1.00    55.47    56.63    35.00    33.00
 7221.00     6.00    42.67    32.42    35.00    33.00
 7222.00      .00    43.79    32.92    40.00    40.00
 7222.00     1.00    55.47    56.63    40.00    40.00
 7222.00     6.00    42.67    32.42    40.00    40.00
 7223.00      .00    43.79    32.92    38.00    34.00
 7223.00     1.00    55.47    56.63    38.00    34.00
 7223.00     6.00    42.67    32.42    38.00    34.00
 7224.00      .00    43.79    32.92    27.00    24.00
 7224.00     1.00    55.47    56.63    27.00    24.00
 7224.00     6.00    42.67    32.42    27.00    24.00
 7230.00      .00    43.06    51.82    43.00    34.00
 7230.00     1.00    53.08    56.63    43.00    34.00
 7230.00     6.00    42.34    51.62    43.00    34.00
 7231.00      .00    43.06    51.82    43.00    34.00
 7231.00     1.00    53.08    56.63    43.00    34.00
 7231.00     6.00    42.34    51.62    43.00    34.00
 7232.00      .00    43.06    51.82    50.00    42.00
 7232.00     1.00    53.08    56.63    50.00    42.00
 7232.00     6.00    42.34    51.62    50.00    42.00
 7233.00      .00    43.06    51.82    42.00    33.00
 7233.00     1.00    53.08    56.63    42.00    33.00
 7233.00     6.00    42.34    51.62    42.00    33.00
 7234.00      .00    43.06    51.82    20.00    23.00
 7234.00     1.00    53.08    56.63    20.00    23.00
 7234.00     6.00    42.34    51.62    20.00    23.00
 7240.00      .00    48.42    43.12    38.00    40.00
 7240.00     1.00    55.21    43.12    38.00    40.00
 7240.00     6.00    47.30    43.12    38.00    40.00
 7241.00      .00    48.42    43.12    38.00    40.00
 7241.00     1.00    55.21    56.63    38.00    40.00
 7241.00     6.00    47.30    43.12    38.00    40.00
 7242.00      .00    48.42    43.12    48.00    39.00
 7242.00     1.00    55.21    56.63    48.00    39.00
 7242.00     6.00    47.30    43.12    48.00    39.00
 7243.00      .00    48.42    43.12    42.00    41.00
 7243.00     1.00    55.21    56.63    42.00    41.00
 7243.00     6.00    47.30    43.12    42.00    41.00
 7244.00      .00    48.42    43.12    35.00    40.00
 7244.00     1.00    55.21    56.63    35.00    40.00
 7244.00     6.00    47.30    43.12    35.00    40.00
 7245.00      .00    48.42    43.12    36.00    38.00
 7245.00     1.00    55.21    56.63    36.00    38.00
 7245.00     6.00    47.30    43.12    36.00    38.00
 7300.00      .00    45.94    41.80    39.00    34.00
 7300.00     1.00    56.11    56.63    39.00    34.00
 7300.00     6.00    41.91    39.20    39.00    34.00
 7310.00      .00    54.09    39.19    45.00    38.00
 7310.00     1.00    56.11    56.63    45.00    38.00
 7310.00     6.00    52.97    35.92    45.00    38.00
 7311.00      .00    54.09    39.19    47.00    38.00
 7311.00     1.00    56.11    56.63    47.00    38.00
 7311.00     6.00    52.97    35.92    47.00    38.00
 7312.00      .00    54.09    39.19    33.00    38.00
 7312.00     1.00    56.11    56.63    33.00    38.00
 7312.00     6.00    52.97    35.92    33.00    38.00
 7313.00      .00    54.09    39.19    43.00    38.00
 7313.00     1.00    56.11    56.63    43.00    38.00
 7313.00     6.00    52.97    35.92    43.00    38.00
 7320.00      .00    37.76    39.32    28.00    28.00
 7320.00     1.00    56.11    56.63    28.00    28.00
 7320.00     6.00    32.79    36.91    28.00    28.00
 7321.00      .00    37.76    39.32    25.00    27.00
 7321.00     1.00    56.11    56.63    25.00    27.00
 7321.00     6.00    32.79    36.91    25.00    27.00
 7322.00      .00    37.76    39.32    37.00    29.00
 7322.00     1.00    56.11    56.63    37.00    29.00
 7322.00     6.00    32.79    36.91    37.00    29.00
 7323.00      .00    37.76    39.32    31.00    29.00
 7323.00     1.00    56.11    56.63    31.00    29.00
 7323.00     6.00    32.79    36.91    31.00    29.00
 7324.00      .00    37.76    39.32    31.00    29.00
 7324.00     1.00    56.11    56.63    31.00    29.00
 7324.00     6.00    32.79    36.91    31.00    29.00
 7330.00      .00    50.55    42.39    31.00    29.00
 7330.00     1.00    56.11    56.63    31.00    29.00
 7330.00     6.00    32.79    37.45    31.00    29.00
 7331.00      .00    50.55    42.39    31.00    29.00
 7331.00     1.00    56.11    56.63    31.00    29.00
 7331.00     6.00    32.79    37.45    31.00    29.00
 7332.00      .00    50.55    42.39    31.00    29.00
 7332.00     1.00    56.11    56.63    31.00    29.00
 7332.00     6.00    32.79    37.45    31.00    29.00
 7340.00      .00    47.53    51.57    42.00    40.00
 7340.00     1.00    56.11    56.63    42.00    40.00
 7340.00     6.00    47.06    50.92    42.00    40.00
 7341.00      .00    47.53    51.57    42.00    40.00
 7341.00     1.00    56.11    56.63    42.00    40.00
 7341.00     6.00    47.06    50.92    42.00    40.00
 7342.00      .00    47.53    51.57    41.00    40.00
 7342.00     1.00    56.11    56.63    41.00    40.00
 7342.00     6.00    47.06    50.92    41.00    40.00
 7343.00      .00    47.53    51.57    41.00    42.00
 7343.00     1.00    56.11    56.63    41.00    42.00
 7343.00     6.00    47.06    50.92    41.00    42.00
 7344.00      .00    47.53    51.57    42.00    40.00
 7344.00     1.00    56.11    56.63    42.00    40.00
 7344.00     6.00    47.06    50.92    42.00    40.00
 7345.00      .00    47.53    51.57    32.00    37.00
 7345.00     1.00    56.11    56.63    32.00    37.00
 7345.00     6.00    47.06    50.92    32.00    37.00
 7346.00      .00    47.53    51.57    52.00    38.00
 7346.00     1.00    56.11    56.63    52.00    38.00
 7346.00     6.00    47.06    50.92    52.00    38.00
 7400.00      .00    32.39    37.19    33.00    33.00
 7400.00     1.00    32.39    53.04    33.00    33.00
 7400.00     6.00    32.39    35.57    33.00    33.00
 7410.00      .00    36.27    33.37    28.00    30.00
 7410.00     1.00    60.18    56.63    28.00    30.00
 7410.00     6.00    33.73    32.93    28.00    30.00
 7411.00      .00    36.27    33.37    24.00    30.00
 7411.00     1.00    60.18    56.63    24.00    30.00
 7411.00     6.00    33.73    32.93    24.00    30.00
 7412.00      .00    36.27    33.37    33.00    31.00
 7412.00     1.00    60.18    56.63    33.00    31.00
 7412.00     6.00    33.73    32.93    33.00    31.00
 7413.00      .00    36.27    33.37    34.00    30.00
 7413.00     1.00    60.18    56.63    34.00    30.00
 7413.00     6.00    33.73    32.93    34.00    30.00
 7414.00      .00    36.27    33.37    35.00    30.00
 7414.00     1.00    60.18    56.63    35.00    30.00
 7414.00     6.00    33.73    32.93    35.00    30.00
 7415.00      .00    36.27    33.37    34.00    30.00
 7415.00     1.00    60.18    56.63    34.00    30.00
 7415.00     6.00    33.73    32.93    34.00    30.00
 7416.00      .00    36.27    33.37    34.00    30.00
 7416.00     1.00    60.18    56.63    34.00    30.00
 7416.00     6.00    33.73    32.93    34.00    30.00
 7420.00      .00    46.25    36.76    29.00    33.00
 7420.00     1.00    60.18    56.63    29.00    33.00
 7420.00     6.00    41.84    35.06    29.00    33.00
 7421.00      .00    46.25    36.76    29.00    33.00
 7421.00     1.00    60.18    56.63    29.00    33.00
 7421.00     6.00    41.84    35.06    29.00    33.00
 7422.00      .00    46.25    36.76    40.00    33.00
 7422.00     1.00    60.18    56.63    40.00    33.00
 7422.00     6.00    41.84    35.06    40.00    33.00
 7423.00      .00    46.25    36.76    36.00    33.00
 7423.00     1.00    60.18    56.63    36.00    33.00
 7423.00     6.00    41.84    35.06    36.00    33.00
 7424.00      .00    46.25    36.76    21.00    33.00
 7424.00     1.00    60.18    56.63    21.00    33.00
 7424.00     6.00    41.84    35.06    21.00    33.00
 7430.00      .00    36.72    38.46    34.00    36.00
 7430.00     1.00    60.18    52.77    34.00    36.00
 7430.00     6.00    32.39    36.47    34.00    36.00
 7431.00      .00    36.72    38.46    29.00    29.00
 7431.00     1.00    60.18    52.77    29.00    29.00
 7431.00     6.00    32.39    36.47    29.00    29.00
 7432.00      .00    36.72    38.46    32.00    29.00
 7432.00     1.00    60.18    52.77    32.00    29.00
 7432.00     6.00    32.39    36.47    32.00    29.00
 7433.00      .00    36.72    38.46    40.00    45.00
 7433.00     1.00    60.18    52.77    40.00    45.00
 7433.00     6.00    32.39    36.47    40.00    45.00
 7434.00      .00    36.72    38.46    35.00    36.00
 7434.00     1.00    60.18    52.77    35.00    36.00
 7434.00     6.00    32.39    36.47    35.00    36.00
 7435.00      .00    36.72    38.46    40.00    36.00
 7435.00     1.00    60.18    52.77    40.00    36.00
 7435.00     6.00    32.39    36.47    40.00    36.00
 7436.00      .00    36.72    38.46    26.00    33.00
 7436.00     1.00    60.18    52.77    26.00    33.00
 7436.00     6.00    32.39    36.47    26.00    33.00
 7437.00      .00    36.72    38.46    31.00    28.00
 7437.00     1.00    60.18    52.77    31.00    28.00
 7437.00     6.00    32.39    36.47    31.00    28.00
 7440.00      .00    37.95    34.47    27.00    31.00
 7440.00     1.00    60.18    34.47    27.00    31.00
 7440.00     6.00    32.39    34.47    27.00    31.00
 7441.00      .00    37.95    34.47    22.00    31.00
 7441.00     1.00    60.18    53.04    22.00    31.00
 7441.00     6.00    32.39    34.47    22.00    31.00
 7442.00      .00    37.95    34.47    27.00    31.00
 7442.00     1.00    60.18    53.04    27.00    31.00
 7442.00     6.00    32.39    34.47    27.00    31.00
 7500.00      .00    41.90    38.39    48.00    42.00
 7500.00     1.00    50.79    54.17    48.00    42.00
 7500.00     6.00    40.46    36.88    48.00    42.00
 7510.00      .00    41.90    38.39    46.00    42.00
 7510.00     1.00    50.79    54.17    46.00    42.00
 7510.00     6.00    40.46    36.88    46.00    42.00
 7520.00      .00    41.90    38.39    46.00    39.00
 7520.00     1.00    50.79    54.17    46.00    39.00
 7520.00     6.00    40.46    36.88    46.00    39.00
 7530.00      .00    41.90    38.39    37.00    26.00
 7530.00     1.00    50.79    54.17    37.00    26.00
 7530.00     6.00    40.46    36.88    37.00    26.00
 8000.00      .00    43.37    36.94    34.00    31.00
 8000.00     1.00    43.37    56.63    34.00    31.00
 8000.00     6.00    43.37    36.71    34.00    31.00
 8100.00      .00    43.37    35.62    36.00    30.00
 8100.00     1.00    43.37    56.63    36.00    30.00
 8100.00     6.00    43.37    35.62    36.00    30.00
 8110.00      .00    45.39    30.27    31.00    35.00
 8110.00     1.00    45.39    30.27    31.00    35.00
 8110.00     6.00    45.39    30.27    31.00    35.00
 8111.00      .00    45.39    30.27    34.00    35.00
 8111.00     1.00    55.38    30.27    34.00    35.00
 8111.00     6.00    45.39    30.27    34.00    35.00
 8112.00      .00    45.39    30.27    32.00    35.00
 8112.00     1.00    55.38    30.27    32.00    35.00
 8112.00     6.00    45.39    30.27    32.00    35.00
 8113.00      .00    45.39    30.27    31.00    35.00
 8113.00     1.00    55.38    30.27    31.00    35.00
 8113.00     6.00    45.39    30.27    31.00    35.00
 8120.00      .00    43.37    30.27    40.00    30.00
 8120.00     1.00    43.37    30.27    40.00    30.00
 8120.00     6.00    43.37    30.27    40.00    30.00
 8121.00      .00    43.37    30.27    45.00    31.00
 8121.00     1.00    55.38    30.27    45.00    31.00
 8121.00     6.00    43.37    30.27    45.00    31.00
 8122.00      .00    43.37    30.27    36.00    30.00
 8122.00     1.00    55.38    30.27    36.00    30.00
 8122.00     6.00    43.37    30.27    36.00    30.00
 8123.00      .00    43.37    30.27    38.00    28.00
 8123.00     1.00    55.38    30.27    38.00    28.00
 8123.00     6.00    43.37    30.27    38.00    28.00
 8124.00      .00    43.37    30.27    28.00    30.00
 8124.00     1.00    55.38    30.27    28.00    30.00
 8124.00     6.00    43.37    30.27    28.00    30.00
 8129.00      .00    43.37    30.27  -999.00  -999.00
 8129.00     1.00    55.38    30.27  -999.00  -999.00
 8129.00     6.00    43.37    30.27  -999.00  -999.00
 8130.00      .00    24.39    29.72    31.00    22.00
 8130.00     1.00    24.39    29.72    31.00    22.00
 8130.00     6.00    24.39    29.72    31.00    22.00
 8131.00      .00    24.39    29.72    31.00    22.00
 8131.00     1.00    55.38    29.72    31.00    22.00
 8131.00     6.00    24.39    29.72    31.00    22.00
 8139.00      .00    24.39    29.72    31.00    22.00
 8139.00     1.00    55.38    29.72    31.00    22.00
 8139.00     6.00    24.39    29.72    31.00    22.00
 8140.00      .00    33.74    28.45    28.00    27.00
 8140.00     1.00    55.38    28.45    28.00    27.00
 8140.00     6.00    32.02    28.45    28.00    27.00
 8141.00      .00    33.74    28.45    29.00    27.00
 8141.00     1.00    55.38    28.45    29.00    27.00
 8141.00     6.00    32.02    28.45    29.00    27.00
 8142.00      .00    33.74    28.45    28.00    27.00
 8142.00     1.00    55.38    28.45    28.00    27.00
 8142.00     6.00    32.02    28.45    28.00    27.00
 8143.00      .00    33.74    28.45    28.00    27.00
 8143.00     1.00    55.38    28.45    28.00    27.00
 8143.00     6.00    32.02    28.45    28.00    27.00
 8150.00      .00    40.33    28.45    42.00    35.00
 8150.00     1.00    40.33    28.45    42.00    35.00
 8150.00     6.00    40.33    28.45    42.00    35.00
 8151.00      .00    40.33    28.45    43.00    35.00
 8151.00     1.00    55.38    28.45    43.00    35.00
 8151.00     6.00    40.33    28.45    43.00    35.00
 8152.00      .00    40.33    28.45    43.00    35.00
 8152.00     1.00    55.38    28.45    43.00    35.00
 8152.00     6.00    40.33    28.45    43.00    35.00
 8153.00      .00    40.33    28.45    43.00    35.00
 8153.00     1.00    55.38    28.45    43.00    35.00
 8153.00     6.00    40.33    28.45    43.00    35.00
 8154.00      .00    40.33    28.45    43.00    35.00
 8154.00     1.00    55.38    28.45    43.00    35.00
 8154.00     6.00    40.33    28.45    43.00    35.00
 8155.00      .00    40.33    28.45    37.00    35.00
 8155.00     1.00    55.38    28.45    37.00    35.00
 8155.00     6.00    40.33    28.45    37.00    35.00
 8159.00      .00    40.33    28.45    43.00    35.00
 8159.00     1.00    55.38    28.45    43.00    35.00
 8159.00     6.00    40.33    28.45    43.00    35.00
 8160.00      .00    37.76    42.22    38.00    32.00
 8160.00     1.00    55.38    42.22    38.00    32.00
 8160.00     6.00    37.63    42.22    38.00    32.00
 8161.00      .00    37.76    42.22    42.00    33.00
 8161.00     1.00    55.38    42.22    42.00    33.00
 8161.00     6.00    37.63    42.22    42.00    33.00
 8162.00      .00    37.76    42.22    35.00    27.00
 8162.00     1.00    55.38    42.22    35.00    27.00
 8162.00     6.00    37.63    42.22    35.00    27.00
 8163.00      .00    37.76    42.22    34.00    33.00
 8163.00     1.00    55.38    42.22    34.00    33.00
 8163.00     6.00    37.63    42.22    34.00    33.00
 8170.00      .00    42.36    49.08    30.00    26.00
 8170.00     1.00    42.36    49.08    30.00    26.00
 8170.00     6.00    42.36    49.08    30.00    26.00
 8171.00      .00    42.36    49.08    30.00    26.00
 8171.00     1.00    55.38    49.08    30.00    26.00
 8171.00     6.00    42.36    49.08    30.00    26.00
 8172.00      .00    42.36    49.08    30.00    26.00
 8172.00     1.00    55.38    49.08    30.00    26.00
 8172.00     6.00    42.36    49.08    30.00    26.00
 8180.00      .00    37.63    42.22  -999.00  -999.00
 8180.00     1.00    37.63    42.22  -999.00  -999.00
 8180.00     6.00    37.63    42.22  -999.00  -999.00
 8200.00      .00    41.60    37.33    34.00    32.00
 8200.00     1.00    55.38    56.63    34.00    32.00
 8200.00     6.00    40.91    37.04    34.00    32.00
 8210.00      .00    44.18    41.28    37.00    36.00
 8210.00     1.00    55.38    41.28    37.00    36.00
 8210.00     6.00    43.72    41.28    37.00    36.00
 8211.00      .00    44.18    41.28    38.00    36.00
 8211.00     1.00    55.38    56.63    38.00    36.00
 8211.00     6.00    43.72    41.28    38.00    36.00
 8212.00      .00    44.18    41.28    30.00    30.00
 8212.00     1.00    55.38    56.63    30.00    30.00
 8212.00     6.00    43.72    41.28    30.00    30.00
 8220.00      .00    40.39    47.03    43.00    30.00
 8220.00     1.00    40.39    47.03    43.00    30.00
 8220.00     6.00    40.39    47.03    43.00    30.00
 8221.00      .00    40.39    47.03    43.00    30.00
 8221.00     1.00    55.38    56.63    43.00    30.00
 8221.00     6.00    40.39    47.03    43.00    30.00
 8222.00      .00    40.39    47.03    43.00    30.00
 8222.00     1.00    55.38    56.63    43.00    30.00
 8222.00     6.00    40.39    47.03    43.00    30.00
 8223.00      .00    40.39    47.03    28.00    30.00
 8223.00     1.00    55.38    56.63    28.00    30.00
 8223.00     6.00    40.39    47.03    28.00    30.00
 8224.00      .00    40.39    47.03    43.00    30.00
 8224.00     1.00    55.38    56.63    43.00    30.00
 8224.00     6.00    40.39    47.03    43.00    30.00
 8229.00      .00    40.39    47.03    43.00    30.00
 8229.00     1.00    55.38    56.63    43.00    30.00
 8229.00     6.00    40.39    47.03    43.00    30.00
 8230.00      .00    34.25    31.41    30.00    30.00
 8230.00     1.00    55.38    31.41    30.00    30.00
 8230.00     6.00    33.07    31.41    30.00    30.00
 8231.00      .00    34.25    31.41    30.00    30.00
 8231.00     1.00    55.38    56.63    30.00    30.00
 8231.00     6.00    33.07    31.41    30.00    30.00
 8232.00      .00    34.25    31.41    30.00    30.00
 8232.00     1.00    55.38    56.63    30.00    30.00
 8232.00     6.00    33.07    31.41    30.00    30.00
 8240.00      .00    42.16    32.67    31.00    29.00
 8240.00     1.00    55.38    32.67    31.00    29.00
 8240.00     6.00    40.39    32.67    31.00    29.00
 8250.00      .00    50.50    43.64    41.00    38.00
 8250.00     1.00    50.50    56.63    41.00    38.00
 8250.00     6.00    50.50    42.90    41.00    38.00
 8251.00      .00    50.50    43.64    41.00    38.00
 8251.00     1.00    55.38    56.63    41.00    38.00
 8251.00     6.00    50.50    42.90    41.00    38.00
 8252.00      .00    50.50    43.64    32.00    38.00
 8252.00     1.00    55.38    56.63    32.00    38.00
 8252.00     6.00    50.50    42.90    32.00    38.00
 8253.00      .00    50.50    43.64    28.00    38.00
 8253.00     1.00    55.38    56.63    28.00    38.00
 8253.00     6.00    50.50    42.90    28.00    38.00
 8260.00      .00    42.38    35.70    28.00    30.00
 8260.00     1.00    55.38    56.63    28.00    30.00
 8260.00     6.00    40.28    35.30    28.00    30.00
 8261.00      .00    42.38    35.70    29.00    29.00
 8261.00     1.00    55.38    56.63    29.00    29.00
 8261.00     6.00    40.28    35.30    29.00    29.00
 8262.00      .00    42.38    35.70    29.00    29.00
 8262.00     1.00    55.38    56.63    29.00    29.00
 8262.00     6.00    40.28    35.30    29.00    29.00
 8263.00      .00    42.38    35.70    25.00    32.00
 8263.00     1.00    55.38    56.63    25.00    32.00
 8263.00     6.00    40.28    35.30    25.00    32.00
 8264.00      .00    42.38    35.70    25.00    24.00
 8264.00     1.00    55.38    56.63    25.00    24.00
 8264.00     6.00    40.28    35.30    25.00    24.00
 8265.00      .00    42.38    35.70    26.00    32.00
 8265.00     1.00    55.38    56.63    26.00    32.00
 8265.00     6.00    40.28    35.30    26.00    32.00
 8266.00      .00    42.38    35.70    28.00    32.00
 8266.00     1.00    55.38    56.63    28.00    32.00
 8266.00     6.00    40.28    35.30    28.00    32.00
 8269.00      .00    42.38    35.70    26.00    32.00
 8269.00     1.00    55.38    56.63    26.00    32.00
 8269.00     6.00    40.28    35.30    26.00    32.00
 8270.00      .00    36.93    35.89    33.00    29.00
 8270.00     1.00    55.38    35.89    33.00    29.00
 8270.00     6.00    36.51    35.89    33.00    29.00
 8271.00      .00    36.93    35.89    31.00    29.00
 8271.00     1.00    55.38    56.63    31.00    29.00
 8271.00     6.00    36.51    35.89    31.00    29.00
 8272.00      .00    36.93    35.89    34.00    29.00
 8272.00     1.00    55.38    56.63    34.00    29.00
 8272.00     6.00    36.51    35.89    34.00    29.00
 8273.00      .00    36.93    35.89    33.00    29.00
 8273.00     1.00    55.38    56.63    33.00    29.00
 8273.00     6.00    36.51    35.89    33.00    29.00
 8274.00      .00    36.93    35.89    33.00    29.00
 8274.00     1.00    55.38    56.63    33.00    29.00
 8274.00     6.00    36.51    35.89    33.00    29.00
 8275.00      .00    36.93    35.89    35.00    29.00
 8275.00     1.00    55.38    56.63    35.00    29.00
 8275.00     6.00    36.51    35.89    35.00    29.00
 8276.00      .00    36.93    35.89    45.00    29.00
 8276.00     1.00    55.38    56.63    45.00    29.00
 8276.00     6.00    36.51    35.89    45.00    29.00
 8277.00      .00    36.93    35.89    34.00    29.00
 8277.00     1.00    55.38    56.63    34.00    29.00
 8277.00     6.00    36.51    35.89    34.00    29.00
 8278.00      .00    36.93    35.89    34.00    29.00
 8278.00     1.00    55.38    56.63    34.00    29.00
 8278.00     6.00    36.51    35.89    34.00    29.00
 8279.00      .00    36.93    35.89    39.00    29.00
 8279.00     1.00    55.38    56.63    39.00    29.00
 8279.00     6.00    36.51    35.89    39.00    29.00
 8280.00      .00    42.35    41.10    33.00    31.00
 8280.00     1.00    55.38    56.63    33.00    31.00
 8280.00     6.00    41.42    41.01    33.00    31.00
 8281.00      .00    42.35    41.10    30.00    30.00
 8281.00     1.00    55.38    56.63    30.00    30.00
 8281.00     6.00    41.42    41.01    30.00    30.00
 8282.00      .00    42.35    41.10    48.00    34.00
 8282.00     1.00    55.38    56.63    48.00    34.00
 8282.00     6.00    41.42    41.01    48.00    34.00
 8283.00      .00    42.35    41.10    48.00    34.00
 8283.00     1.00    55.38    56.63    48.00    34.00
 8283.00     6.00    41.42    41.01    48.00    34.00
 8284.00      .00    42.35    41.10    30.00    30.00
 8284.00     1.00    55.38    56.63    30.00    30.00
 8284.00     6.00    41.42    41.01    30.00    30.00
 8285.00      .00    42.35    41.10    31.00    30.00
 8285.00     1.00    55.38    56.63    31.00    30.00
 8285.00     6.00    41.42    41.01    31.00    30.00
 8286.00      .00    42.35    41.10    28.00    30.00
 8286.00     1.00    55.38    56.63    28.00    30.00
 8286.00     6.00    41.42    41.01    28.00    30.00
 8290.00      .00    40.81    34.24    33.00    26.00
 8290.00     1.00    55.38    56.63    33.00    26.00
 8290.00     6.00    40.39    32.67    33.00    26.00
 8300.00      .00    48.66    35.82    33.00    32.00
 8300.00     1.00    48.66    56.63    33.00    32.00
 8300.00     6.00    48.66    35.82    33.00    32.00
 8310.00      .00    48.66    39.56    36.00    36.00
 8310.00     1.00    48.66    39.56    36.00    36.00
 8310.00     6.00    48.66    39.56    36.00    36.00
 8311.00      .00    48.66    39.56    43.00    41.00
 8311.00     1.00    50.69    39.56    43.00    41.00
 8311.00     6.00    48.66    39.56    43.00    41.00
 8312.00      .00    48.66    39.56    29.00    32.00
 8312.00     1.00    50.69    39.56    29.00    32.00
 8312.00     6.00    48.66    39.56    29.00    32.00
 8320.00      .00    41.80    39.56    32.00    34.00
 8320.00     1.00    49.64    39.56    32.00    34.00
 8320.00     6.00    40.76    39.56    32.00    34.00
 8321.00      .00    41.80    39.56    31.00    30.00
 8321.00     1.00    49.64    39.56    31.00    30.00
 8321.00     6.00    40.76    39.56    31.00    30.00
 8322.00      .00    41.80    39.56    31.00    30.00
 8322.00     1.00    49.64    39.56    31.00    30.00
 8322.00     6.00    40.76    39.56    31.00    30.00
 8323.00      .00    41.80    39.56    32.00    30.00
 8323.00     1.00    49.64    39.56    32.00    30.00
 8323.00     6.00    40.76    39.56    32.00    30.00
 8324.00      .00    41.80    39.56    33.00    34.00
 8324.00     1.00    49.64    39.56    33.00    34.00
 8324.00     6.00    40.76    39.56    33.00    34.00
 8330.00      .00    33.78    32.36    32.00    26.00
 8330.00     1.00    62.18    32.36    32.00    26.00
 8330.00     6.00    32.77    32.36    32.00    26.00
 8331.00      .00    33.78    32.36    31.00    26.00
 8331.00     1.00    62.18    32.36    31.00    26.00
 8331.00     6.00    32.77    32.36    31.00    26.00
 8332.00      .00    33.78    32.36    32.00    26.00
 8332.00     1.00    62.18    32.36    32.00    26.00
 8332.00     6.00    32.77    32.36    32.00    26.00
 8333.00      .00    33.78    32.36    33.00    28.00
 8333.00     1.00    62.18    32.36    33.00    28.00
 8333.00     6.00    32.77    32.36    33.00    28.00
 8334.00      .00    33.78    32.36    28.00    28.00
 8334.00     1.00    62.18    32.36    28.00    28.00
 8334.00     6.00    32.77    32.36    28.00    28.00
 8340.00      .00    48.66    35.82    29.00    32.00
 8340.00     1.00    48.66    56.63    29.00    32.00
 8340.00     6.00    48.66    35.82    29.00    32.00
 8400.00      .00    40.68    36.94    33.00    24.00
 8400.00     1.00    51.43    56.63    33.00    24.00
 8400.00     6.00    39.91    36.71    33.00    24.00
 9000.00      .00    36.39    42.90    21.00    20.00
 9000.00     1.00    49.63    42.90    21.00    20.00
 9000.00     6.00    35.75    42.90    21.00    20.00
 9100.00      .00    38.86    42.90    23.00    25.00
 9100.00     1.00    61.08    42.90    23.00    25.00
 9100.00     6.00    37.61    42.90    23.00    25.00
 9110.00      .00    61.08    47.03    25.00    29.00
 9110.00     1.00    61.08    55.29    25.00    29.00
 9110.00     6.00    61.08    42.90    25.00    29.00
 9111.00      .00    61.08    47.03    24.00    29.00
 9111.00     1.00    61.08    55.29    24.00    29.00
 9111.00     6.00    37.61    42.90    24.00    29.00
 9112.00      .00    61.08    47.03    24.00    28.00
 9112.00     1.00    61.08    55.29    24.00    28.00
 9112.00     6.00    37.61    42.90    24.00    28.00
 9113.00      .00    61.08    47.03    26.00    29.00
 9113.00     1.00    61.08    55.29    26.00    29.00
 9113.00     6.00    37.61    42.90    26.00    29.00
 9120.00      .00    48.46    37.49    12.00    28.00
 9120.00     1.00    48.46    55.29    12.00    28.00
 9120.00     6.00    48.46    37.21    12.00    28.00
 9130.00      .00    50.53    36.86    21.00    16.00
 9130.00     1.00    61.08    55.29    21.00    16.00
 9130.00     6.00    48.46    36.69    21.00    16.00
 9131.00      .00    50.53    36.86    22.00    16.00
 9131.00     1.00    61.08    55.29    22.00    16.00
 9131.00     6.00    48.46    36.69    22.00    16.00
 9132.00      .00    50.53    36.86    21.00    16.00
 9132.00     1.00    61.08    55.29    21.00    16.00
 9132.00     6.00    48.46    36.69    21.00    16.00
 9133.00      .00    50.53    36.86    22.00    16.00
 9133.00     1.00    61.08    55.29    22.00    16.00
 9133.00     6.00    48.46    36.69    22.00    16.00
 9140.00      .00    43.67    40.13    23.00    23.00
 9140.00     1.00    61.08    55.29    23.00    23.00
 9140.00     6.00    42.69    39.67    23.00    23.00
 9141.00      .00    43.67    40.13    25.00    23.00
 9141.00     1.00    61.08    55.29    25.00    23.00
 9141.00     6.00    42.69    39.67    25.00    23.00
 9142.00      .00    43.67    40.13    19.00    23.00
 9142.00     1.00    61.08    55.29    19.00    23.00
 9142.00     6.00    42.69    39.67    19.00    23.00
 9150.00      .00    32.59    38.08    20.00    27.00
 9150.00     1.00    61.08    55.29    20.00    27.00
 9150.00     6.00    32.39    37.94    20.00    27.00
 9151.00      .00    32.59    38.08    22.00    25.00
 9151.00     1.00    61.08    55.29    22.00    25.00
 9151.00     6.00    32.39    37.94    22.00    25.00
 9152.00      .00    32.59    38.08    20.00    27.00
 9152.00     1.00    61.08    55.29    20.00    27.00
 9152.00     6.00    32.39    37.94    20.00    27.00
 9153.00      .00    32.59    38.08    21.00    27.00
 9153.00     1.00    61.08    55.29    21.00    27.00
 9153.00     6.00    32.39    37.94    21.00    27.00
 9160.00      .00    28.58    44.14    13.00    23.00
 9160.00     1.00    28.58    55.29    13.00    23.00
 9160.00     6.00    28.58    42.90    13.00    23.00
 9161.00      .00    28.58    44.14    13.00    23.00
 9161.00     1.00    61.08    55.29    13.00    23.00
 9161.00     6.00    28.58    42.90    13.00    23.00
 9162.00      .00    28.58    44.14    13.00    23.00
 9162.00     1.00    61.08    55.29    13.00    23.00
 9162.00     6.00    28.58    42.90    13.00    23.00
 9200.00      .00    37.06    30.56    23.00    16.00
 9200.00     1.00    37.06    30.56    23.00    16.00
 9200.00     6.00    37.06    30.56    23.00    16.00
 9210.00      .00    37.77    30.99    23.00    16.00
 9210.00     1.00    62.18    55.29    23.00    16.00
 9210.00     6.00    37.06    30.56    23.00    16.00
 9211.00      .00    37.77    30.99    23.00    16.00
 9211.00     1.00    62.18    55.29    23.00    16.00
 9211.00     6.00    37.06    30.56    23.00    16.00
 9212.00      .00    37.77    30.99    18.00    16.00
 9212.00     1.00    62.18    55.29    18.00    16.00
 9212.00     6.00    37.06    30.56    18.00    16.00
 9213.00      .00    37.77    30.99    23.00    16.00
 9213.00     1.00    62.18    55.29    23.00    16.00
 9213.00     6.00    37.06    30.56    23.00    16.00
 9300.00      .00    34.58    33.26    18.00    23.00
 9300.00     1.00    39.47    33.26    18.00    23.00
 9300.00     6.00    34.35    33.26    18.00    23.00
 9310.00      .00    32.50    27.50    16.00    21.00
 9310.00     1.00    39.47    27.50    16.00    21.00
 9310.00     6.00    31.80    27.50    16.00    21.00
 9311.00      .00    32.50    27.50    18.00    21.00
 9311.00     1.00    39.47    55.29    18.00    21.00
 9311.00     6.00    31.80    27.50    18.00    21.00
 9312.00      .00    32.50    27.50    15.00    21.00
 9312.00     1.00    39.47    55.29    15.00    21.00
 9312.00     6.00    31.80    27.50    15.00    21.00
 9313.00      .00    32.50    27.50    15.00    21.00
 9313.00     1.00    39.47    55.29    15.00    21.00
 9313.00     6.00    31.80    27.50    15.00    21.00
 9320.00      .00    34.39    33.42    19.00    20.00
 9320.00     1.00    39.47    55.29    19.00    20.00
 9320.00     6.00    34.37    33.26    19.00    20.00
 9321.00      .00    34.39    33.42    18.00    20.00
 9321.00     1.00    39.47    55.29    18.00    20.00
 9321.00     6.00    34.37    33.26    18.00    20.00
 9322.00      .00    34.39    33.42    22.00    24.00
 9322.00     1.00    39.47    55.29    22.00    24.00
 9322.00     6.00    34.37    33.26    22.00    24.00
 9330.00      .00    36.95    37.83    20.00    29.00
 9330.00     1.00    39.47    37.83    20.00    29.00
 9330.00     6.00    36.86    37.83    20.00    29.00
 9331.00      .00    36.95    37.83    17.00    22.00
 9331.00     1.00    39.47    55.29    17.00    22.00
 9331.00     6.00    36.86    37.83    17.00    22.00
 9332.00      .00    36.95    37.83    22.00    22.00
 9332.00     1.00    39.47    55.29    22.00    22.00
 9332.00     6.00    36.86    37.83    22.00    22.00
 9333.00      .00    36.95    37.83    20.00    30.00
 9333.00     1.00    39.47    55.29    20.00    30.00
 9333.00     6.00    36.86    37.83    20.00    30.00
