    1.00   -999    72.25    65.55     63    64.00
    1.00      1    77.63    67.30     63    64.00
    1.00      2    77.43    67.97     63    64.00
    1.00      3    78.20    67.49     63    64.00
    1.00      4    76.78    72.89     63    64.00
    1.00      5    72.10    65.70     63    64.00
    1.00      6    71.82    65.42     63    64.00
    2.00   -999    68.20    65.40     63    73.00
    2.00      1    73.20    65.40     63    73.00
    2.00      2    73.80    65.40     63    73.00
    2.00      3    71.70    65.40     63    73.00
    2.00      4    75.10    65.40     63    73.00
    2.00      5    67.90    65.40     63    73.00
    2.00      6    67.20    65.40     63    73.00
    4.00   -999    51.40    51.60     57    57.00
    4.00      1    66.90    62.00     57    57.00
    4.00      2    66.50    68.00     57    57.00
    4.00      3    67.50    68.10     57    57.00
    4.00      4    62.70    67.90     57    57.00
    4.00      5    50.80    50.00     57    57.00
    4.00      6    50.80    51.60     57    57.00
    5.00   -999    77.30    74.78     70    69.33
    5.00      1    80.33    76.80     70    69.33
    5.00      2    80.18    78.98     70    69.33
    5.00      3    81.47    79.43     70    69.33
    5.00      4    79.47    76.73     70    69.33
    5.00      5    77.00    68.27     70    69.33
    5.00      6    77.11    74.93     70    69.33
    6.00   -999    88.60    77.30     73    85.00
    6.00      1    87.70    77.40     73    85.00
    6.00      2    87.30    77.10     73    85.00
    6.00      3    93.20    79.70     73    85.00
    6.00      4    86.90    76.60     73    85.00
    6.00      5    89.00    77.40     73    85.00
    6.00      6    90.30    77.50     73    85.00
    7.00   -999    60.18    63.77     54    46.60
    7.00      1    66.14    69.92     54    46.60
    7.00      2    67.49    71.34     54    46.60
    7.00      3    65.04    72.01     54    46.60
    7.00      4    69.06    70.35     54    46.60
    7.00      5    59.51    61.80     54    46.60
    7.00      6    57.45    60.92     54    46.60
    8.00   -999    71.40    70.80     56    71.00
    8.00      1    74.35    73.85     56    71.00
    8.00      2    75.25    75.40     56    71.00
    8.00      3    74.75    72.55     56    71.00
    8.00      4    75.75    76.70     56    71.00
    8.00      5    70.85    69.75     56    71.00
    8.00      6    70.30    69.85     56    71.00
   11.00   -999    69.10    68.40     57    69.00
   11.00      1    75.30    68.40     57    69.00
   11.00      2    76.00    68.40     57    69.00
   11.00      3    73.90    68.40     57    69.00
   11.00      4    77.70    68.40     57    69.00
   11.00      5    68.70    68.40     57    69.00
   11.00      6    64.90    68.40     57    69.00
   12.00   -999    82.10    73.50     73    85.00
   12.00      1    84.10    77.30     73    85.00
   12.00      2    84.10    77.40     73    85.00
   12.00      3    83.90    77.40     73    85.00
   12.00      4    84.10    77.40     73    85.00
   12.00      5    82.10    73.50     73    85.00
   12.00      6    80.70    72.30     73    85.00
   13.00   -999    77.54    70.34     61    58.56
   13.00      1    66.58    75.39     61    58.56
   13.00      2    66.70    76.54     61    58.56
   13.00      3    62.06    75.82     61    58.56
   13.00      4    72.94    75.34     61    58.56
   13.00      5    77.62    69.25     61    58.56
   13.00      6    77.67    69.13     61    58.56
   14.00   -999    60.95    63.30     60    45.50
   14.00      1    73.15    68.25     60    45.50
   14.00      2    73.15    70.10     60    45.50
   14.00      3    67.50    71.40     60    45.50
   14.00      4    74.00    68.70     60    45.50
   14.00      5    60.40    63.30     60    45.50
   14.00      6    60.40    63.30     60    45.50
   16.00   -999    80.30    74.50     57    61.00
   16.00      1    77.90    84.20     57    61.00
   16.00      2    77.90    84.40     57    61.00
   16.00      3    77.90    84.40     57    61.00
   16.00      4    77.90    84.40     57    61.00
   16.00      5    80.20    68.10     57    61.00
   16.00      6    82.30    66.60     57    61.00
   17.00   -999    67.10    66.40     45    52.00
   17.00      1    71.50    76.10     45    52.00
   17.00      2    73.10    76.40     45    52.00
   17.00      3    69.10    76.40     45    52.00
   17.00      4    82.10    76.40     45    52.00
   17.00      5    67.20    66.20     45    52.00
   17.00      6    61.20    60.30     45    52.00
   19.00   -999    61.75    59.39     62    53.55
   19.00      1    65.69    69.35     62    53.55
   19.00      2    66.90    69.79     62    53.55
   19.00      3    63.44    70.07     62    53.55
   19.00      4    68.92    69.83     62    53.55
   19.00      5    61.45    62.32     62    53.55
   19.00      6    61.17    58.48     62    53.55
   20.00   -999    57.39    64.77     51    69.00
   20.00      1    57.30    62.38     51    69.00
   20.00      2    58.15    55.88     51    69.00
   20.00      3    55.17    55.23     51    69.00
   20.00      4    60.70    56.49     51    69.00
   20.00      5    57.27    67.35     51    69.00
   20.00      6    57.33    67.10     51    69.00
   21.00   -999    59.37    61.06     63    60.50
   21.00      1    61.11    57.61     63    60.50
   21.00      2    61.64    56.72     63    60.50
   21.00      3    59.37    56.60     63    60.50
   21.00      4    62.41    56.84     63    60.50
   21.00      5    58.74    64.58     63    60.50
   21.00      6    59.37    61.41     63    60.50
   30.00   -999    50.39    54.46     37    45.00
   30.00      1    56.10    65.30     37    45.00
   30.00      2    57.50    70.53     37    45.00
   30.00      3    53.70    75.23     37    45.00
   30.00      4    61.30    54.10     37    45.00
   30.00      5    50.26    61.36     37    45.00
   30.00      6    50.23    54.37     37    45.00
   31.00   -999    46.70    42.50     54    53.00
   31.00      1    63.10    65.90     54    53.00
   31.00      2    64.45    65.90     54    53.00
   31.00      3    60.85    65.90     54    53.00
   31.00      4    68.80    65.80     54    53.00
   31.00      5    46.50    42.40     54    53.00
   31.00      6    46.50    42.40     54    53.00
   32.00   -999    52.70    63.00     45    51.00
   32.00      1    56.60    70.00     45    51.00
   32.00      2    59.40    70.20     45    51.00
   32.00      3    53.70    77.10     45    51.00
   32.00      4    61.30    54.10     45    51.00
   32.00      5    52.30    68.10     45    51.00
   32.00      6    52.30    62.90     45    51.00
   33.00   -999    53.97    53.75     49    50.50
   33.00      1    55.88    71.05     49    50.50
   33.00      2    58.15    72.94     49    50.50
   33.00      3    53.63    74.14     49    50.50
   33.00      4    64.70    56.50     49    50.50
   33.00      5    53.88    66.77     49    50.50
   33.00      6    53.77    53.66     49    50.50
   34.00   -999    64.10    52.20     53    52.00
   34.00      1    66.70    68.10     53    52.00
   34.00      2    66.20    68.10     53    52.00
   34.00      3    67.50    68.10     53    52.00
   34.00      4    62.70    68.10     53    52.00
   34.00      5    64.40    51.60     53    52.00
   34.00      6    63.90    51.60     53    52.00
   36.00   -999    45.50    65.80     32    34.00
   36.00      1    45.50    65.80     32    34.00
   36.00      2    54.50    65.80     32    34.00
   36.00      3    54.20    65.80     32    34.00
   36.00      4    54.80    55.60     32    34.00
   36.00      5    45.50    57.10     32    34.00
   36.00      6    45.50    65.80     32    34.00
   37.00   -999    34.50    34.50     20    27.00
   37.00      1    60.30    46.60     20    27.00
   37.00      2    59.20    45.40     20    27.00
   37.00      3    61.70    48.20     20    27.00
   37.00      4    51.80    34.30     20    27.00
   37.00      5    34.00    15.40     20    27.00
   37.00      6    34.00    34.30     20    27.00
   39.00   -999    48.73    52.69     37    42.20
   39.00      1    56.28    68.42     37    42.20
   39.00      2    57.49    68.58     37    42.20
   39.00      3    53.70    74.52     37    42.20
   39.00      4    61.30    54.10     37    42.20
   39.00      5    48.60    57.83     37    42.20
   39.00      6    48.55    52.59     37    42.20
   44.00   -999    57.05    57.80     47    55.00
   44.00      1    58.55    56.60     47    55.00
   44.00      2    59.80    56.90     47    55.00
   44.00      3    56.70    56.75     47    55.00
   44.00      4    65.20    57.40     47    55.00
   44.00      5    57.00    57.80     47    55.00
   44.00      6    56.00    58.60     47    55.00
   45.00   -999    45.29    39.04     31    36.67
   45.00      1    52.82    45.63     31    36.67
   45.00      2    54.35    44.69     31    36.67
   45.00      3    56.70    47.22     31    36.67
   45.00      4    52.76    41.93     31    36.67
   45.00      5    42.64    43.89     31    36.67
   45.00      6    42.23    37.52     31    36.67
   53.00   -999    44.20    35.90     26    32.00
   53.00      1    49.60    52.00     26    32.00
   53.00      2    51.80    58.50     26    32.00
   53.00      3    43.30    58.50     26    32.00
   53.00      4    54.80    58.50     26    32.00
   53.00      5    43.30    41.00     26    32.00
   53.00      6    43.30    35.30     26    32.00
   54.00   -999    41.00    35.10     27    20.50
   54.00      1    51.05    45.55     27    20.50
   54.00      2    49.15    43.45     27    20.50
   54.00      3    54.85    43.25     27    20.50
   54.00      4    44.00    47.85     27    20.50
   54.00      5    40.60    48.60     27    20.50
   54.00      6    40.60    35.10     27    20.50
   55.00   -999    40.40    36.70     23    23.00
   55.00      1    58.20    48.20     23    23.00
   55.00      2    58.20    48.20     23    23.00
   55.00      3    61.70    48.20     23    23.00
   55.00      4    51.80    48.20     23    23.00
   55.00      5    41.20    15.40     23    23.00
   55.00      6    39.80    36.00     23    23.00
   58.00   -999    55.20    58.70     65    55.67
   58.00      1    55.67    59.53     65    55.67
   58.00      2    55.90    58.23     65    55.67
   58.00      3    56.13    59.07     65    55.67
   58.00      4    62.03    57.30     65    55.67
   58.00      5    54.93    61.20     65    55.67
   58.00      6    54.87    59.53     65    55.67
   59.00   -999    47.77    43.00     32    34.00
   59.00      1    52.22    49.85     32    34.00
   59.00      2    54.04    50.03     32    34.00
   59.00      3    52.36    53.38     32    34.00
   59.00      4    54.05    46.31     32    34.00
   59.00      5    44.68    45.56     32    34.00
   59.00      6    44.47    40.63     32    34.00
   61.00   -999    42.90    32.60     38    23.00
   61.00      1    46.00    27.00     38    23.00
   61.00      2    51.10    41.80     38    23.00
   61.00      3    45.00    34.80     38    23.00
   61.00      4    57.20    48.70     38    23.00
   61.00      5    41.80     4.30     38    23.00
   61.00      6    38.80    28.10     38    23.00
   62.00   -999    40.40    28.40     37    20.22
   62.00      1    48.49    32.01     37    20.22
   62.00      2    51.13    47.36     37    20.22
   62.00      3    47.08    45.82     37    20.22
   62.00      4    50.41    48.03     37    20.22
   62.00      5    42.91    11.89     37    20.22
   62.00      6    37.80    26.00     37    20.22
   63.00   -999    38.90    18.60     24    22.00
   63.00      1    43.00    30.70     24    22.00
   63.00      2    45.70    41.80     24    22.00
   63.00      3    38.30    34.80     24    22.00
   63.00      4    56.00    48.70     24    22.00
   63.00      5    38.30     4.30     24    22.00
   63.00      6    38.30    17.70     24    22.00
   64.00   -999    43.10    20.20     28    28.00
   64.00      1    44.10     4.30     28    28.00
   64.00      2    47.20    41.80     28    28.00
   64.00      3    38.30    34.80     28    28.00
   64.00      4    56.00    48.70     28    28.00
   64.00      5    41.80     4.30     28    28.00
   64.00      6    38.60    20.20     28    28.00
   71.00   -999    34.30    15.90     34    30.00
   71.00      1    57.80    61.80     34    30.00
   71.00      2    59.40    59.10     34    30.00
   71.00      3    51.70    67.10     34    30.00
   71.00      4    60.30    51.00     34    30.00
   71.00      5    32.80    29.60     34    30.00
   71.00      6    32.80    10.10     34    30.00
   72.00   -999    37.17    26.66     40    31.67
   72.00      1    51.53    59.10     40    31.67
   72.00      2    53.27    59.28     40    31.67
   72.00      3    47.76    58.75     40    31.67
   72.00      4    58.06    51.23     40    31.67
   72.00      5    38.21    28.31     40    31.67
   72.00      6    36.55    25.58     40    31.67
   73.00   -999    26.20    19.40     28    27.00
   73.00      1    39.10    51.70     28    27.00
   73.00      2    45.00    51.70     28    27.00
   73.00      3    24.50    16.30     28    27.00
   73.00      4    58.60    51.70     28    27.00
   73.00      5    24.50    16.30     28    27.00
   73.00      6    24.50    16.30     28    27.00
   74.00   -999    31.55    37.00     42    32.50
   74.00      1    39.10    38.80     42    32.50
   74.00      2    44.90    42.35     42    32.50
   74.00      3    38.30    37.00     42    32.50
   74.00      4    58.60    47.70     42    32.50
   74.00      5    31.45    37.00     42    32.50
   74.00      6    31.45    37.00     42    32.50
   75.00   -999    32.55    25.10     34    33.00
   75.00      1    51.95    44.50     34    33.00
   75.00      2    52.70    45.75     34    33.00
   75.00      3    47.90    45.00     34    33.00
   75.00      4    54.00    51.35     34    33.00
   75.00      5    55.10    25.95     34    33.00
   75.00      6    27.95    23.30     34    33.00
   76.00   -999    35.10    31.10     27    31.00
   76.00      1    35.80    38.10     27    31.00
   76.00      2    35.80    44.70     27    31.00
   76.00      3    35.80    38.30     27    31.00
   76.00      4    35.80    51.00     27    31.00
   76.00      5    35.00    31.30     27    31.00
   76.00      6    34.50    30.00     27    31.00
   77.00   -999    30.20    32.80     28    29.50
   77.00      1    46.25    53.70     28    29.50
   77.00      2    49.70    53.85     28    29.50
   77.00      3    32.55    59.40     28    29.50
   77.00      4    56.50    51.35     28    29.50
   77.00      5    27.75    32.55     28    29.50
   77.00      6    26.55    30.95     28    29.50
   81.00   -999    38.75    30.60     29    31.00
   81.00      1    50.30    40.20     29    31.00
   81.00      2    55.20    49.80     29    31.00
   81.00      3    52.65    45.55     29    31.00
   81.00      4    58.00    51.35     29    31.00
   81.00      5    41.85    27.90     29    31.00
   81.00      6    33.00    27.60     29    31.00
   83.00   -999    32.46    25.17     37    34.33
   83.00      1    55.17    44.60     37    34.33
   83.00      2    56.79    48.77     37    34.33
   83.00      3    51.91    41.98     37    34.33
   83.00      4    62.43    51.17     37    34.33
   83.00      5    33.68    24.76     37    34.33
   83.00      6    31.38    24.56     37    34.33
   84.00   -999    39.35    34.35     43    33.60
   84.00      1    50.98    49.30     43    33.60
   84.00      2    52.34    50.27     43    33.60
   84.00      3    48.88    48.31     43    33.60
   84.00      4    58.64    51.19     43    33.60
   84.00      5    42.50    35.34     43    33.60
   84.00      6    37.35    33.68     43    33.60
   85.00   -999    43.10    34.65     38    33.00
   85.00      1    48.65    40.00     38    33.00
   85.00      2    53.20    44.55     38    33.00
   85.00      3    49.35    36.15     38    33.00
   85.00      4    56.55    51.35     38    33.00
   85.00      5    39.65    32.30     38    33.00
   85.00      6    39.35    32.30     38    33.00
   86.00   -999    67.20    65.70     46    52.00
   86.00      1    66.30    68.10     46    52.00
   86.00      2    65.60    68.10     46    52.00
   86.00      3    67.50    68.10     46    52.00
   86.00      4    62.70    68.10     46    52.00
   86.00      5    68.20    65.20     46    52.00
   86.00      6    68.20    65.20     46    52.00
   89.00   -999    31.75    24.65     28    25.00
   89.00      1    58.25    46.35     28    25.00
   89.00      2    59.00    51.15     28    25.00
   89.00      3    52.90    45.80     28    25.00
   89.00      4    59.00    51.35     28    25.00
   89.00      5    32.15    26.20     28    25.00
   89.00      6    29.40    22.10     28    25.00
   90.00   -999    30.90    25.40     30    30.00
   90.00      1    44.10    25.40     30    30.00
   90.00      2    48.00    25.40     30    30.00
   90.00      3    30.20    25.40     30    30.00
   90.00      4    58.60    51.70     30    30.00
   90.00      5    55.10    25.40     30    30.00
   90.00      6    30.30    25.40     30    30.00
   92.00   -999    40.45    27.60     42    39.00
   92.00      1    52.15    58.25     42    39.00
   92.00      2    55.95    58.05     42    39.00
   92.00      3    52.90    59.40     42    39.00
   92.00      4    59.00    51.35     42    39.00
   92.00      5    40.70    28.05     42    39.00
   92.00      6    39.70    26.10     42    39.00
   93.00   -999    39.40    30.00     31    29.00
   93.00      1    59.90    63.90     31    29.00
   93.00      2    59.60    61.70     31    29.00
   93.00      3    61.50    67.10     31    29.00
   93.00      4    59.10    51.00     31    29.00
   93.00      5    55.10    28.80     31    29.00
   93.00      6    33.90    28.80     31    29.00
   94.00   -999    42.20    32.60     31    29.00
   94.00      1    59.40    42.20     31    29.00
   94.00      2    59.40    38.30     31    29.00
   94.00      3    59.40    38.30     31    29.00
   94.00      4    59.40    51.00     31    29.00
   94.00      5    46.80    46.00     31    29.00
   94.00      6    31.90    32.20     31    29.00
   95.00   -999    38.02    23.16     34    31.67
   95.00      1    54.07    50.40     34    31.67
   95.00      2    55.33    51.32     34    31.67
   95.00      3    50.35    51.02     34    31.67
   95.00      4    57.70    51.00     34    31.67
   95.00      5    38.87    22.95     34    31.67
   95.00      6    36.06    21.33     34    31.67
   96.00   -999    31.08    19.71     36    32.33
   96.00      1    41.57    32.27     36    32.33
   96.00      2    45.37    39.53     36    32.33
   96.00      3    40.29    25.68     36    32.33
   96.00      4    58.60    51.70     36    32.33
   96.00      5    32.97    24.39     36    32.33
   96.00      6    30.61    19.26     36    32.33
   97.00   -999    30.10    27.20     20    29.00
   97.00      1    54.80    48.20     20    29.00
   97.00      2    50.30    48.20     20    29.00
   97.00      3    61.70    48.20     20    29.00
   97.00      4    29.70    48.20     20    29.00
   97.00      5    29.70    15.40     20    29.00
   97.00      6    29.70    27.00     20    29.00
   98.00   -999    38.00    43.93     36    34.00
   98.00      1    51.40    50.90     36    34.00
   98.00      2    51.93    51.07     36    34.00
   98.00      3    46.40    50.40     36    34.00
   98.00      4    58.60    51.27     36    34.00
   98.00      5    42.53    50.40     36    34.00
   98.00      6    37.17    43.67     36    34.00
   99.00   -999    32.65    26.75     38    25.78
   99.00      1    49.27    36.54     38    25.78
   99.00      2    48.29    42.33     38    25.78
   99.00      3    55.51    45.03     38    25.78
   99.00      4    41.60    36.11     38    25.78
   99.00      5    43.29    28.75     38    25.78
   99.00      6    31.62    26.22     38    25.78
  101.00   -999    49.00    63.90   -999  -999.00
  101.00      1    49.00    44.10   -999  -999.00
  101.00      2    49.00    44.10   -999  -999.00
  101.00      3    49.00    44.10   -999  -999.00
  101.00      4    49.00    44.10   -999  -999.00
  101.00      5    49.00    44.10   -999  -999.00
  101.00      6    49.00    63.90   -999  -999.00
  200.00   -999    69.90    67.03   -999  -999.00
  200.00      1    75.18    70.38   -999  -999.00
  200.00      2    75.42    72.03   -999  -999.00
  200.00      3    75.98    72.10   -999  -999.00
  200.00      4    75.11    72.37   -999  -999.00
  200.00      5    69.59    65.47   -999  -999.00
  200.00      6    69.28    66.52   -999  -999.00
  201.00   -999    71.26    67.98   -999  -999.00
  201.00      1    73.46    74.14   -999  -999.00
  201.00      2    73.98    74.72   -999  -999.00
  201.00      3    71.11    74.84   -999  -999.00
  201.00      4    76.81    74.35   -999  -999.00
  201.00      5    71.10    67.30   -999  -999.00
  201.00      6    69.76    65.50   -999  -999.00
  202.00   -999    58.38    62.92   -999  -999.00
  202.00      1    59.21    60.00   -999  -999.00
  202.00      2    59.89    56.30   -999  -999.00
  202.00      3    57.27    55.91   -999  -999.00
  202.00      4    61.56    56.67   -999  -999.00
  202.00      5    58.00    65.96   -999  -999.00
  202.00      6    58.35    64.26   -999  -999.00
  203.00   -999    49.57    52.36   -999  -999.00
  203.00      1    57.56    65.15   -999  -999.00
  203.00      2    59.61    65.93   -999  -999.00
  203.00      3    57.37    68.62   -999  -999.00
  203.00      4    60.84    55.33   -999  -999.00
  203.00      5    49.43    52.57   -999  -999.00
  203.00      6    49.34    52.20   -999  -999.00
  204.00   -999    51.17    48.42   -999  -999.00
  204.00      1    55.68    51.12   -999  -999.00
  204.00      2    57.08    50.79   -999  -999.00
  204.00      3    56.70    51.98   -999  -999.00
  204.00      4    58.98    49.67   -999  -999.00
  204.00      5    49.82    50.84   -999  -999.00
  204.00      6    49.11    48.06   -999  -999.00
  205.00   -999    45.71    41.88   -999  -999.00
  205.00      1    53.35    51.03   -999  -999.00
  205.00      2    53.82    51.68   -999  -999.00
  205.00      3    53.67    52.48   -999  -999.00
  205.00      4    53.34    51.63   -999  -999.00
  205.00      5    44.94    42.35   -999  -999.00
  205.00      6    44.61    41.31   -999  -999.00
  206.00   -999    41.33    24.95   -999  -999.00
  206.00      1    45.40    23.50   -999  -999.00
  206.00      2    48.78    43.19   -999  -999.00
  206.00      3    42.17    37.55   -999  -999.00
  206.00      4    54.90    48.53   -999  -999.00
  206.00      5    41.20     6.20   -999  -999.00
  206.00      6    38.37    23.00   -999  -999.00
  207.00   -999    32.44    26.85   -999  -999.00
  207.00      1    45.93    49.67   -999  -999.00
  207.00      2    48.68    50.96   -999  -999.00
  207.00      3    39.79    45.98   -999  -999.00
  207.00      4    54.55    50.76   -999  -999.00
  207.00      5    34.97    28.72   -999  -999.00
  207.00      6    30.61    24.75   -999  -999.00
  208.00   -999    42.10    35.85   -999  -999.00
  208.00      1    54.94    48.09   -999  -999.00
  208.00      2    57.02    52.11   -999  -999.00
  208.00      3    53.87    47.65   -999  -999.00
  208.00      4    59.55    54.08   -999  -999.00
  208.00      5    43.00    35.28   -999  -999.00
  208.00      6    39.78    34.24   -999  -999.00
  209.00   -999    35.87    28.48   -999  -999.00
  209.00      1    51.85    45.34   -999  -999.00
  209.00      2    52.69    46.21   -999  -999.00
  209.00      3    50.92    45.61   -999  -999.00
  209.00      4    53.59    49.26   -999  -999.00
  209.00      5    42.78    30.02   -999  -999.00
  209.00      6    33.44    27.78   -999  -999.00
  210.00   -999    49.00    63.90   -999  -999.00
  210.00      1    49.00    44.10   -999  -999.00
  210.00      2    49.00    44.10   -999  -999.00
  210.00      3    49.00    44.10   -999  -999.00
  210.00      4    49.00    44.10   -999  -999.00
  210.00      5    49.00    44.10   -999  -999.00
  210.00      6    49.00    63.90   -999  -999.00
