     .00      .00    51.20    53.70  -999.00  -999.00
     .00     1.00    51.20    53.70  -999.00  -999.00
     .00     2.00    51.20    53.70  -999.00  -999.00
    1.00      .00    63.01    62.14  -999.00  -999.00
    1.00     1.00    65.03    67.24  -999.00  -999.00
    1.00     2.00    62.46    61.10  -999.00  -999.00
    2.00      .00    75.12    70.98  -999.00  -999.00
    2.00     1.00    75.88    76.22  -999.00  -999.00
    2.00     2.00    74.96    70.55  -999.00  -999.00
    3.00      .00    59.51    55.07  -999.00  -999.00
    3.00     1.00    65.46    59.53  -999.00  -999.00
    3.00     2.00    58.58    54.84  -999.00  -999.00
    4.00      .00    51.95    51.38  -999.00  -999.00
    4.00     1.00    60.21    62.52  -999.00  -999.00
    4.00     2.00    51.28    50.63  -999.00  -999.00
    5.00      .00    52.39    45.24  -999.00  -999.00
    5.00     1.00    59.23    51.65  -999.00  -999.00
    5.00     2.00    47.85    42.38  -999.00  -999.00
    6.00      .00    34.36    33.89  -999.00  -999.00
    6.00     1.00    41.16    51.10  -999.00  -999.00
    6.00     2.00    25.23    26.74  -999.00  -999.00
    7.00      .00    42.40    37.73  -999.00  -999.00
    7.00     1.00    49.48    47.09  -999.00  -999.00
    7.00     2.00    40.85    36.45  -999.00  -999.00
    8.00      .00    39.17    30.67  -999.00  -999.00
    8.00     1.00    49.16    37.68  -999.00  -999.00
    8.00     2.00    37.56    30.36  -999.00  -999.00
    9.00      .00    31.66    28.01  -999.00  -999.00
    9.00     1.00    42.21    39.80  -999.00  -999.00
    9.00     2.00    30.74    27.73  -999.00  -999.00
   11.00      .00    66.66    69.40  -999.00  -999.00
   11.00     1.00    66.10    66.98  -999.00  -999.00
   11.00     2.00    66.66    69.40  -999.00  -999.00
   12.00      .00    62.41    61.70  -999.00  -999.00
   12.00     1.00    68.14    72.31  -999.00  -999.00
   12.00     2.00    61.59    60.71  -999.00  -999.00
   13.00      .00    64.55    62.67  -999.00  -999.00
   13.00     1.00    62.59    64.16  -999.00  -999.00
   13.00     2.00    67.25    61.30  -999.00  -999.00
   21.00      .00    76.22    74.70  -999.00  -999.00
   21.00     1.00    78.57    77.98  -999.00  -999.00
   21.00     2.00    75.73    74.16  -999.00  -999.00
   22.00      .00    80.04    82.56  -999.00  -999.00
   22.00     1.00    77.80    80.90  -999.00  -999.00
   22.00     2.00    80.55    82.98  -999.00  -999.00
   23.00      .00    73.39    68.33  -999.00  -999.00
   23.00     1.00    62.46    76.95  -999.00  -999.00
   23.00     2.00    73.68    68.25  -999.00  -999.00
   24.00      .00    73.58    72.47  -999.00  -999.00
   24.00     1.00    74.68    73.68  -999.00  -999.00
   24.00     2.00    73.08    72.19  -999.00  -999.00
   31.00      .00    59.54    56.01  -999.00  -999.00
   31.00     1.00    65.06    50.41  -999.00  -999.00
   31.00     2.00    58.95    56.33  -999.00  -999.00
   32.00      .00    55.95    53.18  -999.00  -999.00
   32.00     1.00    64.50    64.94  -999.00  -999.00
   32.00     2.00    54.24    52.90  -999.00  -999.00
   33.00      .00    60.90    53.51  -999.00  -999.00
   33.00     1.00    60.90    56.80  -999.00  -999.00
   33.00     2.00    60.90    53.37  -999.00  -999.00
   34.00      .00    59.77    56.06  -999.00  -999.00
   34.00     1.00    66.20    60.57  -999.00  -999.00
   34.00     2.00    58.48    55.74  -999.00  -999.00
   41.00      .00    51.58    51.63  -999.00  -999.00
   41.00     1.00    60.77    63.53  -999.00  -999.00
   41.00     2.00    50.84    50.74  -999.00  -999.00
   42.00      .00    55.40    50.06  -999.00  -999.00
   42.00     1.00    55.40    50.54  -999.00  -999.00
   42.00     2.00    55.40    50.05  -999.00  -999.00
   51.00      .00    47.15    43.91  -999.00  -999.00
   51.00     1.00    52.57    50.78  -999.00  -999.00
   51.00     2.00    45.48    41.43  -999.00  -999.00
   52.00      .00    58.42    46.19  -999.00  -999.00
   52.00     1.00    62.30    52.13  -999.00  -999.00
   52.00     2.00    52.90    43.14  -999.00  -999.00
   61.00      .00    34.36    33.89  -999.00  -999.00
   61.00     1.00    41.16    51.10  -999.00  -999.00
   61.00     2.00    25.23    26.74  -999.00  -999.00
   71.00      .00    38.94    45.31  -999.00  -999.00
   71.00     1.00    44.74    53.00  -999.00  -999.00
   71.00     2.00    36.81    40.76  -999.00  -999.00
   72.00      .00    42.23    38.71  -999.00  -999.00
   72.00     1.00    51.22    50.24  -999.00  -999.00
   72.00     2.00    41.00    37.69  -999.00  -999.00
   73.00      .00    51.77    37.82  -999.00  -999.00
   73.00     1.00    60.11    48.07  -999.00  -999.00
   73.00     2.00    48.47    36.85  -999.00  -999.00
   74.00      .00    40.92    34.13  -999.00  -999.00
   74.00     1.00    50.51    45.98  -999.00  -999.00
   74.00     2.00    37.98    31.95  -999.00  -999.00
   75.00      .00    50.07    46.55  -999.00  -999.00
   75.00     1.00    64.20    45.40  -999.00  -999.00
   75.00     2.00    49.09    46.60  -999.00  -999.00
   81.00      .00    38.61    32.10  -999.00  -999.00
   81.00     1.00    48.70    37.26  -999.00  -999.00
   81.00     2.00    38.43    32.10  -999.00  -999.00
   82.00      .00    36.22    30.67  -999.00  -999.00
   82.00     1.00    48.70    38.05  -999.00  -999.00
   82.00     2.00    35.41    30.46  -999.00  -999.00
   83.00      .00    40.02    29.64  -999.00  -999.00
   83.00     1.00    49.21    37.21  -999.00  -999.00
   83.00     2.00    38.12    26.78  -999.00  -999.00
   91.00      .00    34.38    28.91  -999.00  -999.00
   91.00     1.00    29.40    39.80  -999.00  -999.00
   91.00     2.00    34.56    28.73  -999.00  -999.00
   92.00      .00    23.50     1.00  -999.00  -999.00
   92.00     1.00    23.50     1.00  -999.00  -999.00
   92.00     2.00    23.50     1.00  -999.00  -999.00
   93.00      .00    30.58    26.50  -999.00  -999.00
   93.00     1.00    46.27    39.80  -999.00  -999.00
   93.00     2.00    28.28    25.48  -999.00  -999.00
  110.00      .00    51.20    53.70  -999.00  -999.00
  110.00     1.00    51.20    53.70  -999.00  -999.00
  110.00     2.00    51.20    53.70  -999.00  -999.00
  111.00      .00    72.50    67.95  -999.00  -999.00
  111.00     1.00    65.20    66.50  -999.00  -999.00
  111.00     2.00    72.50    69.40  -999.00  -999.00
  112.00      .00    72.50    69.40  -999.00  -999.00
  112.00     1.00    72.50    66.50  -999.00  -999.00
  112.00     2.00    72.50    69.40  -999.00  -999.00
  113.00      .00    63.30    69.40  -999.00  -999.00
  113.00     1.00    63.30    69.40  -999.00  -999.00
  113.00     2.00    63.30    69.40  -999.00  -999.00
  114.00      .00    72.50    69.40  -999.00  -999.00
  114.00     1.00    65.20    66.50  -999.00  -999.00
  114.00     2.00    72.50    69.40  -999.00  -999.00
  121.00      .00    72.72    70.07  -999.00  -999.00
  121.00     1.00    70.30    74.70  -999.00  -999.00
  121.00     2.00    73.80    68.60  -999.00  -999.00
  122.00      .00    61.88    57.91  -999.00  -999.00
  122.00     1.00    62.35    68.70  -999.00  -999.00
  122.00     2.00    61.80    56.71  -999.00  -999.00
  123.00      .00    68.40    64.17  -999.00  -999.00
  123.00     1.00    74.70    74.15  -999.00  -999.00
  123.00     2.00    67.79    63.77  -999.00  -999.00
  125.00      .00    51.18    53.70  -999.00  -999.00
  125.00     1.00    51.20    53.70  -999.00  -999.00
  125.00     2.00    51.18    53.70  -999.00  -999.00
  131.00      .00    64.55    62.67  -999.00  -999.00
  131.00     1.00    62.59    64.16  -999.00  -999.00
  131.00     2.00    67.25    61.30  -999.00  -999.00
  211.00      .00    95.10    65.60  -999.00  -999.00
  211.00     1.00    77.70    74.60  -999.00  -999.00
  211.00     2.00    95.10    65.60  -999.00  -999.00
  212.00      .00    95.10    65.60  -999.00  -999.00
  212.00     1.00    95.10    65.60  -999.00  -999.00
  212.00     2.00    95.10    65.60  -999.00  -999.00
  213.00      .00    80.37    72.30  -999.00  -999.00
  213.00     1.00    86.00    72.30  -999.00  -999.00
  213.00     2.00    79.82    72.30  -999.00  -999.00
  214.00      .00    74.37    76.97  -999.00  -999.00
  214.00     1.00    77.78    79.57  -999.00  -999.00
  214.00     2.00    73.56    76.47  -999.00  -999.00
  221.00      .00    82.00    85.20  -999.00  -999.00
  221.00     1.00    77.80    80.90  -999.00  -999.00
  221.00     2.00    82.00    85.20  -999.00  -999.00
  222.00      .00    79.92    82.64  -999.00  -999.00
  222.00     1.00    77.80    80.90  -999.00  -999.00
  222.00     2.00    80.44    83.13  -999.00  -999.00
  223.00      .00    79.10    75.30  -999.00  -999.00
  223.00     1.00    77.80    80.90  -999.00  -999.00
  223.00     2.00    80.40    75.30  -999.00  -999.00
  231.00      .00    89.20    91.70  -999.00  -999.00
  231.00     1.00    89.20    91.70  -999.00  -999.00
  231.00     2.00    89.20    91.70  -999.00  -999.00
  232.00      .00    70.32    77.58  -999.00  -999.00
  232.00     1.00    62.04    78.70  -999.00  -999.00
  232.00     2.00    70.59    77.57  -999.00  -999.00
  233.00      .00    71.50    64.04  -999.00  -999.00
  233.00     1.00    71.50    62.80  -999.00  -999.00
  233.00     2.00    71.50    64.04  -999.00  -999.00
  234.00      .00    58.50    73.90  -999.00  -999.00
  234.00     1.00    58.50    73.90  -999.00  -999.00
  234.00     2.00    58.50    73.90  -999.00  -999.00
  235.00      .00    59.89    74.34  -999.00  -999.00
  235.00     1.00    58.50    74.40  -999.00  -999.00
  235.00     2.00    60.07    74.33  -999.00  -999.00
  240.00      .00    74.45    70.07  -999.00  -999.00
  240.00     1.00    71.70    69.70  -999.00  -999.00
  240.00     2.00    75.20    70.10  -999.00  -999.00
  241.00      .00    66.09    65.39  -999.00  -999.00
  241.00     1.00    65.36    69.70  -999.00  -999.00
  241.00     2.00    66.34    64.25  -999.00  -999.00
  242.00      .00    80.31    78.40  -999.00  -999.00
  242.00     1.00    82.80    78.40  -999.00  -999.00
  242.00     2.00    78.20    78.40  -999.00  -999.00
  243.00      .00    77.50    74.40  -999.00  -999.00
  243.00     1.00    77.50    74.40  -999.00  -999.00
  243.00     2.00    77.50    74.40  -999.00  -999.00
  244.00      .00    84.26    81.11  -999.00  -999.00
  244.00     1.00    84.64    79.04  -999.00  -999.00
  244.00     2.00    84.19    81.41  -999.00  -999.00
  245.00      .00    75.70    74.81  -999.00  -999.00
  245.00     1.00    77.21    74.62  -999.00  -999.00
  245.00     2.00    74.14    74.92  -999.00  -999.00
  246.00      .00    79.60    78.10  -999.00  -999.00
  246.00     1.00    73.90    69.70  -999.00  -999.00
  246.00     2.00    79.60    78.10  -999.00  -999.00
  311.00      .00    61.16    61.13  -999.00  -999.00
  311.00     1.00    68.37    51.10  -999.00  -999.00
  311.00     2.00    60.24    61.72  -999.00  -999.00
  312.00      .00    59.62    58.04  -999.00  -999.00
  312.00     1.00    59.77    51.10  -999.00  -999.00
  312.00     2.00    59.61    58.62  -999.00  -999.00
  313.00      .00    63.60    53.55  -999.00  -999.00
  313.00     1.00    68.40    51.10  -999.00  -999.00
  313.00     2.00    58.80    56.00  -999.00  -999.00
  314.00      .00    54.30    58.08  -999.00  -999.00
  314.00     1.00    54.30    51.10  -999.00  -999.00
  314.00     2.00    54.30    58.50  -999.00  -999.00
  315.00      .00    54.70    47.80  -999.00  -999.00
  315.00     1.00    54.06    47.80  -999.00  -999.00
  315.00     2.00    54.73    47.80  -999.00  -999.00
  321.00      .00    61.60    60.40  -999.00  -999.00
  321.00     1.00    67.20    67.90  -999.00  -999.00
  321.00     2.00    56.00    52.90  -999.00  -999.00
  322.00      .00    58.66    58.20  -999.00  -999.00
  322.00     1.00    63.43    67.90  -999.00  -999.00
  322.00     2.00    57.02    57.88  -999.00  -999.00
  323.00      .00    51.90    48.45  -999.00  -999.00
  323.00     1.00    51.90    47.95  -999.00  -999.00
  323.00     2.00    51.90    48.46  -999.00  -999.00
  324.00      .00    68.40    67.90  -999.00  -999.00
  324.00     1.00    68.40    67.90  -999.00  -999.00
  324.00     2.00    56.00    52.90  -999.00  -999.00
  331.00      .00    60.90    56.80  -999.00  -999.00
  331.00     1.00    67.20    56.80  -999.00  -999.00
  331.00     2.00    60.90    56.80  -999.00  -999.00
  332.00      .00    60.90    50.30  -999.00  -999.00
  332.00     1.00    67.20    50.30  -999.00  -999.00
  332.00     2.00    60.90    50.30  -999.00  -999.00
  333.00      .00    64.05    56.80  -999.00  -999.00
  333.00     1.00    67.20    60.90  -999.00  -999.00
  333.00     2.00    60.90    56.80  -999.00  -999.00
  334.00      .00    60.90    56.80  -999.00  -999.00
  334.00     1.00    60.90    56.80  -999.00  -999.00
  334.00     2.00    60.90    56.80  -999.00  -999.00
  340.00      .00    54.60    57.57  -999.00  -999.00
  340.00     1.00    54.60    76.10  -999.00  -999.00
  340.00     2.00    54.60    55.50  -999.00  -999.00
  341.00      .00    59.54    56.13  -999.00  -999.00
  341.00     1.00    65.23    57.55  -999.00  -999.00
  341.00     2.00    58.29    55.99  -999.00  -999.00
  342.00      .00    72.50    58.80  -999.00  -999.00
  342.00     1.00    72.50    58.56  -999.00  -999.00
  342.00     2.00    72.50    58.81  -999.00  -999.00
  343.00      .00    68.44    55.53  -999.00  -999.00
  343.00     1.00    70.10    56.35  -999.00  -999.00
  343.00     2.00    67.70    55.49  -999.00  -999.00
  344.00      .00    57.80    53.40  -999.00  -999.00
  344.00     1.00    57.80    53.40  -999.00  -999.00
  344.00     2.00    57.80    53.40  -999.00  -999.00
  345.00      .00    43.80    53.40  -999.00  -999.00
  345.00     1.00    56.60    62.10  -999.00  -999.00
  345.00     2.00    43.38    53.40  -999.00  -999.00
  346.00      .00    64.60    44.20  -999.00  -999.00
  346.00     1.00    66.50    44.20  -999.00  -999.00
  346.00     2.00    64.60    44.20  -999.00  -999.00
  347.00      .00    70.00    74.10  -999.00  -999.00
  347.00     1.00    70.00    74.10  -999.00  -999.00
  347.00     2.00    70.00    74.10  -999.00  -999.00
  348.00      .00    62.55    44.20  -999.00  -999.00
  348.00     1.00    66.50    62.10  -999.00  -999.00
  348.00     2.00    58.60    44.20  -999.00  -999.00
  411.00      .00    65.10    51.86  -999.00  -999.00
  411.00     1.00    65.10    66.30  -999.00  -999.00
  411.00     2.00    65.10    51.06  -999.00  -999.00
  412.00      .00    67.50    53.02  -999.00  -999.00
  412.00     1.00    67.50    63.60  -999.00  -999.00
  412.00     2.00    67.50    51.75  -999.00  -999.00
  413.00      .00    46.80    41.70  -999.00  -999.00
  413.00     1.00    51.20    64.70  -999.00  -999.00
  413.00     2.00    46.80    41.70  -999.00  -999.00
  414.00      .00    43.86    38.27  -999.00  -999.00
  414.00     1.00    46.80    41.70  -999.00  -999.00
  414.00     2.00    43.77    38.16  -999.00  -999.00
  419.00      .00    57.00    55.50  -999.00  -999.00
  419.00     1.00    57.00    55.50  -999.00  -999.00
  419.00     2.00    57.00    55.50  -999.00  -999.00
  421.00      .00    55.40    50.40  -999.00  -999.00
  421.00     1.00    55.40    50.40  -999.00  -999.00
  421.00     2.00    55.40    50.40  -999.00  -999.00
  422.00      .00    55.40    49.18  -999.00  -999.00
  422.00     1.00    55.40    50.82  -999.00  -999.00
  422.00     2.00    55.40    49.12  -999.00  -999.00
  510.00      .00    45.60    46.30  -999.00  -999.00
  510.00     1.00    45.60    46.30  -999.00  -999.00
  510.00     2.00    45.60    46.30  -999.00  -999.00
  511.00      .00    40.83    38.50  -999.00  -999.00
  511.00     1.00    38.83    38.50  -999.00  -999.00
  511.00     2.00    40.93    38.50  -999.00  -999.00
  512.00      .00    51.82    40.98  -999.00  -999.00
  512.00     1.00    54.80    47.30  -999.00  -999.00
  512.00     2.00    49.35    39.42  -999.00  -999.00
  513.00      .00    48.50    41.80  -999.00  -999.00
  513.00     1.00    51.62    49.24  -999.00  -999.00
  513.00     2.00    48.50    41.80  -999.00  -999.00
  514.00      .00    50.75    50.59  -999.00  -999.00
  514.00     1.00    56.30    52.40  -999.00  -999.00
  514.00     2.00    46.51    47.16  -999.00  -999.00
  515.00      .00    48.75    46.10  -999.00  -999.00
  515.00     1.00    52.40    51.10  -999.00  -999.00
  515.00     2.00    45.10    41.10  -999.00  -999.00
  516.00      .00    44.92    46.30  -999.00  -999.00
  516.00     1.00    41.90    51.10  -999.00  -999.00
  516.00     2.00    45.24    46.30  -999.00  -999.00
  521.00      .00    70.00    74.10  -999.00  -999.00
  521.00     1.00    62.30    74.10  -999.00  -999.00
  521.00     2.00    70.00    74.10  -999.00  -999.00
  522.00      .00    58.37    46.10  -999.00  -999.00
  522.00     1.00    62.30    52.10  -999.00  -999.00
  522.00     2.00    52.80    43.00  -999.00  -999.00
  523.00      .00    59.45    45.65  -999.00  -999.00
  523.00     1.00    62.30    52.10  -999.00  -999.00
  523.00     2.00    52.80    43.00  -999.00  -999.00
  611.00      .00    34.72    40.71  -999.00  -999.00
  611.00     1.00    40.00    51.10  -999.00  -999.00
  611.00     2.00    27.90    36.70  -999.00  -999.00
  612.00      .00    27.09    21.37  -999.00  -999.00
  612.00     1.00    41.70    51.10  -999.00  -999.00
  612.00     2.00    21.86    14.43  -999.00  -999.00
  613.00      .00    40.92    39.96  -999.00  -999.00
  613.00     1.00    41.70    51.10  -999.00  -999.00
  613.00     2.00    27.30    30.80  -999.00  -999.00
  614.00      .00    33.51    33.92  -999.00  -999.00
  614.00     1.00    41.70    51.10  -999.00  -999.00
  614.00     2.00    29.90    30.80  -999.00  -999.00
  615.00      .00    27.95    30.80  -999.00  -999.00
  615.00     1.00    41.70    51.10  -999.00  -999.00
  615.00     2.00    27.30    30.80  -999.00  -999.00
  711.00      .00    37.42    36.60  -999.00  -999.00
  711.00     1.00    52.80    53.00  -999.00  -999.00
  711.00     2.00    34.35    36.60  -999.00  -999.00
  712.00      .00    33.98    46.70  -999.00  -999.00
  712.00     1.00    42.15    53.00  -999.00  -999.00
  712.00     2.00    30.58    36.20  -999.00  -999.00
  713.00      .00    42.47    46.52  -999.00  -999.00
  713.00     1.00    46.17    53.00  -999.00  -999.00
  713.00     2.00    41.39    44.36  -999.00  -999.00
  714.00      .00    40.36    39.56  -999.00  -999.00
  714.00     1.00    44.80    53.00  -999.00  -999.00
  714.00     2.00    37.30    36.20  -999.00  -999.00
  720.00      .00    38.79    38.70  -999.00  -999.00
  720.00     1.00    47.50    38.70  -999.00  -999.00
  720.00     2.00    37.40    38.70  -999.00  -999.00
  721.00      .00    39.00    36.20  -999.00  -999.00
  721.00     1.00    47.50    36.20  -999.00  -999.00
  721.00     2.00    38.35    36.20  -999.00  -999.00
  722.00      .00    40.31    35.11  -999.00  -999.00
  722.00     1.00    48.91    49.95  -999.00  -999.00
  722.00     2.00    39.33    33.65  -999.00  -999.00
  723.00      .00    43.53    42.76  -999.00  -999.00
  723.00     1.00    51.70    53.00  -999.00  -999.00
  723.00     2.00    42.30    40.20  -999.00  -999.00
  724.00      .00    49.66    42.31  -999.00  -999.00
  724.00     1.00    56.58    53.00  -999.00  -999.00
  724.00     2.00    47.93    41.41  -999.00  -999.00
  731.00      .00    52.75    47.40  -999.00  -999.00
  731.00     1.00    61.35    47.40  -999.00  -999.00
  731.00     2.00    49.66    47.40  -999.00  -999.00
  732.00      .00    52.15    39.21  -999.00  -999.00
  732.00     1.00    58.40    53.00  -999.00  -999.00
  732.00     2.00    49.20    38.00  -999.00  -999.00
  733.00      .00    44.47    30.03  -999.00  -999.00
  733.00     1.00    58.40    53.00  -999.00  -999.00
  733.00     2.00    35.00    27.27  -999.00  -999.00
  734.00      .00    54.30    36.99  -999.00  -999.00
  734.00     1.00    58.50    42.04  -999.00  -999.00
  734.00     2.00    53.10    36.51  -999.00  -999.00
  741.00      .00    39.68    33.62  -999.00  -999.00
  741.00     1.00    54.80    46.70  -999.00  -999.00
  741.00     2.00    37.09    32.30  -999.00  -999.00
  742.00      .00    40.12    36.20  -999.00  -999.00
  742.00     1.00    44.80    53.00  -999.00  -999.00
  742.00     2.00    38.30    33.40  -999.00  -999.00
  743.00      .00    45.00    34.64  -999.00  -999.00
  743.00     1.00    56.40    45.55  -999.00  -999.00
  743.00     2.00    39.30    32.30  -999.00  -999.00
  744.00      .00    42.83    31.30  -999.00  -999.00
  744.00     1.00    56.40    45.40  -999.00  -999.00
  744.00     2.00    39.30    28.90  -999.00  -999.00
  751.00      .00    55.95    56.18  -999.00  -999.00
  751.00     1.00    64.20    45.40  -999.00  -999.00
  751.00     2.00    55.20    57.70  -999.00  -999.00
  752.00      .00    42.62    43.40  -999.00  -999.00
  752.00     1.00    64.20    45.40  -999.00  -999.00
  752.00     2.00    41.70    43.40  -999.00  -999.00
  811.00      .00    36.91    32.10  -999.00  -999.00
  811.00     1.00    48.70    38.30  -999.00  -999.00
  811.00     2.00    35.60    32.10  -999.00  -999.00
  812.00      .00    36.34    32.10  -999.00  -999.00
  812.00     1.00    48.70    32.10  -999.00  -999.00
  812.00     2.00    35.60    32.10  -999.00  -999.00
  813.00      .00    36.10    32.10  -999.00  -999.00
  813.00     1.00    36.10    38.30  -999.00  -999.00
  813.00     2.00    36.10    32.10  -999.00  -999.00
  814.00      .00    43.85    35.20  -999.00  -999.00
  814.00     1.00    49.20    38.30  -999.00  -999.00
  814.00     2.00    38.50    32.10  -999.00  -999.00
  815.00      .00    42.70    32.10  -999.00  -999.00
  815.00     1.00    42.70    38.30  -999.00  -999.00
  815.00     2.00    42.70    32.10  -999.00  -999.00
  816.00      .00    39.44    32.10  -999.00  -999.00
  816.00     1.00    38.70    38.30  -999.00  -999.00
  816.00     2.00    39.44    32.10  -999.00  -999.00
  817.00      .00    43.85    35.20  -999.00  -999.00
  817.00     1.00    49.20    38.30  -999.00  -999.00
  817.00     2.00    38.50    32.10  -999.00  -999.00
  821.00      .00    39.15    33.30  -999.00  -999.00
  821.00     1.00    48.70    38.30  -999.00  -999.00
  821.00     2.00    38.51    33.19  -999.00  -999.00
  822.00      .00    43.53    47.10  -999.00  -999.00
  822.00     1.00    48.70    40.06  -999.00  -999.00
  822.00     2.00    43.43    47.10  -999.00  -999.00
  823.00      .00    38.55    22.03  -999.00  -999.00
  823.00     1.00    48.70    38.30  -999.00  -999.00
  823.00     2.00    35.90    21.20  -999.00  -999.00
  824.00      .00    27.01    28.07  -999.00  -999.00
  824.00     1.00    48.70    38.30  -999.00  -999.00
  824.00     2.00    24.30    27.10  -999.00  -999.00
  825.00      .00    46.58    27.80  -999.00  -999.00
  825.00     1.00    48.70    38.30  -999.00  -999.00
  825.00     2.00    46.50    27.10  -999.00  -999.00
  826.00      .00    29.05    28.86  -999.00  -999.00
  826.00     1.00    48.70    38.30  -999.00  -999.00
  826.00     2.00    26.70    28.60  -999.00  -999.00
  827.00      .00    35.88    33.11  -999.00  -999.00
  827.00     1.00    48.70    33.00  -999.00  -999.00
  827.00     2.00    35.50    33.12  -999.00  -999.00
  828.00      .00    42.30    34.40  -999.00  -999.00
  828.00     1.00    49.20    38.30  -999.00  -999.00
  828.00     2.00    35.40    30.50  -999.00  -999.00
  829.00      .00    34.20    34.13  -999.00  -999.00
  829.00     1.00    48.70    38.30  -999.00  -999.00
  829.00     2.00    33.80    34.00  -999.00  -999.00
  830.00      .00    42.64    33.80  -999.00  -999.00
  830.00     1.00    48.70    38.30  -999.00  -999.00
  830.00     2.00    37.80    29.30  -999.00  -999.00
  831.00      .00    45.10    33.80  -999.00  -999.00
  831.00     1.00    47.15    38.30  -999.00  -999.00
  831.00     2.00    45.10    29.30  -999.00  -999.00
  832.00      .00    42.94    38.40  -999.00  -999.00
  832.00     1.00    50.04    38.40  -999.00  -999.00
  832.00     2.00    41.01    38.40  -999.00  -999.00
  833.00      .00    30.51    19.06  -999.00  -999.00
  833.00     1.00    41.60    28.30  -999.00  -999.00
  833.00     2.00    29.73    18.30  -999.00  -999.00
  834.00      .00    38.18    18.30  -999.00  -999.00
  834.00     1.00    41.60    38.30  -999.00  -999.00
  834.00     2.00    37.80    18.30  -999.00  -999.00
  911.00      .00    32.00    34.25  -999.00  -999.00
  911.00     1.00    29.40    39.80  -999.00  -999.00
  911.00     2.00    34.60    28.70  -999.00  -999.00
  913.00      .00    32.70    30.60  -999.00  -999.00
  913.00     1.00    29.40    39.80  -999.00  -999.00
  913.00     2.00    32.70    30.50  -999.00  -999.00
  914.00      .00    32.00    27.17  -999.00  -999.00
  914.00     1.00    29.40    39.80  -999.00  -999.00
  914.00     2.00    32.70    27.00  -999.00  -999.00
  915.00      .00    35.52    37.06  -999.00  -999.00
  915.00     1.00    29.40    38.66  -999.00  -999.00
  915.00     2.00    35.62    37.06  -999.00  -999.00
  916.00      .00    30.48    23.93  -999.00  -999.00
  916.00     1.00    29.40    39.80  -999.00  -999.00
  916.00     2.00    30.50    23.30  -999.00  -999.00
  921.00      .00    23.50     1.00  -999.00  -999.00
  921.00     1.00    23.50     1.00  -999.00  -999.00
  921.00     2.00    23.50     1.00  -999.00  -999.00
  930.00      .00    28.52    26.22  -999.00  -999.00
  930.00     1.00    29.40    39.80  -999.00  -999.00
  930.00     2.00    28.50    24.80  -999.00  -999.00
  931.00      .00    21.15    27.30  -999.00  -999.00
  931.00     1.00    29.40    39.80  -999.00  -999.00
  931.00     2.00    20.80    24.80  -999.00  -999.00
  932.00      .00    40.45    32.70  -999.00  -999.00
  932.00     1.00    52.70    39.80  -999.00  -999.00
  932.00     2.00    28.20    25.60  -999.00  -999.00
  933.00      .00    34.97    26.72  -999.00  -999.00
  933.00     1.00    48.97    39.80  -999.00  -999.00
  933.00     2.00    29.24    26.12  -999.00  -999.00
 1110.00      .00    72.50    67.95    64.00    77.00
 1110.00     1.00    65.20    66.50    64.00    77.00
 1110.00     2.00    72.50    69.40    64.00    77.00
 1120.00      .00    72.50    69.40    71.00    77.00
 1120.00     1.00    72.50    66.50    71.00    77.00
 1120.00     2.00    72.50    69.40    71.00    77.00
 1130.00      .00    63.30    69.40    63.00    66.00
 1130.00     1.00    63.30    69.40    63.00    66.00
 1130.00     2.00    63.30    69.40    63.00    66.00
 1141.00      .00    66.05    67.95    63.00    58.00
 1141.00     1.00    65.20    66.50    63.00    58.00
 1141.00     2.00    66.90    69.40    63.00    58.00
 1142.00      .00    72.50    69.40    63.00    58.00
 1142.00     1.00    65.20    66.50    63.00    58.00
 1142.00     2.00    72.50    69.40    63.00    58.00
 1143.00      .00    72.50    69.40    63.00    58.00
 1143.00     1.00    65.20    66.50    63.00    58.00
 1143.00     2.00    72.50    69.40    63.00    58.00
 1210.00      .00    72.72    70.07    70.00    70.00
 1210.00     1.00    70.30    74.70    70.00    70.00
 1210.00     2.00    73.80    68.60    70.00    70.00
 1221.00      .00    57.61    64.10    60.00    67.00
 1221.00     1.00    63.90    68.70    60.00    67.00
 1221.00     2.00    57.00    64.10    60.00    67.00
 1222.00      .00    59.82    64.28    60.00    67.00
 1222.00     1.00    63.90    68.70    60.00    67.00
 1222.00     2.00    59.40    64.10    60.00    67.00
 1223.00      .00    62.04    64.10    60.00    67.00
 1223.00     1.00    63.90    68.70    60.00    67.00
 1223.00     2.00    61.60    64.10    60.00    67.00
 1224.00      .00    59.23    55.39    60.00    59.00
 1224.00     1.00    60.80    68.70    60.00    59.00
 1224.00     2.00    58.70    52.40    60.00    59.00
 1225.00      .00    70.66    57.97    60.00    59.00
 1225.00     1.00    60.80    68.70    60.00    59.00
 1225.00     2.00    75.60    55.50    60.00    59.00
 1226.00      .00    57.96    58.00    60.00    59.00
 1226.00     1.00    63.90    68.70    60.00    59.00
 1226.00     2.00    57.00    58.00    60.00    59.00
 1227.00      .00    58.91    60.54    60.00    87.00
 1227.00     1.00    60.80    68.70    60.00    87.00
 1227.00     2.00    58.70    60.30    60.00    87.00
 1228.00      .00    75.60    55.50    60.00    59.00
 1228.00     1.00    62.40    68.70    60.00    59.00
 1228.00     2.00    75.60    55.50    60.00    59.00
 1229.00      .00    75.03    58.76    60.00    67.00
 1229.00     1.00    60.80    68.70    60.00    67.00
 1229.00     2.00    75.60    58.00    60.00    67.00
 1231.00      .00    74.32    64.67    60.00    69.00
 1231.00     1.00    74.70    74.70    60.00    69.00
 1231.00     2.00    74.30    64.10    60.00    69.00
 1232.00      .00    72.31    63.80    60.00    69.00
 1232.00     1.00    74.70    63.80    60.00    69.00
 1232.00     2.00    72.20    63.80    60.00    69.00
 1233.00      .00    74.37    56.10    60.00    56.00
 1233.00     1.00    74.70    56.10    60.00    56.00
 1233.00     2.00    74.30    56.10    60.00    56.00
 1234.00      .00    74.70    67.60    60.00    69.00
 1234.00     1.00    74.70    71.40    60.00    69.00
 1234.00     2.00    67.70    63.80    60.00    69.00
 1235.00      .00    63.18    65.19    60.00    69.00
 1235.00     1.00    74.70    68.70    60.00    69.00
 1235.00     2.00    62.30    64.80    60.00    69.00
 1236.00      .00    65.75    65.90    60.00    69.00
 1236.00     1.00    74.70    65.90    60.00    69.00
 1236.00     2.00    64.60    65.90    60.00    69.00
 1237.00      .00    65.23    65.90    60.00    69.00
 1237.00     1.00    74.70    71.40    60.00    69.00
 1237.00     2.00    64.60    65.90    60.00    69.00
 1239.00      .00    62.30    64.80    60.00    69.00
 1239.00     1.00    74.70    64.80    60.00    69.00
 1239.00     2.00    62.30    64.80    60.00    69.00
 1251.00      .00    60.60    53.70    73.00    70.00
 1251.00     1.00    51.20    53.70    73.00    70.00
 1251.00     2.00    60.60    53.70    73.00    70.00
 1252.00      .00    44.00    53.70    63.00    60.00
 1252.00     1.00    51.20    53.70    63.00    60.00
 1252.00     2.00    44.00    53.70    63.00    60.00
 1311.00      .00    66.60    59.30    47.00    43.00
 1311.00     1.00    66.60    59.30    47.00    43.00
 1311.00     2.00    66.60    59.30    47.00    43.00
 1312.00      .00    62.50    59.30    52.00    56.00
 1312.00     1.00    61.60    59.30    52.00    56.00
 1312.00     2.00    64.00    59.30    52.00    56.00
 1313.00      .00    63.82    59.30    52.00    51.00
 1313.00     1.00    63.80    59.30    52.00    51.00
 1313.00     2.00    64.00    61.60    52.00    51.00
 1314.00      .00    61.54    62.36    46.00    49.00
 1314.00     1.00    58.80    66.20    46.00    49.00
 1314.00     2.00    66.80    55.40    46.00    49.00
 1315.00      .00    54.00    63.80    38.00    44.00
 1315.00     1.00    54.00    66.20    38.00    44.00
 1315.00     2.00    54.00    55.40    38.00    44.00
 1316.00      .00    62.67    59.30    52.00    51.00
 1316.00     1.00    61.60    59.30    52.00    51.00
 1316.00     2.00    64.00    61.60    52.00    51.00
 1317.00      .00    73.90    63.91    52.00    51.00
 1317.00     1.00    73.90    64.50    52.00    51.00
 1317.00     2.00    73.90    63.50    52.00    51.00
 1318.00      .00    68.15    63.84    52.00    51.00
 1318.00     1.00    67.20    64.50    52.00    51.00
 1318.00     2.00    69.10    63.50    52.00    51.00
 1319.00      .00    68.41    63.60    52.00    51.00
 1319.00     1.00    67.20    64.50    52.00    51.00
 1319.00     2.00    69.10    63.50    52.00    51.00
 2111.00      .00    95.10    65.60    75.00    74.00
 2111.00     1.00    77.70    74.60    75.00    74.00
 2111.00     2.00    95.10    65.60    75.00    74.00
 2112.00      .00    76.55    65.60    72.00    74.00
 2112.00     1.00    77.70    74.60    72.00    74.00
 2112.00     2.00    75.40    65.60    72.00    74.00
 2113.00      .00    95.10    65.60    69.00    74.00
 2113.00     1.00    77.70    74.60    69.00    74.00
 2113.00     2.00    95.10    65.60    69.00    74.00
 2114.00      .00    95.10    74.60    67.00    74.00
 2114.00     1.00    77.70    74.60    67.00    74.00
 2114.00     2.00    95.10    74.60    67.00    74.00
 2121.00      .00    95.10    65.60    69.00    71.00
 2121.00     1.00    95.10    65.60    69.00    71.00
 2121.00     2.00    95.10    65.60    69.00    71.00
 2122.00      .00    95.10    65.60    55.00    71.00
 2122.00     1.00    77.70    65.60    55.00    71.00
 2122.00     2.00    95.10    65.60    55.00    71.00
 2131.00      .00    86.00    72.30    51.00    71.00
 2131.00     1.00    77.70    72.30    51.00    71.00
 2131.00     2.00    86.00    72.30    51.00    71.00
 2132.00      .00    86.00    72.30    51.00    71.00
 2132.00     1.00    77.70    72.30    51.00    71.00
 2132.00     2.00    86.00    72.30    51.00    71.00
 2139.00      .00    78.18    72.30    51.00    71.00
 2139.00     1.00    86.00    72.30    51.00    71.00
 2139.00     2.00    77.10    72.30    51.00    71.00
 2141.00      .00    79.19    84.10    72.00    69.00
 2141.00     1.00    78.40    84.10    72.00    69.00
 2141.00     2.00    79.90    84.10    72.00    69.00
 2142.00      .00    79.30    84.10    70.00    69.00
 2142.00     1.00    78.40    84.10    70.00    69.00
 2142.00     2.00    79.90    84.10    70.00    69.00
 2143.00      .00    77.13    71.70    65.00    68.00
 2143.00     1.00    79.50    76.70    65.00    68.00
 2143.00     2.00    76.70    71.70    65.00    68.00
 2144.00      .00    81.95    71.70    65.00    68.00
 2144.00     1.00    79.50    76.70    65.00    68.00
 2144.00     2.00    82.30    71.70    65.00    68.00
 2145.00      .00    73.43    71.70    66.00    67.00
 2145.00     1.00    79.50    71.70    66.00    67.00
 2145.00     2.00    72.40    71.70    66.00    67.00
 2146.00      .00    70.12    71.70    66.00    71.00
 2146.00     1.00    79.50    71.70    66.00    71.00
 2146.00     2.00    69.70    71.70    66.00    71.00
 2147.00      .00    71.24    76.50    61.00    67.00
 2147.00     1.00    75.40    76.70    61.00    67.00
 2147.00     2.00    70.90    76.50    61.00    67.00
 2148.00      .00    72.40    76.50    58.00    56.00
 2148.00     1.00    75.40    76.70    58.00    56.00
 2148.00     2.00    70.90    76.50    58.00    56.00
 2149.00      .00    71.45    76.50    56.00    69.00
 2149.00     1.00    75.40    76.50    56.00    69.00
 2149.00     2.00    70.90    76.50    56.00    69.00
 2210.00      .00    82.00    85.20    62.00    78.00
 2210.00     1.00    77.80    80.90    62.00    78.00
 2210.00     2.00    82.00    85.20    62.00    78.00
 2211.00      .00    82.00    85.20    69.00    77.00
 2211.00     1.00    77.80    80.90    69.00    77.00
 2211.00     2.00    82.00    85.20    69.00    77.00
 2212.00      .00    82.00    81.70    68.00    77.00
 2212.00     1.00    77.80    80.90    68.00    77.00
 2212.00     2.00    82.00    82.50    68.00    77.00
 2213.00      .00    79.10    81.70    56.00    79.00
 2213.00     1.00    77.80    80.90    56.00    79.00
 2213.00     2.00    80.40    82.50    56.00    79.00
 2221.00      .00    81.27    84.39    78.00    88.00
 2221.00     1.00    77.80    80.90    78.00    88.00
 2221.00     2.00    82.00    85.20    78.00    88.00
 2222.00      .00    77.22    82.47    70.00    85.00
 2222.00     1.00    77.80    80.90    70.00    85.00
 2222.00     2.00    76.70    82.90    70.00    85.00
 2223.00      .00    76.82    80.90    61.00    83.00
 2223.00     1.00    77.80    80.90    61.00    83.00
 2223.00     2.00    76.70    82.50    61.00    83.00
 2224.00      .00    76.95    77.04    64.00    74.00
 2224.00     1.00    77.80    80.90    64.00    74.00
 2224.00     2.00    76.70    75.30    64.00    74.00
 2229.00      .00    76.70    82.67    73.00    85.00
 2229.00     1.00    77.80    80.90    73.00    85.00
 2229.00     2.00    76.70    82.90    73.00    85.00
 2230.00      .00    79.10    75.30    54.00    43.00
 2230.00     1.00    77.80    80.90    54.00    43.00
 2230.00     2.00    80.40    75.30    54.00    43.00
 2310.00      .00    89.20    91.70    78.00    77.00
 2310.00     1.00    89.20    91.70    78.00    77.00
 2310.00     2.00    89.20    91.70    78.00    77.00
 2320.00      .00    70.32    77.58    60.00    69.00
 2320.00     1.00    62.04    78.70    60.00    69.00
 2320.00     2.00    70.59    77.57    60.00    69.00
 2321.00      .00    73.40    78.70    60.00    70.00
 2321.00     1.00    73.40    78.70    60.00    70.00
 2321.00     2.00    73.40    78.70    60.00    70.00
 2322.00      .00    57.50    66.00    57.00    66.00
 2322.00     1.00    57.50    66.00    57.00    66.00
 2322.00     2.00    57.50    66.00    57.00    66.00
 2323.00      .00    69.10    77.40  -999.00  -999.00
 2323.00     1.00    69.10    77.40  -999.00  -999.00
 2323.00     2.00    69.10    77.40  -999.00  -999.00
 2331.00      .00    71.50    66.30    57.00    66.00
 2331.00     1.00    71.50    66.30    57.00    66.00
 2331.00     2.00    71.50    66.30    57.00    66.00
 2332.00      .00    71.50    59.30    49.00    43.00
 2332.00     1.00    71.50    59.30    49.00    43.00
 2332.00     2.00    71.50    59.30    49.00    43.00
 2340.00      .00    58.50    73.90    62.00    66.00
 2340.00     1.00    58.50    73.90    62.00    66.00
 2340.00     2.00    58.50    73.90    62.00    66.00
 2351.00      .00    89.20    73.90    68.00    70.00
 2351.00     1.00    58.50    74.40    68.00    70.00
 2351.00     2.00    89.20    73.90    68.00    70.00
 2352.00      .00    58.50    74.40    68.00    70.00
 2352.00     1.00    58.50    74.40    68.00    70.00
 2352.00     2.00    58.50    74.40    68.00    70.00
 2359.00      .00    58.50    74.40    62.00    65.00
 2359.00     1.00    58.50    74.40    62.00    65.00
 2359.00     2.00    58.50    74.40    62.00    65.00
 2400.00      .00    73.58    72.47    60.00    68.00
 2400.00     1.00    74.68    73.68    60.00    68.00
 2400.00     2.00    73.08    72.19    60.00    68.00
 2411.00      .00    72.68    67.23    62.00    69.00
 2411.00     1.00    71.70    69.70    62.00    69.00
 2411.00     2.00    73.30    66.50    62.00    69.00
 2412.00      .00    65.45    64.90    56.00    69.00
 2412.00     1.00    65.90    69.70    56.00    69.00
 2412.00     2.00    65.00    63.30    56.00    69.00
 2419.00      .00    64.47    64.58    57.00    69.00
 2419.00     1.00    62.60    69.70    57.00    69.00
 2419.00     2.00    65.00    63.30    57.00    69.00
 2421.00      .00    80.68    78.40    73.00    85.00
 2421.00     1.00    82.80    78.40    73.00    85.00
 2421.00     2.00    78.20    78.40    73.00    85.00
 2422.00      .00    78.20    78.40    76.00    90.00
 2422.00     1.00    82.80    69.70    76.00    90.00
 2422.00     2.00    78.20    78.40    76.00    90.00
 2429.00      .00    78.20    78.40    71.00    82.00
 2429.00     1.00    82.80    78.40    71.00    82.00
 2429.00     2.00    78.20    78.40    71.00    82.00
 2430.00      .00    77.50    74.40    54.00    65.00
 2430.00     1.00    77.50    74.40    54.00    65.00
 2430.00     2.00    77.50    74.40    54.00    65.00
 2431.00      .00    77.50    74.40    54.00    65.00
 2431.00     1.00    77.50    74.40    54.00    65.00
 2431.00     2.00    77.50    74.40    54.00    65.00
 2432.00      .00    77.50    74.40    54.00    65.00
 2432.00     1.00    73.90    74.40    54.00    65.00
 2432.00     2.00    77.50    74.40    54.00    65.00
 2440.00      .00    84.26    81.11    58.00    65.00
 2440.00     1.00    84.64    79.04    58.00    65.00
 2440.00     2.00    84.19    81.41    58.00    65.00
 2441.00      .00    88.00    82.80    60.00    78.00
 2441.00     1.00    88.00    82.80    60.00    78.00
 2441.00     2.00    88.00    82.80    60.00    78.00
 2442.00      .00    88.00    75.40    67.00    71.00
 2442.00     1.00    73.90    69.70    67.00    71.00
 2442.00     2.00    88.00    81.10    67.00    71.00
 2443.00      .00    79.60    78.10    67.00    71.00
 2443.00     1.00    73.90    78.10    67.00    71.00
 2443.00     2.00    79.60    78.10    67.00    71.00
 2444.00      .00    79.60    78.10    62.00    65.00
 2444.00     1.00    79.60    78.10    62.00    65.00
 2444.00     2.00    79.60    78.10    62.00    65.00
 2445.00      .00    88.00    82.80    67.00    71.00
 2445.00     1.00    73.90    82.80    67.00    71.00
 2445.00     2.00    88.00    82.80    67.00    71.00
 2446.00      .00    79.60    78.10    52.00    51.00
 2446.00     1.00    73.90    69.70    52.00    51.00
 2446.00     2.00    79.60    78.10    52.00    51.00
 2450.00      .00    75.70    74.81    57.00    61.00
 2450.00     1.00    77.21    74.62    57.00    61.00
 2450.00     2.00    74.14    74.92    57.00    61.00
 2451.00      .00    79.10    73.60    58.00    65.00
 2451.00     1.00    79.10    73.60    58.00    65.00
 2451.00     2.00    79.10    73.60    58.00    65.00
 2452.00      .00    80.60    76.20    57.00    54.00
 2452.00     1.00    80.60    76.20    57.00    54.00
 2452.00     2.00    80.60    76.20    57.00    54.00
 2453.00      .00    67.90    75.01    45.00    64.00
 2453.00     1.00    67.90    69.70    45.00    64.00
 2453.00     2.00    67.90    76.20    45.00    64.00
 2454.00      .00    73.50    75.50    40.00    64.00
 2454.00     1.00    80.60    76.20    40.00    64.00
 2454.00     2.00    73.50    74.80    40.00    64.00
 2455.00      .00    67.90    76.20    57.00    64.00
 2455.00     1.00    67.90    76.20    57.00    64.00
 2455.00     2.00    67.90    76.20    57.00    64.00
 2460.00      .00    79.60    78.10    60.00    53.00
 2460.00     1.00    73.90    69.70    60.00    53.00
 2460.00     2.00    79.60    78.10    60.00    53.00
 3111.00      .00    72.28    65.80    46.00    45.00
 3111.00     1.00    70.70    51.10    46.00    45.00
 3111.00     2.00    72.50    65.80    46.00    45.00
 3112.00      .00    62.98    58.45    39.00    45.00
 3112.00     1.00    70.70    51.10    39.00    45.00
 3112.00     2.00    60.80    65.80    39.00    45.00
 3113.00      .00    65.83    61.40    46.00    46.00
 3113.00     1.00    70.70    51.10    46.00    46.00
 3113.00     2.00    65.50    61.40    46.00    46.00
 3114.00      .00    58.39    63.35    46.00    46.00
 3114.00     1.00    66.80    51.10    46.00    46.00
 3114.00     2.00    57.50    65.80    46.00    46.00
 3115.00      .00    57.57    58.50    46.00    54.00
 3115.00     1.00    66.80    51.10    46.00    54.00
 3115.00     2.00    56.60    58.50    46.00    54.00
 3116.00      .00    65.05    65.80    46.00    54.00
 3116.00     1.00    70.70    65.80    46.00    54.00
 3116.00     2.00    64.40    65.80    46.00    54.00
 3117.00      .00    60.05    58.50    53.00    54.00
 3117.00     1.00    66.80    51.10    53.00    54.00
 3117.00     2.00    59.30    58.50    53.00    54.00
 3118.00      .00    60.80    64.00    55.00    51.00
 3118.00     1.00    66.80    51.10    55.00    51.00
 3118.00     2.00    59.30    64.70    55.00    51.00
 3119.00      .00    60.01    58.34    46.00    53.00
 3119.00     1.00    66.80    51.10    46.00    53.00
 3119.00     2.00    59.30    58.50    46.00    53.00
 3121.00      .00    60.80    57.04    53.00    52.00
 3121.00     1.00    60.80    51.10    53.00    52.00
 3121.00     2.00    60.80    57.60    53.00    52.00
 3122.00      .00    51.60    60.63    53.00    52.00
 3122.00     1.00    51.60    51.10    53.00    52.00
 3122.00     2.00    51.60    61.20    53.00    52.00
 3123.00      .00    64.00    54.90    53.00    52.00
 3123.00     1.00    68.40    51.10    53.00    52.00
 3123.00     2.00    59.60    58.70    53.00    52.00
 3131.00      .00    63.60    53.55    46.00    48.00
 3131.00     1.00    68.40    51.10    46.00    48.00
 3131.00     2.00    58.80    56.00    46.00    48.00
 3132.00      .00    63.60    53.55    49.00    57.00
 3132.00     1.00    68.40    51.10    49.00    57.00
 3132.00     2.00    58.80    56.00    49.00    57.00
 3133.00      .00    63.60    53.55    58.00    57.00
 3133.00     1.00    68.40    51.10    58.00    57.00
 3133.00     2.00    58.80    56.00    58.00    57.00
 3139.00      .00    63.60    53.55    44.00    52.00
 3139.00     1.00    68.40    51.10    44.00    52.00
 3139.00     2.00    58.80    56.00    44.00    52.00
 3140.00      .00    54.30    58.08    57.00    57.00
 3140.00     1.00    54.30    51.10    57.00    57.00
 3140.00     2.00    54.30    58.50    57.00    57.00
 3141.00      .00    61.35    53.55    60.00    52.00
 3141.00     1.00    68.40    51.10    60.00    52.00
 3141.00     2.00    54.30    56.00    60.00    52.00
 3142.00      .00    54.30    53.55    55.00    52.00
 3142.00     1.00    68.40    51.10    55.00    52.00
 3142.00     2.00    54.30    56.00    55.00    52.00
 3143.00      .00    54.30    53.55    60.00    69.00
 3143.00     1.00    54.30    51.10    60.00    69.00
 3143.00     2.00    54.30    56.00    60.00    69.00
 3144.00      .00    54.30    58.50    50.00    69.00
 3144.00     1.00    68.40    51.10    50.00    69.00
 3144.00     2.00    54.30    58.50    50.00    69.00
 3145.00      .00    61.35    53.55    46.00    50.00
 3145.00     1.00    68.40    51.10    46.00    50.00
 3145.00     2.00    54.30    56.00    46.00    50.00
 3150.00      .00    54.70    47.80    54.00    50.00
 3150.00     1.00    54.06    47.80    54.00    50.00
 3150.00     2.00    54.73    47.80    54.00    50.00
 3151.00      .00    60.60    49.45    54.00    50.00
 3151.00     1.00    68.40    51.10    54.00    50.00
 3151.00     2.00    60.60    47.80    54.00    50.00
 3152.00      .00    41.00    47.80    54.00    50.00
 3152.00     1.00    41.00    51.10    54.00    50.00
 3152.00     2.00    41.00    47.80    54.00    50.00
 3211.00      .00    61.60    60.40    52.00    50.00
 3211.00     1.00    67.20    67.90    52.00    50.00
 3211.00     2.00    56.00    52.90    52.00    50.00
 3212.00      .00    61.60    60.40    47.00    50.00
 3212.00     1.00    67.20    67.90    47.00    50.00
 3212.00     2.00    56.00    52.90    47.00    50.00
 3213.00      .00    61.60    60.40    55.00    50.00
 3213.00     1.00    67.20    67.90    55.00    50.00
 3213.00     2.00    56.00    52.90    55.00    50.00
 3221.00      .00    50.20    58.80    53.00    51.00
 3221.00     1.00    58.90    67.90    53.00    51.00
 3221.00     2.00    50.20    58.70    53.00    51.00
 3222.00      .00    50.20    54.50    48.00    51.00
 3222.00     1.00    58.90    67.90    48.00    51.00
 3222.00     2.00    50.20    54.50    48.00    51.00
 3223.00      .00    68.40    59.40    52.00    51.00
 3223.00     1.00    68.40    67.90    52.00    51.00
 3223.00     2.00    68.40    59.40    52.00    51.00
 3224.00      .00    58.90    62.90    60.00    60.00
 3224.00     1.00    58.90    67.90    60.00    60.00
 3224.00     2.00    58.90    57.90    60.00    60.00
 3225.00      .00    58.90    56.80    44.00    51.00
 3225.00     1.00    58.90    67.90    44.00    51.00
 3225.00     2.00    58.90    56.80    44.00    51.00
 3226.00      .00    58.90    61.10    51.00    60.00
 3226.00     1.00    58.90    67.90    51.00    60.00
 3226.00     2.00    58.90    59.40    51.00    60.00
 3227.00      .00    50.20    54.50    48.00    51.00
 3227.00     1.00    50.20    67.90    48.00    51.00
 3227.00     2.00    50.20    54.50    48.00    51.00
 3228.00      .00    68.40    59.08    44.00    51.00
 3228.00     1.00    68.40    67.90    44.00    51.00
 3228.00     2.00    68.40    58.70    44.00    51.00
 3229.00      .00    68.40    55.39    45.00    51.00
 3229.00     1.00    68.40    67.90    45.00    51.00
 3229.00     2.00    68.40    54.50    45.00    51.00
 3231.00      .00    51.90    47.50    44.00    38.00
 3231.00     1.00    51.90    47.50    44.00    38.00
 3231.00     2.00    51.90    47.50    44.00    38.00
 3232.00      .00    51.90    49.30    44.00    38.00
 3232.00     1.00    51.90    49.30    44.00    38.00
 3232.00     2.00    51.90    49.30    44.00    38.00
 3241.00      .00    68.40    67.90    29.00    51.00
 3241.00     1.00    68.40    67.90    29.00    51.00
 3241.00     2.00    56.00    52.90    29.00    51.00
 3242.00      .00    61.60    60.40    22.00    38.00
 3242.00     1.00    67.20    67.90    22.00    38.00
 3242.00     2.00    56.00    52.90    22.00    38.00
 3310.00      .00    60.90    56.80    50.00    38.00
 3310.00     1.00    67.20    56.80    50.00    38.00
 3310.00     2.00    60.90    56.80    50.00    38.00
 3320.00      .00    60.90    50.30    50.00    38.00
 3320.00     1.00    67.20    50.30    50.00    38.00
 3320.00     2.00    60.90    50.30    50.00    38.00
 3330.00      .00    64.05    56.80    50.00    38.00
 3330.00     1.00    67.20    60.90    50.00    38.00
 3330.00     2.00    60.90    56.80    50.00    38.00
 3340.00      .00    60.90    56.80    50.00    38.00
 3340.00     1.00    60.90    56.80    50.00    38.00
 3340.00     2.00    60.90    56.80    50.00    38.00
 3400.00      .00    59.77    56.06    48.00    55.00
 3400.00     1.00    66.20    60.57    48.00    55.00
 3400.00     2.00    58.48    55.74    48.00    55.00
 3411.00      .00    61.65    56.45    50.00    61.00
 3411.00     1.00    65.00    56.90    50.00    61.00
 3411.00     2.00    58.30    56.00    50.00    61.00
 3412.00      .00    63.12    58.83    44.00    54.00
 3412.00     1.00    61.80    52.90    44.00    54.00
 3412.00     2.00    63.40    59.40    44.00    54.00
 3413.00      .00    51.75    50.70    49.00    59.00
 3413.00     1.00    61.80    50.70    49.00    59.00
 3413.00     2.00    50.70    50.70    49.00    59.00
 3414.00      .00    61.56    56.70    43.00    56.00
 3414.00     1.00    61.80    56.70    43.00    56.00
 3414.00     2.00    61.50    56.70    43.00    56.00
 3415.00      .00    61.98    61.90    46.00    56.00
 3415.00     1.00    67.10    63.60    46.00    56.00
 3415.00     2.00    58.80    61.50    46.00    56.00
 3416.00      .00    56.50    56.70    49.00    50.00
 3416.00     1.00    61.80    56.70    49.00    50.00
 3416.00     2.00    56.20    56.70    49.00    50.00
 3417.00      .00    61.60    56.70    46.00    56.00
 3417.00     1.00    61.80    56.70    46.00    56.00
 3417.00     2.00    61.50    56.70    46.00    56.00
 3419.00      .00    61.51    54.50    46.00    55.00
 3419.00     1.00    61.80    52.90    46.00    55.00
 3419.00     2.00    61.50    54.60    46.00    55.00
 3421.00      .00    72.50    57.20    55.00    55.00
 3421.00     1.00    72.50    57.20    55.00    55.00
 3421.00     2.00    72.50    57.20    55.00    55.00
 3422.00      .00    72.50    60.70    50.00    55.00
 3422.00     1.00    72.50    60.70    50.00    55.00
 3422.00     2.00    72.50    60.70    50.00    55.00
 3423.00      .00    72.50    57.80    49.00    55.00
 3423.00     1.00    66.50    57.80    49.00    55.00
 3423.00     2.00    72.50    57.80    49.00    55.00
 3429.00      .00    72.50    57.20    42.00    55.00
 3429.00     1.00    72.50    57.20    42.00    55.00
 3429.00     2.00    72.50    57.20    42.00    55.00
 3431.00      .00    73.70    54.00    53.00    54.00
 3431.00     1.00    70.10    54.00    53.00    54.00
 3431.00     2.00    74.20    54.00    53.00    54.00
 3432.00      .00    67.74    55.80    49.00    59.00
 3432.00     1.00    70.10    62.10    49.00    59.00
 3432.00     2.00    64.60    55.80    49.00    59.00
 3433.00      .00    64.60    60.10    49.00    51.00
 3433.00     1.00    70.10    60.10    49.00    51.00
 3433.00     2.00    64.60    60.10    49.00    51.00
 3434.00      .00    67.40    50.00    51.00    61.00
 3434.00     1.00    70.10    50.00    51.00    61.00
 3434.00     2.00    67.40    50.00    51.00    61.00
 3439.00      .00    66.63    55.80    53.00    54.00
 3439.00     1.00    70.10    55.80    53.00    54.00
 3439.00     2.00    64.60    55.80    53.00    54.00
 3441.00      .00    57.80    53.40    44.00    56.00
 3441.00     1.00    57.80    53.40    44.00    56.00
 3441.00     2.00    57.80    53.40    44.00    56.00
 3442.00      .00    62.15    57.75    52.00    57.00
 3442.00     1.00    66.50    62.10    52.00    57.00
 3442.00     2.00    57.80    53.40    52.00    57.00
 3443.00      .00    62.15    57.75    55.00    56.00
 3443.00     1.00    66.50    62.10    55.00    56.00
 3443.00     2.00    57.80    53.40    55.00    56.00
 3444.00      .00    62.15    57.75    54.00    46.00
 3444.00     1.00    66.50    62.10    54.00    46.00
 3444.00     2.00    57.80    53.40    54.00    46.00
 3449.00      .00    62.15    57.75    55.00    56.00
 3449.00     1.00    66.50    62.10    55.00    56.00
 3449.00     2.00    57.80    53.40    55.00    56.00
 3450.00      .00    43.80    53.40    45.00    56.00
 3450.00     1.00    56.60    62.10    45.00    56.00
 3450.00     2.00    43.38    53.40    45.00    56.00
 3451.00      .00    55.20    58.95    60.00    55.00
 3451.00     1.00    66.50    62.10    60.00    55.00
 3451.00     2.00    43.90    55.80    60.00    55.00
 3452.00      .00    39.90    53.40    44.00    56.00
 3452.00     1.00    39.90    62.10    44.00    56.00
 3452.00     2.00    39.90    53.40    44.00    56.00
 3460.00      .00    64.60    44.20    49.00    43.00
 3460.00     1.00    66.50    44.20    49.00    43.00
 3460.00     2.00    64.60    44.20    49.00    43.00
 3470.00      .00    70.00    74.10    45.00    52.00
 3470.00     1.00    70.00    74.10    45.00    52.00
 3470.00     2.00    70.00    74.10    45.00    52.00
 3471.00      .00    68.25    68.10    49.00    53.00
 3471.00     1.00    66.50    62.10    49.00    53.00
 3471.00     2.00    70.00    74.10    49.00    53.00
 3472.00      .00    70.00    74.10    50.00    64.00
 3472.00     1.00    70.00    62.10    50.00    64.00
 3472.00     2.00    70.00    74.10    50.00    64.00
 3473.00      .00    70.00    68.10    32.00    50.00
 3473.00     1.00    66.50    62.10    32.00    50.00
 3473.00     2.00    70.00    74.10    32.00    50.00
 3474.00      .00    70.00    68.10    33.00    50.00
 3474.00     1.00    66.50    62.10    33.00    50.00
 3474.00     2.00    70.00    74.10    33.00    50.00
 3475.00      .00    70.00    74.10    49.00    54.00
 3475.00     1.00    70.00    62.10    49.00    54.00
 3475.00     2.00    70.00    74.10    49.00    54.00
 3480.00      .00    62.55    44.20    50.00    38.00
 3480.00     1.00    66.50    62.10    50.00    38.00
 3480.00     2.00    58.60    44.20    50.00    38.00
 4111.00      .00    65.10    58.70    42.00    51.00
 4111.00     1.00    65.10    66.30    42.00    51.00
 4111.00     2.00    65.10    51.10    42.00    51.00
 4112.00      .00    65.10    49.79    42.00    50.00
 4112.00     1.00    65.10    61.10    42.00    50.00
 4112.00     2.00    65.10    49.30    42.00    50.00
 4113.00      .00    65.10    51.61    45.00    50.00
 4113.00     1.00    65.10    61.10    45.00    50.00
 4113.00     2.00    65.10    51.00    45.00    50.00
 4114.00      .00    65.10    58.70    45.00    51.00
 4114.00     1.00    65.10    66.30    45.00    51.00
 4114.00     2.00    65.10    51.10    45.00    51.00
 4115.00      .00    65.10    56.78    53.00    53.00
 4115.00     1.00    65.10    74.10    53.00    53.00
 4115.00     2.00    65.10    55.40    53.00    53.00
 4121.00      .00    67.50    54.07    45.00    51.00
 4121.00     1.00    67.50    63.60    45.00    51.00
 4121.00     2.00    67.50    52.70    45.00    51.00
 4122.00      .00    67.50    47.53    36.00    51.00
 4122.00     1.00    67.50    63.60    36.00    51.00
 4122.00     2.00    67.50    47.40    36.00    51.00
 4131.00      .00    46.80    41.70    30.00    32.00
 4131.00     1.00    51.20    64.70    30.00    32.00
 4131.00     2.00    46.80    41.70    30.00    32.00
 4132.00      .00    51.20    57.80    44.00    43.00
 4132.00     1.00    51.20    64.70    44.00    43.00
 4132.00     2.00    51.20    50.90    44.00    43.00
 4133.00      .00    51.20    57.80    37.00    45.00
 4133.00     1.00    51.20    64.70    37.00    45.00
 4133.00     2.00    51.20    50.90    37.00    45.00
 4140.00      .00    43.86    38.27    37.00    39.00
 4140.00     1.00    46.80    41.70    37.00    39.00
 4140.00     2.00    43.77    38.16    37.00    39.00
 4141.00      .00    44.20    55.50    36.00    39.00
 4141.00     1.00    44.20    64.70    36.00    39.00
 4141.00     2.00    44.20    55.50    36.00    39.00
 4142.00      .00    39.30    33.80    33.00    39.00
 4142.00     1.00    39.30    33.80    33.00    39.00
 4142.00     2.00    39.30    33.80    33.00    39.00
 4143.00      .00    44.20    51.15    41.00    39.00
 4143.00     1.00    44.20    64.70    41.00    39.00
 4143.00     2.00    44.20    37.60    41.00    39.00
 4144.00      .00    44.20    51.15    37.00    39.00
 4144.00     1.00    44.20    64.70    37.00    39.00
 4144.00     2.00    44.20    37.60    37.00    39.00
 4190.00      .00    57.00    55.50    37.00    39.00
 4190.00     1.00    57.00    55.50    37.00    39.00
 4190.00     2.00    57.00    55.50    37.00    39.00
 4211.00      .00    55.40    50.40    34.00    53.00
 4211.00     1.00    55.40    50.40    34.00    53.00
 4211.00     2.00    55.40    50.40    34.00    53.00
 4212.00      .00    55.40    50.40    42.00    46.00
 4212.00     1.00    55.40    50.40    42.00    46.00
 4212.00     2.00    55.40    50.40    42.00    46.00
 4213.00      .00    55.40    50.40    34.00    40.00
 4213.00     1.00    55.40    50.40    34.00    40.00
 4213.00     2.00    55.40    50.40    34.00    40.00
 4214.00      .00    55.40    50.40    15.00    40.00
 4214.00     1.00    55.40    50.40    15.00    40.00
 4214.00     2.00    55.40    50.40    15.00    40.00
 4215.00      .00    55.40    50.40    27.00    40.00
 4215.00     1.00    55.40    50.40    27.00    40.00
 4215.00     2.00    55.40    50.40    27.00    40.00
 4220.00      .00    55.40    49.18    38.00    52.00
 4220.00     1.00    55.40    50.82    38.00    52.00
 4220.00     2.00    55.40    49.12    38.00    52.00
 4221.00      .00    55.40    49.00    38.00    52.00
 4221.00     1.00    55.40    49.00    38.00    52.00
 4221.00     2.00    55.40    49.00    38.00    52.00
 4222.00      .00    55.40    50.40    38.00    52.00
 4222.00     1.00    55.40    49.00    38.00    52.00
 4222.00     2.00    55.40    50.40    38.00    52.00
 4223.00      .00    55.40    44.00    38.00    52.00
 4223.00     1.00    55.40    44.00    38.00    52.00
 4223.00     2.00    55.40    44.00    38.00    52.00
 5100.00      .00    47.15    43.91    32.00    38.00
 5100.00     1.00    52.57    50.78    32.00    38.00
 5100.00     2.00    45.48    41.43    32.00    38.00
 5111.00      .00    47.90    38.50    50.00    34.00
 5111.00     1.00    47.90    38.50    50.00    34.00
 5111.00     2.00    47.90    38.50    50.00    34.00
 5112.00      .00    33.40    38.50    32.00    34.00
 5112.00     1.00    33.40    51.10    32.00    34.00
 5112.00     2.00    33.40    38.50    32.00    34.00
 5113.00      .00    46.50    44.80    29.00    34.00
 5113.00     1.00    52.40    51.10    29.00    34.00
 5113.00     2.00    40.60    38.50    29.00    34.00
 5120.00      .00    51.82    40.98    26.00    32.00
 5120.00     1.00    54.80    47.30    26.00    32.00
 5120.00     2.00    49.35    39.42    26.00    32.00
 5121.00      .00    52.00    57.50    37.00    30.00
 5121.00     1.00    54.80    47.30    37.00    30.00
 5121.00     2.00    49.20    57.50    37.00    30.00
 5122.00      .00    46.72    30.04    31.00    30.00
 5122.00     1.00    54.80    47.30    31.00    30.00
 5122.00     2.00    44.90    29.20    31.00    30.00
 5123.00      .00    53.74    45.21    21.00    34.00
 5123.00     1.00    54.80    47.30    21.00    34.00
 5123.00     2.00    52.30    44.20    21.00    34.00
 5130.00      .00    48.50    41.80    27.00    25.00
 5130.00     1.00    51.62    49.24    27.00    25.00
 5130.00     2.00    48.50    41.80    27.00    25.00
 5131.00      .00    50.45    46.45    23.00    25.00
 5131.00     1.00    52.40    51.10    23.00    25.00
 5131.00     2.00    48.50    41.80    23.00    25.00
 5132.00      .00    50.45    46.45    42.00    25.00
 5132.00     1.00    52.40    51.10    42.00    25.00
 5132.00     2.00    48.50    41.80    42.00    25.00
 5133.00      .00    50.45    46.45    17.00    25.00
 5133.00     1.00    52.40    51.10    17.00    25.00
 5133.00     2.00    48.50    41.80    17.00    25.00
 5139.00      .00    50.45    46.45    29.00    25.00
 5139.00     1.00    52.40    51.10    29.00    25.00
 5139.00     2.00    48.50    41.80    29.00    25.00
 5141.00      .00    53.81    51.76    32.00    29.00
 5141.00     1.00    56.30    52.40    32.00    29.00
 5141.00     2.00    48.50    49.30    32.00    29.00
 5142.00      .00    51.25    49.80    17.00    19.00
 5142.00     1.00    56.30    52.40    17.00    19.00
 5142.00     2.00    46.20    47.20    17.00    19.00
 5143.00      .00    50.24    47.73    34.00    54.00
 5143.00     1.00    56.30    52.40    34.00    54.00
 5143.00     2.00    46.20    45.40    34.00    54.00
 5149.00      .00    49.72    46.83    29.00    19.00
 5149.00     1.00    56.30    52.40    29.00    19.00
 5149.00     2.00    46.20    45.40    29.00    19.00
 5151.00      .00    48.75    46.10    37.00    43.00
 5151.00     1.00    52.40    51.10    37.00    43.00
 5151.00     2.00    45.10    41.10    37.00    43.00
 5152.00      .00    48.75    46.10    37.00    43.00
 5152.00     1.00    52.40    51.10    37.00    43.00
 5152.00     2.00    45.10    41.10    37.00    43.00
 5161.00      .00    44.50    46.30    35.00    42.00
 5161.00     1.00    41.90    51.10    35.00    42.00
 5161.00     2.00    44.50    46.30    35.00    42.00
 5162.00      .00    49.20    46.30    40.00    50.00
 5162.00     1.00    41.90    51.10    40.00    50.00
 5162.00     2.00    49.20    46.30    40.00    50.00
 5163.00      .00    49.20    46.30    39.00    40.00
 5163.00     1.00    41.90    51.10    39.00    40.00
 5163.00     2.00    49.20    46.30    39.00    40.00
 5164.00      .00    43.55    46.10    39.00    40.00
 5164.00     1.00    41.90    51.10    39.00    40.00
 5164.00     2.00    45.20    41.10    39.00    40.00
 5169.00      .00    44.14    46.30    30.00    40.00
 5169.00     1.00    41.90    51.10    30.00    40.00
 5169.00     2.00    44.50    46.30    30.00    40.00
 5210.00      .00    70.00    74.10    28.00    43.00
 5210.00     1.00    62.30    74.10    28.00    43.00
 5210.00     2.00    70.00    74.10    28.00    43.00
 5220.00      .00    58.37    46.10    32.00    43.00
 5220.00     1.00    62.30    52.10    32.00    43.00
 5220.00     2.00    52.80    43.00    32.00    43.00
 5230.00      .00    59.45    45.65    24.00    37.00
 5230.00     1.00    62.30    52.10    24.00    37.00
 5230.00     2.00    52.80    43.00    24.00    37.00
 6110.00      .00    34.72    40.71    40.00    23.00
 6110.00     1.00    40.00    51.10    40.00    23.00
 6110.00     2.00    27.90    36.70    40.00    23.00
 6111.00      .00    35.99    41.14    40.00    23.00
 6111.00     1.00    40.00    51.10    40.00    23.00
 6111.00     2.00    27.90    36.70    40.00    23.00
 6112.00      .00    36.09    38.42    40.00    23.00
 6112.00     1.00    40.00    51.10    40.00    23.00
 6112.00     2.00    27.90    36.70    40.00    23.00
 6113.00      .00    31.01    41.70    40.00    23.00
 6113.00     1.00    40.00    51.10    40.00    23.00
 6113.00     2.00    27.90    36.70    40.00    23.00
 6114.00      .00    33.95    43.90    40.00    23.00
 6114.00     1.00    40.00    51.10    40.00    23.00
 6114.00     2.00    27.90    36.70    40.00    23.00
 6121.00      .00    25.48     9.96    40.00    23.00
 6121.00     1.00    41.70    51.10    40.00    23.00
 6121.00     2.00    21.40     1.30    40.00    23.00
 6122.00      .00    31.22    34.40    40.00    23.00
 6122.00     1.00    41.70    51.10    40.00    23.00
 6122.00     2.00    21.40    30.80    40.00    23.00
 6123.00      .00    32.10    26.20    40.00    23.00
 6123.00     1.00    41.20    51.10    40.00    23.00
 6123.00     2.00    23.00     1.30    40.00    23.00
 6124.00      .00    41.70    39.50    40.00    23.00
 6124.00     1.00    41.70    51.10    40.00    23.00
 6124.00     2.00    23.00    30.80    40.00    23.00
 6129.00      .00    30.90    35.87    40.00    23.00
 6129.00     1.00    41.70    51.10    40.00    23.00
 6129.00     2.00    27.30    30.80    40.00    23.00
 6130.00      .00    40.92    39.96    38.00    23.00
 6130.00     1.00    41.70    51.10    38.00    23.00
 6130.00     2.00    27.30    30.80    38.00    23.00
 6131.00      .00    33.55    40.95    40.00    23.00
 6131.00     1.00    41.70    51.10    40.00    23.00
 6131.00     2.00    25.40    30.80    40.00    23.00
 6132.00      .00    33.55    40.95    41.00    27.00
 6132.00     1.00    41.70    51.10    41.00    27.00
 6132.00     2.00    25.40    30.80    41.00    27.00
 6133.00      .00    33.55    40.95    40.00    28.00
 6133.00     1.00    41.70    51.10    40.00    28.00
 6133.00     2.00    25.40    30.80    40.00    28.00
 6134.00      .00    33.55    40.95    30.00    28.00
 6134.00     1.00    41.70    51.10    30.00    28.00
 6134.00     2.00    25.40    30.80    30.00    28.00
 6141.00      .00    33.51    33.92    24.00    22.00
 6141.00     1.00    41.70    51.10    24.00    22.00
 6141.00     2.00    29.90    30.80    24.00    22.00
 6142.00      .00    35.55    38.35    16.00    22.00
 6142.00     1.00    41.20    51.10    16.00    22.00
 6142.00     2.00    29.90    25.60    16.00    22.00
 6151.00      .00    33.30    38.35    23.00    28.00
 6151.00     1.00    41.20    51.10    23.00    28.00
 6151.00     2.00    25.40    25.60    23.00    28.00
 6152.00      .00    28.60    38.35    23.00    28.00
 6152.00     1.00    41.70    51.10    23.00    28.00
 6152.00     2.00    27.30    25.60    23.00    28.00
 6153.00      .00    33.30    38.35    28.00    28.00
 6153.00     1.00    41.20    51.10    28.00    28.00
 6153.00     2.00    25.40    25.60    28.00    28.00
 6154.00      .00    27.30    30.80     6.00    28.00
 6154.00     1.00    41.20    51.10     6.00    28.00
 6154.00     2.00    27.30    30.80     6.00    28.00
 7110.00      .00    37.42    36.60    34.00    30.00
 7110.00     1.00    52.80    53.00    34.00    30.00
 7110.00     2.00    34.35    36.60    34.00    30.00
 7111.00      .00    34.13    44.80    34.00    30.00
 7111.00     1.00    52.80    53.00    34.00    30.00
 7111.00     2.00    33.50    36.60    34.00    30.00
 7112.00      .00    43.15    44.80    36.00    30.00
 7112.00     1.00    52.80    53.00    36.00    30.00
 7112.00     2.00    33.50    36.60    36.00    30.00
 7113.00      .00    44.61    36.60    34.00    27.00
 7113.00     1.00    52.80    53.00    34.00    27.00
 7113.00     2.00    33.50    36.60    34.00    27.00
 7121.00      .00    45.26    53.00    36.00    29.00
 7121.00     1.00    45.70    53.00    36.00    29.00
 7121.00     2.00    45.20    53.00    36.00    29.00
 7122.00      .00    31.62    48.20    34.00    29.00
 7122.00     1.00    40.50    53.00    34.00    29.00
 7122.00     2.00    27.40    36.20    34.00    29.00
 7123.00      .00    36.50    53.00    34.00    26.00
 7123.00     1.00    42.20    53.00    34.00    26.00
 7123.00     2.00    30.80    53.00    34.00    26.00
 7124.00      .00    37.46    44.60    37.00    29.00
 7124.00     1.00    45.70    53.00    37.00    29.00
 7124.00     2.00    34.70    36.20    37.00    29.00
 7129.00      .00    36.20    41.80    28.00    30.00
 7129.00     1.00    45.70    53.00    28.00    30.00
 7129.00     2.00    32.60    36.20    28.00    30.00
 7131.00      .00    36.56    36.60    31.00    19.00
 7131.00     1.00    42.20    53.00    31.00    19.00
 7131.00     2.00    33.10    36.60    31.00    19.00
 7132.00      .00    39.77    36.60    31.00    30.00
 7132.00     1.00    42.20    53.00    31.00    30.00
 7132.00     2.00    37.60    36.60    31.00    30.00
 7133.00      .00    43.85    44.80    31.00    31.00
 7133.00     1.00    46.30    53.00    31.00    31.00
 7133.00     2.00    41.40    36.60    31.00    31.00
 7134.00      .00    37.60    44.80    28.00    34.00
 7134.00     1.00    46.30    53.00    28.00    34.00
 7134.00     2.00    37.60    36.60    28.00    34.00
 7135.00      .00    39.57    53.00    26.00    26.00
 7135.00     1.00    42.20    53.00    26.00    26.00
 7135.00     2.00    37.60    36.60    26.00    26.00
 7136.00      .00    42.91    47.97    34.00    33.00
 7136.00     1.00    47.00    53.00    34.00    33.00
 7136.00     2.00    41.40    46.30    34.00    33.00
 7137.00      .00    43.23    47.51    44.00    37.00
 7137.00     1.00    47.90    53.00    44.00    37.00
 7137.00     2.00    42.40    46.30    44.00    37.00
 7139.00      .00    43.85    44.80  -999.00  -999.00
 7139.00     1.00    46.30    53.00  -999.00  -999.00
 7139.00     2.00    41.40    36.60  -999.00  -999.00
 7141.00      .00    40.36    39.56    31.00    29.00
 7141.00     1.00    44.80    53.00    31.00    29.00
 7141.00     2.00    37.30    36.20    31.00    29.00
 7142.00      .00    41.05    44.80    29.00    32.00
 7142.00     1.00    44.80    53.00    29.00    32.00
 7142.00     2.00    37.30    36.60    29.00    32.00
 7143.00      .00    41.05    44.80    20.00    29.00
 7143.00     1.00    44.80    53.00    20.00    29.00
 7143.00     2.00    37.30    36.60    20.00    29.00
 7200.00      .00    42.23    38.71    40.00    34.00
 7200.00     1.00    51.22    50.24    40.00    34.00
 7200.00     2.00    41.00    37.69    40.00    34.00
 7210.00      .00    39.00    36.20    38.00    31.00
 7210.00     1.00    47.50    36.20    38.00    31.00
 7210.00     2.00    38.35    36.20    38.00    31.00
 7211.00      .00    38.07    36.20    38.00    29.00
 7211.00     1.00    47.50    36.20    38.00    29.00
 7211.00     2.00    37.40    36.20    38.00    29.00
 7212.00      .00    38.46    36.20    39.00    30.00
 7212.00     1.00    47.50    36.20    39.00    30.00
 7212.00     2.00    37.70    36.20    39.00    30.00
 7213.00      .00    37.70    36.20    34.00    33.00
 7213.00     1.00    51.20    36.20    34.00    33.00
 7213.00     2.00    37.70    36.20    34.00    33.00
 7214.00      .00    43.03    36.20    44.00    30.00
 7214.00     1.00    47.50    36.20    44.00    30.00
 7214.00     2.00    42.50    36.20    44.00    30.00
 7215.00      .00    44.85    36.20    32.00    30.00
 7215.00     1.00    51.20    36.20    32.00    30.00
 7215.00     2.00    38.50    36.20    32.00    30.00
 7216.00      .00    44.85    36.20    26.00    30.00
 7216.00     1.00    51.20    36.20    26.00    30.00
 7216.00     2.00    38.50    36.20    26.00    30.00
 7220.00      .00    40.31    35.11    37.00    35.00
 7220.00     1.00    48.91    49.95    37.00    35.00
 7220.00     2.00    39.33    33.65    37.00    35.00
 7221.00      .00    34.34    34.70    35.00    33.00
 7221.00     1.00    54.70    34.70    35.00    33.00
 7221.00     2.00    31.80    34.70    35.00    33.00
 7222.00      .00    47.90    40.20    40.00    40.00
 7222.00     1.00    54.70    34.70    40.00    40.00
 7222.00     2.00    46.80    40.20    40.00    40.00
 7223.00      .00    39.58    42.12    38.00    34.00
 7223.00     1.00    47.50    53.00    38.00    34.00
 7223.00     2.00    38.70    40.20    38.00    34.00
 7224.00      .00    42.94    39.51    27.00    24.00
 7224.00     1.00    47.50    34.70    27.00    24.00
 7224.00     2.00    42.60    40.20    27.00    24.00
 7230.00      .00    43.53    42.76    43.00    34.00
 7230.00     1.00    51.70    53.00    43.00    34.00
 7230.00     2.00    42.30    40.20    43.00    34.00
 7231.00      .00    46.93    45.32    43.00    34.00
 7231.00     1.00    51.70    53.00    43.00    34.00
 7231.00     2.00    45.60    40.20    43.00    34.00
 7232.00      .00    47.43    42.55    50.00    42.00
 7232.00     1.00    51.70    47.10    50.00    42.00
 7232.00     2.00    45.60    38.00    50.00    42.00
 7233.00      .00    32.95    42.55    42.00    33.00
 7233.00     1.00    51.70    47.10    42.00    33.00
 7233.00     2.00    31.90    38.00    42.00    33.00
 7234.00      .00    47.05    42.55    20.00    23.00
 7234.00     1.00    51.70    47.10    20.00    23.00
 7234.00     2.00    42.40    38.00    20.00    23.00
 7240.00      .00    49.66    42.31    38.00    40.00
 7240.00     1.00    56.58    53.00    38.00    40.00
 7240.00     2.00    47.93    41.41    38.00    40.00
 7241.00      .00    52.30    41.90    38.00    40.00
 7241.00     1.00    56.60    41.90    38.00    40.00
 7241.00     2.00    48.00    41.90    38.00    40.00
 7242.00      .00    51.89    47.25    48.00    39.00
 7242.00     1.00    56.70    53.00    48.00    39.00
 7242.00     2.00    51.10    46.30    48.00    39.00
 7243.00      .00    54.48    36.00    42.00    41.00
 7243.00     1.00    56.40    41.90    42.00    41.00
 7243.00     2.00    51.10    36.00    42.00    41.00
 7244.00      .00    52.30    41.90    35.00    40.00
 7244.00     1.00    56.60    41.90    35.00    40.00
 7244.00     2.00    48.00    41.90    35.00    40.00
 7245.00      .00    45.29    37.88    36.00    38.00
 7245.00     1.00    56.70    53.00    36.00    38.00
 7245.00     2.00    43.20    36.00    36.00    38.00
 7310.00      .00    52.75    47.40    45.00    38.00
 7310.00     1.00    61.35    47.40    45.00    38.00
 7310.00     2.00    49.66    47.40    45.00    38.00
 7311.00      .00    51.92    47.40    47.00    38.00
 7311.00     1.00    60.10    47.40    47.00    38.00
 7311.00     2.00    49.20    47.40    47.00    38.00
 7312.00      .00    80.60    47.40    33.00    38.00
 7312.00     1.00    80.60    47.40    33.00    38.00
 7312.00     2.00    80.60    47.40    33.00    38.00
 7313.00      .00    51.92    47.40    43.00    38.00
 7313.00     1.00    60.10    47.40    43.00    38.00
 7313.00     2.00    49.20    47.40    43.00    38.00
 7321.00      .00    52.88    39.87    25.00    27.00
 7321.00     1.00    58.40    53.00    25.00    27.00
 7321.00     2.00    49.20    38.00    25.00    27.00
 7322.00      .00    51.04    38.00    37.00    29.00
 7322.00     1.00    58.40    38.00    37.00    29.00
 7322.00     2.00    49.20    38.00    37.00    29.00
 7323.00      .00    55.33    38.00    31.00    29.00
 7323.00     1.00    58.40    38.00    31.00    29.00
 7323.00     2.00    49.20    38.00    31.00    29.00
 7324.00      .00    53.95    38.00    31.00    29.00
 7324.00     1.00    59.40    38.00    31.00    29.00
 7324.00     2.00    48.50    38.00    31.00    29.00
 7330.00      .00    44.47    30.03    31.00    29.00
 7330.00     1.00    58.40    53.00    31.00    29.00
 7330.00     2.00    35.00    27.27    31.00    29.00
 7331.00      .00    46.70    27.40    31.00    29.00
 7331.00     1.00    58.40    27.40    31.00    29.00
 7331.00     2.00    35.00    27.40    31.00    29.00
 7332.00      .00    46.70    29.93    31.00    29.00
 7332.00     1.00    58.40    53.00    31.00    29.00
 7332.00     2.00    35.00    25.50    31.00    29.00
 7340.00      .00    54.30    36.99    42.00    40.00
 7340.00     1.00    58.50    42.04    42.00    40.00
 7340.00     2.00    53.10    36.51    42.00    40.00
 7341.00      .00    54.46    28.00    42.00    40.00
 7341.00     1.00    58.40    28.00    42.00    40.00
 7341.00     2.00    53.10    28.00    42.00    40.00
 7342.00      .00    53.10    37.70    41.00    40.00
 7342.00     1.00    59.40    37.70    41.00    40.00
 7342.00     2.00    53.10    37.70    41.00    40.00
 7343.00      .00    56.25    37.70    41.00    42.00
 7343.00     1.00    59.40    37.70    41.00    42.00
 7343.00     2.00    53.10    37.70    41.00    42.00
 7344.00      .00    56.25    44.10    42.00    40.00
 7344.00     1.00    59.40    37.70    42.00    40.00
 7344.00     2.00    53.10    44.10    42.00    40.00
 7345.00      .00    53.10    44.10    32.00    37.00
 7345.00     1.00    59.40    44.10    32.00    37.00
 7345.00     2.00    53.10    44.10    32.00    37.00
 7346.00      .00    56.25    37.70    52.00    38.00
 7346.00     1.00    59.40    37.70    52.00    38.00
 7346.00     2.00    53.10    37.70    52.00    38.00
 7410.00      .00    39.68    33.62    28.00    30.00
 7410.00     1.00    54.80    46.70    28.00    30.00
 7410.00     2.00    37.09    32.30    28.00    30.00
 7411.00      .00    40.81    25.90    24.00    30.00
 7411.00     1.00    54.80    25.90    24.00    30.00
 7411.00     2.00    38.30    25.90    24.00    30.00
 7412.00      .00    36.86    36.43    33.00    31.00
 7412.00     1.00    54.80    47.30    33.00    31.00
 7412.00     2.00    33.70    35.00    33.00    31.00
 7413.00      .00    42.83    37.54    34.00    30.00
 7413.00     1.00    54.80    45.50    34.00    30.00
 7413.00     2.00    41.50    37.10    34.00    30.00
 7414.00      .00    41.50    38.55    35.00    30.00
 7414.00     1.00    54.80    47.30    35.00    30.00
 7414.00     2.00    41.50    37.10    35.00    30.00
 7415.00      .00    44.16    40.46    34.00    30.00
 7415.00     1.00    54.80    45.50    34.00    30.00
 7415.00     2.00    41.50    37.10    34.00    30.00
 7416.00      .00    41.50    37.10    34.00    30.00
 7416.00     1.00    54.80    45.50    34.00    30.00
 7416.00     2.00    41.50    37.10    34.00    30.00
 7420.00      .00    40.12    36.20    29.00    33.00
 7420.00     1.00    44.80    53.00    29.00    33.00
 7420.00     2.00    38.30    33.40    29.00    33.00
 7421.00      .00    41.55    39.45    29.00    33.00
 7421.00     1.00    44.80    45.50    29.00    33.00
 7421.00     2.00    38.30    33.40    29.00    33.00
 7422.00      .00    40.16    36.66    40.00    33.00
 7422.00     1.00    44.80    53.00    40.00    33.00
 7422.00     2.00    38.30    33.40    40.00    33.00
 7423.00      .00    40.73    33.40    36.00    33.00
 7423.00     1.00    44.80    45.50    36.00    33.00
 7423.00     2.00    38.30    33.40    36.00    33.00
 7424.00      .00    41.55    39.45    21.00    33.00
 7424.00     1.00    44.80    45.50    21.00    33.00
 7424.00     2.00    38.30    33.40    21.00    33.00
 7430.00      .00    45.00    34.64    34.00    36.00
 7430.00     1.00    56.40    45.55    34.00    36.00
 7430.00     2.00    39.30    32.30    34.00    36.00
 7431.00      .00    39.30    39.00    29.00    29.00
 7431.00     1.00    56.40    45.60    29.00    29.00
 7431.00     2.00    39.30    32.40    29.00    29.00
 7432.00      .00    44.56    33.73    32.00    29.00
 7432.00     1.00    56.40    45.40    32.00    29.00
 7432.00     2.00    39.30    31.40    32.00    29.00
 7433.00      .00    43.57    35.47    40.00    45.00
 7433.00     1.00    56.40    45.60    40.00    45.00
 7433.00     2.00    39.30    33.20    40.00    45.00
 7434.00      .00    47.85    39.82    35.00    36.00
 7434.00     1.00    56.40    45.40    35.00    36.00
 7434.00     2.00    39.30    32.40    35.00    36.00
 7435.00      .00    46.14    31.67    40.00    36.00
 7435.00     1.00    56.40    45.40    40.00    36.00
 7435.00     2.00    39.30    27.10    40.00    36.00
 7436.00      .00    39.30    29.25    26.00    33.00
 7436.00     1.00    56.40    45.40    26.00    33.00
 7436.00     2.00    39.30    27.10    26.00    33.00
 7437.00      .00    46.24    30.76    31.00    28.00
 7437.00     1.00    56.40    45.40    31.00    28.00
 7437.00     2.00    39.30    27.10    31.00    28.00
 7440.00      .00    42.83    31.30    27.00    31.00
 7440.00     1.00    56.40    45.40    27.00    31.00
 7440.00     2.00    39.30    28.90    27.00    31.00
 7441.00      .00    39.30    37.15    22.00    31.00
 7441.00     1.00    49.90    45.40    22.00    31.00
 7441.00     2.00    39.30    28.90    22.00    31.00
 7442.00      .00    44.18    31.30    27.00    31.00
 7442.00     1.00    56.40    45.40    27.00    31.00
 7442.00     2.00    39.30    28.90    27.00    31.00
 7510.00      .00    55.95    56.18    46.00    42.00
 7510.00     1.00    64.20    45.40    46.00    42.00
 7510.00     2.00    55.20    57.70    46.00    42.00
 7520.00      .00    42.62    43.40    46.00    39.00
 7520.00     1.00    64.20    45.40    46.00    39.00
 7520.00     2.00    41.70    43.40    46.00    39.00
 8111.00      .00    36.91    32.10    34.00    35.00
 8111.00     1.00    48.70    38.30    34.00    35.00
 8111.00     2.00    35.60    32.10    34.00    35.00
 8112.00      .00    43.85    35.20    32.00    35.00
 8112.00     1.00    49.20    38.30    32.00    35.00
 8112.00     2.00    38.50    32.10    32.00    35.00
 8113.00      .00    43.85    35.20    31.00    35.00
 8113.00     1.00    49.20    38.30    31.00    35.00
 8113.00     2.00    38.50    32.10    31.00    35.00
 8121.00      .00    36.69    32.10    45.00    31.00
 8121.00     1.00    48.70    32.10    45.00    31.00
 8121.00     2.00    35.60    32.10    45.00    31.00
 8122.00      .00    36.16    32.10    36.00    30.00
 8122.00     1.00    48.70    32.10    36.00    30.00
 8122.00     2.00    35.60    32.10    36.00    30.00
 8123.00      .00    35.60    32.10    38.00    28.00
 8123.00     1.00    35.60    32.10    38.00    28.00
 8123.00     2.00    35.60    32.10    38.00    28.00
 8124.00      .00    35.60    32.10    28.00    30.00
 8124.00     1.00    35.60    32.10    28.00    30.00
 8124.00     2.00    35.60    32.10    28.00    30.00
 8131.00      .00    36.10    32.10    31.00    22.00
 8131.00     1.00    36.10    38.30    31.00    22.00
 8131.00     2.00    36.10    32.10    31.00    22.00
 8139.00      .00    36.10    35.20    31.00    22.00
 8139.00     1.00    36.10    38.30    31.00    22.00
 8139.00     2.00    36.10    32.10    31.00    22.00
 8141.00      .00    43.85    35.20    29.00    27.00
 8141.00     1.00    49.20    38.30    29.00    27.00
 8141.00     2.00    38.50    32.10    29.00    27.00
 8142.00      .00    43.85    35.20    28.00    27.00
 8142.00     1.00    49.20    38.30    28.00    27.00
 8142.00     2.00    38.50    32.10    28.00    27.00
 8143.00      .00    43.85    35.20    28.00    27.00
 8143.00     1.00    49.20    38.30    28.00    27.00
 8143.00     2.00    38.50    32.10    28.00    27.00
 8151.00      .00    42.70    35.20    43.00    35.00
 8151.00     1.00    42.70    38.30    43.00    35.00
 8151.00     2.00    42.70    32.10    43.00    35.00
 8152.00      .00    42.70    35.20    43.00    35.00
 8152.00     1.00    42.70    38.30    43.00    35.00
 8152.00     2.00    42.70    32.10    43.00    35.00
 8153.00      .00    42.70    35.20    43.00    35.00
 8153.00     1.00    42.70    38.30    43.00    35.00
 8153.00     2.00    42.70    32.10    43.00    35.00
 8154.00      .00    42.70    35.20    43.00    35.00
 8154.00     1.00    42.70    38.30    43.00    35.00
 8154.00     2.00    42.70    32.10    43.00    35.00
 8155.00      .00    42.70    32.10    37.00    35.00
 8155.00     1.00    42.70    38.30    37.00    35.00
 8155.00     2.00    42.70    32.10    37.00    35.00
 8159.00      .00    42.70    35.20    43.00    35.00
 8159.00     1.00    42.70    38.30    43.00    35.00
 8159.00     2.00    42.70    32.10    43.00    35.00
 8160.00      .00    39.44    32.10    38.00    32.00
 8160.00     1.00    38.70    38.30    38.00    32.00
 8160.00     2.00    39.44    32.10    38.00    32.00
 8161.00      .00    42.70    32.10    42.00    33.00
 8161.00     1.00    38.70    38.30    42.00    33.00
 8161.00     2.00    42.70    32.10    42.00    33.00
 8162.00      .00    42.70    35.20    35.00    27.00
 8162.00     1.00    38.70    38.30    35.00    27.00
 8162.00     2.00    42.70    32.10    35.00    27.00
 8163.00      .00    38.70    32.10    34.00    33.00
 8163.00     1.00    38.70    38.30    34.00    33.00
 8163.00     2.00    38.70    32.10    34.00    33.00
 8171.00      .00    43.85    35.20    30.00    26.00
 8171.00     1.00    49.20    38.30    30.00    26.00
 8171.00     2.00    38.50    32.10    30.00    26.00
 8172.00      .00    43.85    35.20    30.00    26.00
 8172.00     1.00    49.20    38.30    30.00    26.00
 8172.00     2.00    38.50    32.10    30.00    26.00
 8210.00      .00    39.15    33.30    37.00    36.00
 8210.00     1.00    48.70    38.30    37.00    36.00
 8210.00     2.00    38.51    33.19    37.00    36.00
 8211.00      .00    42.20    35.39    38.00    36.00
 8211.00     1.00    42.20    38.30    38.00    36.00
 8211.00     2.00    42.20    35.30    38.00    36.00
 8212.00      .00    43.08    35.30    30.00    30.00
 8212.00     1.00    48.70    38.30    30.00    30.00
 8212.00     2.00    42.20    35.30    30.00    30.00
 8221.00      .00    50.60    47.10    43.00    30.00
 8221.00     1.00    50.60    38.30    43.00    30.00
 8221.00     2.00    50.60    47.10    43.00    30.00
 8222.00      .00    43.40    42.70    43.00    30.00
 8222.00     1.00    43.40    38.30    43.00    30.00
 8222.00     2.00    43.40    47.10    43.00    30.00
 8223.00      .00    43.40    42.70    28.00    30.00
 8223.00     1.00    43.40    38.30    28.00    30.00
 8223.00     2.00    43.40    47.10    28.00    30.00
 8224.00      .00    43.40    42.70    43.00    30.00
 8224.00     1.00    43.40    38.30    43.00    30.00
 8224.00     2.00    43.40    47.10    43.00    30.00
 8229.00      .00    38.17    47.10    43.00    30.00
 8229.00     1.00    48.70    47.10    43.00    30.00
 8229.00     2.00    37.80    47.10    43.00    30.00
 8231.00      .00    38.03    21.20    30.00    30.00
 8231.00     1.00    48.70    38.30    30.00    30.00
 8231.00     2.00    35.90    21.20    30.00    30.00
 8232.00      .00    38.82    22.20    30.00    30.00
 8232.00     1.00    48.70    38.30    30.00    30.00
 8232.00     2.00    35.90    21.20    30.00    30.00
 8240.00      .00    27.01    28.07    31.00    29.00
 8240.00     1.00    48.70    38.30    31.00    29.00
 8240.00     2.00    24.30    27.10    31.00    29.00
 8251.00      .00    46.50    27.10    41.00    38.00
 8251.00     1.00    46.50    38.30    41.00    38.00
 8251.00     2.00    46.50    27.10    41.00    38.00
 8252.00      .00    46.50    34.40    32.00    38.00
 8252.00     1.00    46.50    38.30    32.00    38.00
 8252.00     2.00    46.50    30.50    32.00    38.00
 8253.00      .00    46.65    28.03    28.00    38.00
 8253.00     1.00    48.70    38.30    28.00    38.00
 8253.00     2.00    46.50    27.10    28.00    38.00
 8261.00      .00    26.70    33.45    29.00    29.00
 8261.00     1.00    26.70    38.30    29.00    29.00
 8261.00     2.00    26.70    28.60    29.00    29.00
 8262.00      .00    26.70    26.80    29.00    29.00
 8262.00     1.00    26.70    38.30    29.00    29.00
 8262.00     2.00    26.70    26.80    29.00    29.00
 8263.00      .00    34.03    30.55    25.00    32.00
 8263.00     1.00    48.70    38.30    25.00    32.00
 8263.00     2.00    26.70    30.30    25.00    32.00
 8264.00      .00    26.70    33.45    25.00    24.00
 8264.00     1.00    26.70    38.30    25.00    24.00
 8264.00     2.00    26.70    28.60    25.00    24.00
 8265.00      .00    26.70    30.30    26.00    32.00
 8265.00     1.00    26.70    38.30    26.00    32.00
 8265.00     2.00    26.70    30.30    26.00    32.00
 8266.00      .00    26.70    22.82    28.00    32.00
 8266.00     1.00    26.70    38.30    28.00    32.00
 8266.00     2.00    26.70    22.40    28.00    32.00
 8269.00      .00    35.50    30.30    26.00    32.00
 8269.00     1.00    48.70    38.30    26.00    32.00
 8269.00     2.00    26.70    30.30    26.00    32.00
 8270.00      .00    35.88    33.11    33.00    29.00
 8270.00     1.00    48.70    33.00    33.00    29.00
 8270.00     2.00    35.50    33.12    33.00    29.00
 8271.00      .00    35.50    35.65    31.00    29.00
 8271.00     1.00    35.50    38.30    31.00    29.00
 8271.00     2.00    35.50    33.00    31.00    29.00
 8272.00      .00    35.50    35.65    34.00    29.00
 8272.00     1.00    35.50    38.30    34.00    29.00
 8272.00     2.00    35.50    33.00    34.00    29.00
 8273.00      .00    35.50    35.65    33.00    29.00
 8273.00     1.00    35.50    38.30    33.00    29.00
 8273.00     2.00    35.50    33.00    33.00    29.00
 8274.00      .00    35.50    35.65    33.00    29.00
 8274.00     1.00    35.50    38.30    33.00    29.00
 8274.00     2.00    35.50    33.00    33.00    29.00
 8275.00      .00    35.50    35.65    35.00    29.00
 8275.00     1.00    35.50    38.30    35.00    29.00
 8275.00     2.00    35.50    33.00    35.00    29.00
 8276.00      .00    35.50    35.65    45.00    29.00
 8276.00     1.00    35.50    38.30    45.00    29.00
 8276.00     2.00    35.50    33.00    45.00    29.00
 8277.00      .00    35.50    35.65    34.00    29.00
 8277.00     1.00    35.50    38.30    34.00    29.00
 8277.00     2.00    35.50    33.00    34.00    29.00
 8278.00      .00    38.14    33.00    34.00    29.00
 8278.00     1.00    48.70    38.30    34.00    29.00
 8278.00     2.00    35.50    33.00    34.00    29.00
 8279.00      .00    35.50    34.00    39.00    29.00
 8279.00     1.00    35.50    38.30    39.00    29.00
 8279.00     2.00    35.50    34.00    39.00    29.00
 8281.00      .00    42.30    34.40    30.00    30.00
 8281.00     1.00    49.20    38.30    30.00    30.00
 8281.00     2.00    35.40    30.50    30.00    30.00
 8282.00      .00    42.30    34.40    48.00    34.00
 8282.00     1.00    49.20    38.30    48.00    34.00
 8282.00     2.00    35.40    30.50    48.00    34.00
 8283.00      .00    42.30    34.40    48.00    34.00
 8283.00     1.00    49.20    38.30    48.00    34.00
 8283.00     2.00    35.40    30.50    48.00    34.00
 8284.00      .00    42.30    34.40    30.00    30.00
 8284.00     1.00    49.20    38.30    30.00    30.00
 8284.00     2.00    35.40    30.50    30.00    30.00
 8285.00      .00    42.30    34.40    31.00    30.00
 8285.00     1.00    49.20    38.30    31.00    30.00
 8285.00     2.00    35.40    30.50    31.00    30.00
 8286.00      .00    42.30    34.40    28.00    30.00
 8286.00     1.00    49.20    38.30    28.00    30.00
 8286.00     2.00    35.40    30.50    28.00    30.00
 8290.00      .00    34.20    34.13    33.00    26.00
 8290.00     1.00    48.70    38.30    33.00    26.00
 8290.00     2.00    33.80    34.00    33.00    26.00
 8300.00      .00    40.02    29.64    33.00    32.00
 8300.00     1.00    49.21    37.21    33.00    32.00
 8300.00     2.00    38.12    26.78    33.00    32.00
 8311.00      .00    45.10    33.80    43.00    41.00
 8311.00     1.00    45.10    38.30    43.00    41.00
 8311.00     2.00    45.10    29.30    43.00    41.00
 8312.00      .00    47.15    33.80    29.00    32.00
 8312.00     1.00    49.20    38.30    29.00    32.00
 8312.00     2.00    45.10    29.30    29.00    32.00
 8320.00      .00    42.94    38.40    32.00    34.00
 8320.00     1.00    50.04    38.40    32.00    34.00
 8320.00     2.00    41.01    38.40    32.00    34.00
 8321.00      .00    45.45    38.40    31.00    30.00
 8321.00     1.00    49.90    38.40    31.00    30.00
 8321.00     2.00    41.00    38.40    31.00    30.00
 8322.00      .00    46.48    38.40    31.00    30.00
 8322.00     1.00    53.70    38.40    31.00    30.00
 8322.00     2.00    43.70    38.40    31.00    30.00
 8323.00      .00    39.78    38.40    32.00    30.00
 8323.00     1.00    48.70    38.40    32.00    30.00
 8323.00     2.00    39.30    38.40    32.00    30.00
 8324.00      .00    42.71    38.40    33.00    34.00
 8324.00     1.00    48.70    38.40    33.00    34.00
 8324.00     2.00    40.90    38.40    33.00    34.00
 8331.00      .00    27.51    28.30    31.00    26.00
 8331.00     1.00    41.60    38.30    31.00    26.00
 8331.00     2.00    26.60    18.30    31.00    26.00
 8332.00      .00    34.65    18.30    32.00    26.00
 8332.00     1.00    41.60    18.30    32.00    26.00
 8332.00     2.00    33.60    18.30    32.00    26.00
 8333.00      .00    30.78    18.30    33.00    28.00
 8333.00     1.00    41.60    18.30    33.00    28.00
 8333.00     2.00    30.50    18.30    33.00    28.00
 8334.00      .00    31.17    18.30    28.00    28.00
 8334.00     1.00    41.60    18.30    28.00    28.00
 8334.00     2.00    30.80    18.30    28.00    28.00
 8340.00      .00    38.18    18.30    29.00    32.00
 8340.00     1.00    41.60    38.30    29.00    32.00
 8340.00     2.00    37.80    18.30    29.00    32.00
 9111.00      .00    32.00    34.25    24.00    29.00
 9111.00     1.00    29.40    39.80    24.00    29.00
 9111.00     2.00    34.60    28.70    24.00    29.00
 9112.00      .00    32.00    34.25    24.00    28.00
 9112.00     1.00    29.40    39.80    24.00    28.00
 9112.00     2.00    34.60    28.70    24.00    28.00
 9113.00      .00    32.00    34.25    26.00    29.00
 9113.00     1.00    29.40    39.80    26.00    29.00
 9113.00     2.00    34.60    28.70    26.00    29.00
 9131.00      .00    32.00    31.00    22.00    16.00
 9131.00     1.00    29.40    39.80    22.00    16.00
 9131.00     2.00    34.60    31.00    22.00    16.00
 9132.00      .00    32.70    31.02    21.00    16.00
 9132.00     1.00    29.40    39.80    21.00    16.00
 9132.00     2.00    32.70    31.00    21.00    16.00
 9133.00      .00    32.70    28.24    22.00    16.00
 9133.00     1.00    29.40    39.80    22.00    16.00
 9133.00     2.00    32.70    27.60    22.00    16.00
 9141.00      .00    31.92    27.17    25.00    23.00
 9141.00     1.00    29.40    39.80    25.00    23.00
 9141.00     2.00    32.70    27.00    25.00    23.00
 9142.00      .00    32.70    27.00    19.00    23.00
 9142.00     1.00    29.40    39.80    19.00    23.00
 9142.00     2.00    32.70    27.00    19.00    23.00
 9151.00      .00    33.74    34.20    22.00    25.00
 9151.00     1.00    29.40    34.20    22.00    25.00
 9151.00     2.00    34.00    34.20    22.00    25.00
 9152.00      .00    33.92    34.80    20.00    27.00
 9152.00     1.00    29.40    34.80    20.00    27.00
 9152.00     2.00    34.00    34.80    20.00    27.00
 9153.00      .00    49.90    47.00    21.00    27.00
 9153.00     1.00    49.90    47.00    21.00    27.00
 9153.00     2.00    49.90    47.00    21.00    27.00
 9160.00      .00    30.48    23.93    13.00    23.00
 9160.00     1.00    29.40    39.80    13.00    23.00
 9160.00     2.00    30.50    23.30    13.00    23.00
 9161.00      .00    30.50    23.30    13.00    23.00
 9161.00     1.00    29.40    39.80    13.00    23.00
 9161.00     2.00    30.50    23.30    13.00    23.00
 9162.00      .00    29.95    31.55    13.00    23.00
 9162.00     1.00    29.40    39.80    13.00    23.00
 9162.00     2.00    30.50    23.30    13.00    23.00
 9211.00      .00    23.50     1.00    23.00    16.00
 9211.00     1.00    23.50     1.00    23.00    16.00
 9211.00     2.00    23.50     1.00    23.00    16.00
 9212.00      .00    23.50     1.00    18.00    16.00
 9212.00     1.00    23.50     1.00    18.00    16.00
 9212.00     2.00    23.50     1.00    18.00    16.00
 9213.00      .00    23.50     1.00    23.00    16.00
 9213.00     1.00    23.50     1.00    23.00    16.00
 9213.00     2.00    23.50     1.00    23.00    16.00
 9300.00      .00    30.58    26.50    18.00    23.00
 9300.00     1.00    46.27    39.80    18.00    23.00
 9300.00     2.00    28.28    25.48    18.00    23.00
 9311.00      .00    36.75    32.70    18.00    21.00
 9311.00     1.00    52.70    39.80    18.00    21.00
 9311.00     2.00    20.80    25.60    18.00    21.00
 9312.00      .00    36.75    32.70    15.00    21.00
 9312.00     1.00    52.70    39.80    15.00    21.00
 9312.00     2.00    20.80    25.60    15.00    21.00
 9313.00      .00    21.15    27.30    15.00    21.00
 9313.00     1.00    29.40    39.80    15.00    21.00
 9313.00     2.00    20.80    24.80    15.00    21.00
 9321.00      .00    40.45    32.70    18.00    20.00
 9321.00     1.00    52.70    39.80    18.00    20.00
 9321.00     2.00    28.20    25.60    18.00    20.00
 9322.00      .00    40.45    32.70    22.00    24.00
 9322.00     1.00    52.70    39.80    22.00    24.00
 9322.00     2.00    28.20    25.60    22.00    24.00
 9330.00      .00    34.97    26.72    20.00    29.00
 9330.00     1.00    48.97    39.80    20.00    29.00
 9330.00     2.00    29.24    26.12    20.00    29.00
 9331.00      .00    29.40    26.70    17.00    22.00
 9331.00     1.00    52.70    39.80    17.00    22.00
 9331.00     2.00    29.40    26.20    17.00    22.00
 9332.00      .00    48.21    39.80    22.00    22.00
 9332.00     1.00    52.70    39.80    22.00    22.00
 9332.00     2.00    29.40    26.20    22.00    22.00
 9333.00      .00    40.95    26.20    20.00    30.00
 9333.00     1.00    52.70    26.20    20.00    30.00
 9333.00     2.00    29.20    26.20    20.00    30.00
