  110.00    62.50    63.50  -999.00  -999.00
 1000.00    72.23    55.90    51.00    55.00
 1100.00    83.00    52.30    67.00    70.00
 1120.00    83.00    52.30    71.00    77.00
 1130.00    83.00    52.30    63.00    66.00
 1140.00    83.00    52.30    63.00    58.00
 1141.00    83.00    52.30    63.00    58.00
 1142.00    83.00    52.30    63.00    58.00
 1143.00    83.00    52.30    63.00    58.00
 1200.00    83.00    55.60    60.00    68.00
 1210.00    83.00    55.60    70.00    70.00
 1220.00    72.20    55.60    63.00    67.00
 1221.00    72.20    55.60    60.00    67.00
 1222.00    72.20    55.60    60.00    67.00
 1223.00    72.20    55.60    60.00    67.00
 1224.00    72.20    55.60    60.00    59.00
 1225.00    72.20    55.60    60.00    59.00
 1226.00    72.20    55.60    60.00    59.00
 1227.00    72.20    55.60    60.00    87.00
 1228.00    72.20    55.60    60.00    59.00
 1229.00    72.20    55.60    60.00    67.00
 1230.00    83.00    55.60    60.00    61.00
 1231.00    72.20    55.60    60.00    69.00
 1232.00    72.20    55.60    60.00    69.00
 1233.00    72.20    55.60    60.00    56.00
 1234.00    72.20    55.60    60.00    69.00
 1235.00    72.20    55.60    60.00    69.00
 1236.00    72.20    55.60    60.00    69.00
 1237.00    72.20    55.60    60.00    69.00
 1239.00    83.00    55.60    60.00    69.00
 1250.00    72.20    55.60    65.00    64.00
 1251.00    72.20    55.60    73.00    70.00
 1252.00    72.20    55.60    63.00    60.00
 1300.00    71.70    56.35    50.00    51.00
 1310.00    71.70    56.35    50.00    51.00
 1311.00    72.70    54.80    47.00    43.00
 1312.00    66.60    54.80    52.00    56.00
 1313.00    83.60    56.50    52.00    51.00
 1314.00    57.00    58.30    46.00    49.00
 1315.00    57.00    58.30    38.00    44.00
 1316.00    57.00    58.30    52.00    51.00
 1317.00    83.00    58.30    52.00    51.00
 1318.00    71.30    56.50    52.00    51.00
 1319.00    72.70    54.80    52.00    51.00
 2000.00    78.09    70.01    62.00    70.00
 2100.00    79.71    73.71    63.00    69.00
 2110.00    78.40    94.40    69.00    74.00
 2111.00    78.40    94.40    75.00    74.00
 2112.00    78.40    94.40    72.00    74.00
 2113.00    78.40    94.40    69.00    74.00
 2114.00    78.40    94.40    67.00    74.00
 2120.00    90.10    95.50    56.00    71.00
 2121.00    90.10    95.50    69.00    71.00
 2122.00    80.30    95.50    55.00    71.00
 2130.00    90.10    95.50    51.00    71.00
 2131.00    90.10    74.00    51.00    71.00
 2132.00    90.10    95.50    51.00    71.00
 2139.00    90.10    95.50    51.00    71.00
 2140.00    79.03    69.74    63.00    73.00
 2141.00    80.90    81.90    72.00    69.00
 2142.00    80.90    81.90    70.00    69.00
 2143.00    93.30    67.40    65.00    68.00
 2144.00    93.30    67.40    65.00    68.00
 2145.00    88.20    67.40    66.00    67.00
 2146.00    79.70    67.40    66.00    71.00
 2147.00    72.90    67.40    61.00    67.00
 2148.00    79.70    69.80    58.00    56.00
 2149.00    72.90    67.40    56.00    69.00
 2200.00    82.08    74.14    70.00    80.00
 2210.00    73.90    61.60    62.00    78.00
 2211.00    73.90    61.60    69.00    77.00
 2212.00    80.30    61.60    68.00    77.00
 2213.00    73.90    61.60    56.00    79.00
 2220.00    84.09    78.27    73.00    85.00
 2221.00    87.40    85.90    78.00    88.00
 2222.00    73.90    51.60    70.00    85.00
 2223.00    73.90    51.60    61.00    83.00
 2224.00    73.90    51.60    64.00    74.00
 2229.00    80.30    75.00    73.00    85.00
 2230.00    80.30    51.60    54.00    43.00
 2231.00    80.30    51.60  -999.00  -999.00
 2300.00    72.73    68.92    61.00    69.00
 2310.00    79.70    81.60    78.00    77.00
 2320.00    65.80    66.20    60.00    69.00
 2321.00    65.80    66.20    60.00    70.00
 2322.00    65.80    66.20    57.00    66.00
 2323.00    65.80    66.20  -999.00  -999.00
 2330.00    71.60    64.30    57.00    66.00
 2331.00    71.60    64.30    57.00    66.00
 2332.00    71.60    64.30    49.00    43.00
 2340.00    71.60    54.00    62.00    66.00
 2350.00    65.00    54.00    62.00    66.00
 2351.00    65.00    54.00    68.00    70.00
 2352.00    65.00    54.00    68.00    70.00
 2359.00    65.00    54.00    62.00    65.00
 2400.00    75.57    65.87    60.00    68.00
 2410.00    72.30    50.20    57.00    69.00
 2411.00    71.50    52.40    62.00    69.00
 2412.00    71.50    41.40    56.00    69.00
 2419.00    75.50    41.40    57.00    69.00
 2420.00    95.00    52.30    73.00    85.00
 2421.00    95.00    52.30    73.00    85.00
 2422.00    95.00    66.70    76.00    90.00
 2429.00    95.00    52.30    71.00    82.00
 2430.00    71.50    56.00    54.00    65.00
 2431.00    71.50    56.00    54.00    65.00
 2432.00    71.50    56.00    54.00    65.00
 2440.00    71.50    77.30    58.00    65.00
 2441.00    71.50    78.60    60.00    78.00
 2442.00    71.50    78.60    67.00    71.00
 2443.00    71.50    78.60    67.00    71.00
 2444.00    71.50    56.00    62.00    65.00
 2445.00    71.50    61.60    67.00    71.00
 2446.00    71.50    78.60    52.00    51.00
 2449.00    71.50    56.00  -999.00  -999.00
 2450.00    68.50    99.00    57.00    61.00
 2451.00    68.50    99.00    58.00    65.00
 2452.00    68.50    99.00    57.00    54.00
 2453.00    68.50    99.00    45.00    64.00
 2454.00    68.50    99.00    40.00    64.00
 2455.00    68.50    99.00    57.00    64.00
 2460.00    68.50    66.70    60.00    53.00
 2490.00    75.50    99.00  -999.00  -999.00
 3000.00    59.61    50.95    48.00    54.00
 3100.00    55.20    46.82    48.00    50.00
 3110.00    60.40    41.94    47.00    49.00
 3111.00    60.40    36.50    46.00    45.00
 3112.00    60.40    45.10    39.00    45.00
 3113.00    60.40    41.60    46.00    46.00
 3114.00    60.40    45.10    46.00    46.00
 3115.00    60.40    36.50    46.00    54.00
 3116.00    60.40    36.50    46.00    54.00
 3117.00    60.40    41.60    53.00    54.00
 3118.00    60.40    45.10    55.00    51.00
 3119.00    60.40    45.10    46.00    53.00
 3120.00    55.10    63.80    53.00    52.00
 3121.00    55.10    46.40    53.00    52.00
 3122.00    55.30    63.80    53.00    52.00
 3123.00    55.30    46.40    53.00    52.00
 3130.00    55.10    63.80    46.00    52.00
 3131.00    55.10    63.80    46.00    48.00
 3132.00    55.10    63.80    49.00    57.00
 3133.00    55.10    63.80    58.00    57.00
 3139.00    55.10    63.80    44.00    52.00
 3140.00    53.19    46.60    57.00    57.00
 3141.00    53.20    46.40    60.00    52.00
 3142.00    50.90    46.40    55.00    52.00
 3143.00    56.90    46.40    60.00    69.00
 3144.00    53.20    46.40    50.00    69.00
 3145.00    56.90    46.60    46.00    50.00
 3150.00    54.10    46.60    54.00    50.00
 3151.00    54.10    46.60    54.00    50.00
 3152.00    54.10    46.60    54.00    50.00
 3200.00    68.55    48.84    51.00    48.00
 3210.00    60.40    41.72    52.00    50.00
 3211.00    69.10    60.00    52.00    50.00
 3212.00    60.40    36.50    47.00    50.00
 3213.00    69.10    36.50    55.00    50.00
 3220.00    69.10    46.64    51.00    55.00
 3221.00    69.10    57.70    53.00    51.00
 3222.00    69.10    35.60    48.00    51.00
 3223.00    69.10    45.90    52.00    51.00
 3224.00    69.10    45.90    60.00    60.00
 3225.00    69.10    45.90    44.00    51.00
 3226.00    69.10    45.90    51.00    60.00
 3227.00    69.10    60.00    48.00    51.00
 3228.00    69.10    60.00    44.00    51.00
 3229.00    69.10    38.10    45.00    51.00
 3230.00    69.10    50.64    44.00    38.00
 3231.00    69.10    51.60    44.00    38.00
 3232.00    69.10    38.10    44.00    38.00
 3239.00    69.10    38.10  -999.00  -999.00
 3240.00    69.10    49.10    29.00    49.00
 3241.00    69.10    49.10    29.00    51.00
 3242.00    69.10    49.10    22.00    38.00
 3300.00    69.10    54.63    50.00    38.00
 3310.00    59.70    76.50    50.00    38.00
 3320.00    59.70    51.70    50.00    38.00
 3330.00    59.70    76.50    50.00    38.00
 3340.00    69.10    76.50    50.00    38.00
 3400.00    61.02    53.32    48.00    55.00
 3410.00    59.70    66.60    47.00    55.00
 3411.00    59.70    66.60    50.00    61.00
 3412.00    59.70    66.60    44.00    54.00
 3413.00    59.70    66.60    49.00    59.00
 3414.00    60.90    66.60    43.00    56.00
 3415.00    59.70    66.60    46.00    56.00
 3416.00    60.90    66.60    49.00    50.00
 3417.00    60.90    66.60    46.00    56.00
 3419.00    59.70    66.60    46.00    55.00
 3420.00    55.85    54.20    42.00    55.00
 3421.00    54.00    54.20    55.00    55.00
 3422.00    59.70    54.20    50.00    55.00
 3423.00    56.80    54.20    49.00    55.00
 3429.00    56.80    54.20    42.00    55.00
 3430.00    64.40    52.60    49.00    54.00
 3431.00    60.90    78.30    53.00    54.00
 3432.00    64.40    78.30    49.00    59.00
 3433.00    64.40    49.60    49.00    51.00
 3434.00    64.40    78.30    51.00    61.00
 3439.00    64.40    78.30    53.00    54.00
 3440.00    64.40    50.00    52.00    56.00
 3441.00    64.40    50.00    44.00    56.00
 3442.00    64.40    50.00    52.00    57.00
 3443.00    64.40    50.00    55.00    56.00
 3444.00    64.40    50.00    54.00    46.00
 3449.00    64.40    50.00    55.00    56.00
 3450.00    70.20    50.00    45.00    56.00
 3451.00    70.20    53.10    60.00    55.00
 3452.00    70.20    53.10    44.00    56.00
 3460.00    69.10    76.50    49.00    43.00
 3470.00    56.40    43.70    45.00    52.00
 3471.00    56.40    43.70    49.00    53.00
 3472.00    56.40    43.70    50.00    64.00
 3473.00    56.40    43.70    32.00    50.00
 3474.00    56.40    43.70    33.00    50.00
 3475.00    56.40    43.70    49.00    54.00
 4000.00    59.32    46.57    37.00    45.00
 4100.00    60.52    45.79    37.00    45.00
 4110.00    51.40    55.89    45.00    51.00
 4111.00    63.80    50.30    42.00    51.00
 4112.00    51.40    50.30    42.00    50.00
 4113.00    63.80    52.00    45.00    50.00
 4114.00    51.40    52.00    45.00    51.00
 4115.00    51.40    66.30    53.00    53.00
 4120.00    51.40    43.50    44.00    51.00
 4121.00    63.80    43.50    45.00    51.00
 4122.00    51.40    43.50    36.00    51.00
 4130.00    63.80    44.53    32.00    36.00
 4131.00    63.80    40.70    30.00    32.00
 4132.00    63.80    47.70    44.00    43.00
 4133.00    63.80    53.90    37.00    45.00
 4140.00    51.40    32.10    37.00    39.00
 4141.00    63.80    49.10    36.00    39.00
 4142.00    51.40    25.50    33.00    39.00
 4143.00    63.80    49.10    41.00    39.00
 4144.00    63.80    25.50    37.00    39.00
 4190.00    51.40    49.10    37.00    39.00
 4200.00    51.40    49.93    39.00    49.00
 4210.00    51.40    49.90    37.00    48.00
 4211.00    51.40    49.90    34.00    53.00
 4212.00    51.40    49.90    42.00    46.00
 4213.00    51.40    49.90    34.00    40.00
 4214.00    51.40    49.90    15.00    40.00
 4215.00    51.40    49.90    27.00    40.00
 4220.00    51.40    50.08    38.00    52.00
 4221.00    51.40    49.90    38.00    52.00
 4222.00    51.40    50.10    38.00    52.00
 4223.00    51.40    50.10    38.00    52.00
 4229.00    51.40    50.10  -999.00  -999.00
 5000.00    55.74    44.23    32.00    40.00
 5100.00    54.94    43.88    32.00    38.00
 5110.00    59.30    47.90    32.00    34.00
 5111.00    59.30    47.90    50.00    34.00
 5112.00    54.50    47.90    32.00    34.00
 5113.00    54.50    44.50    29.00    34.00
 5120.00    59.30    37.67    26.00    32.00
 5121.00    54.50    37.60    37.00    30.00
 5122.00    59.30    38.00    31.00    30.00
 5123.00    59.30    35.90    21.00    34.00
 5130.00    69.10    51.70    27.00    25.00
 5131.00    54.50    51.70    23.00    25.00
 5132.00    69.10    44.50    42.00    25.00
 5133.00    54.50    44.50    17.00    25.00
 5139.00    54.50    44.50    29.00    25.00
 5140.00    59.30    47.90    29.00    30.00
 5141.00    54.50    47.90    32.00    29.00
 5142.00    54.50    47.90    17.00    19.00
 5143.00    54.50    47.90    34.00    54.00
 5149.00    59.30    47.90    29.00    19.00
 5150.00    54.50    44.50    37.00    43.00
 5151.00    54.50    44.50    37.00    43.00
 5152.00    54.50    44.50    37.00    43.00
 5160.00    54.52    63.50    37.00    47.00
 5161.00    66.10    63.50    35.00    42.00
 5162.00    46.90    63.50    40.00    50.00
 5163.00    66.10    63.50    39.00    40.00
 5164.00    54.50    63.50    39.00    40.00
 5169.00    66.10    63.50    30.00    40.00
 5200.00    59.30    44.53    31.00    43.00
 5220.00    59.30    44.40    32.00    43.00
 5230.00    59.30    45.70    24.00    37.00
 6000.00    55.00    36.90    37.00    23.00
 6100.00    55.00    36.90    38.00    23.00
 6110.00    55.00    36.90    40.00    23.00
 6111.00    55.00    36.90    40.00    23.00
 6112.00    55.00    36.90    40.00    23.00
 6113.00    55.00    36.90    40.00    23.00
 6114.00    55.00    36.90    40.00    23.00
 6120.00    55.00    36.90    40.00    23.00
 6121.00    55.00    36.90    40.00    23.00
 6122.00    55.00    36.90    40.00    23.00
 6123.00    55.00    36.90    40.00    23.00
 6124.00    55.00    36.90    40.00    23.00
 6129.00    55.00    36.90    40.00    23.00
 6130.00    55.00    36.90    38.00    23.00
 6131.00    55.00    36.90    40.00    23.00
 6132.00    55.00    36.90    41.00    27.00
 6133.00    55.00    36.90    40.00    28.00
 6134.00    55.00    36.90    30.00    28.00
 6140.00    55.00    36.90    24.00    22.00
 6141.00    55.00    36.90    24.00    22.00
 6142.00    55.00    36.90    16.00    22.00
 6149.00    55.00    36.90  -999.00  -999.00
 6150.00    55.00    36.90    28.00    28.00
 6151.00    55.00    36.90    23.00    28.00
 6152.00    55.00    36.90    23.00    28.00
 6153.00    55.00    36.90    28.00    28.00
 6154.00    55.00    36.90     6.00    28.00
 6200.00    55.00    36.90    38.00    16.00
 6210.00    55.00    36.90    38.00    16.00
 7000.00    43.52    38.35    38.00    34.00
 7100.00    39.46    32.49    34.00    31.00
 7110.00    29.70    27.80    34.00    30.00
 7111.00    39.40    30.90    34.00    30.00
 7112.00    39.40    30.90    36.00    30.00
 7113.00    29.70    27.80    34.00    27.00
 7120.00    40.20    27.80    34.00    30.00
 7121.00    29.70    27.80    36.00    29.00
 7122.00    34.50    27.80    34.00    29.00
 7123.00    52.10    27.80    34.00    26.00
 7124.00    33.20    27.80    37.00    29.00
 7129.00    52.10    27.80    28.00    30.00
 7130.00    38.84    29.97    37.00    34.00
 7131.00    32.10    26.20    31.00    19.00
 7132.00    32.10    26.20    31.00    30.00
 7133.00    32.10    26.20    31.00    31.00
 7134.00    32.10    26.20    28.00    34.00
 7135.00    32.10    26.20    26.00    26.00
 7136.00    32.60    26.20    34.00    33.00
 7137.00    50.90    48.00    44.00    37.00
 7139.00    32.10    26.20  -999.00  -999.00
 7140.00    32.10    37.30    31.00    29.00
 7141.00    32.10    37.30    31.00    29.00
 7142.00    32.10    37.30    29.00    32.00
 7143.00    32.10    37.30    20.00    29.00
 7200.00    45.14    43.10    40.00    34.00
 7210.00    36.91    36.60    38.00    31.00
 7211.00    39.70    36.60    38.00    29.00
 7212.00    35.70    36.60    39.00    30.00
 7213.00    39.70    36.60    34.00    33.00
 7214.00    39.70    36.60    44.00    30.00
 7215.00    34.40    36.60    32.00    30.00
 7216.00    34.40    36.60    26.00    30.00
 7219.00    34.40    36.60  -999.00  -999.00
 7220.00    49.10    36.60    37.00    35.00
 7221.00    49.10    43.30    35.00    33.00
 7222.00    49.10    43.30    40.00    40.00
 7223.00    49.10    43.30    38.00    34.00
 7224.00    49.10    36.60    27.00    24.00
 7230.00    47.63    40.10    43.00    34.00
 7231.00    49.90    40.10    43.00    34.00
 7232.00    49.90    40.10    50.00    42.00
 7233.00    43.20    40.10    42.00    33.00
 7234.00    47.70    40.10    20.00    23.00
 7240.00    48.56    48.00    38.00    40.00
 7241.00    50.80    48.00    38.00    40.00
 7242.00    47.00    48.00    48.00    39.00
 7243.00    43.30    48.00    42.00    41.00
 7244.00    43.30    48.00    35.00    40.00
 7245.00    43.30    48.00    36.00    38.00
 7260.00    43.30    45.00  -999.00  -999.00
 7263.00    43.30    45.00  -999.00  -999.00
 7300.00    56.40    34.60    39.00    34.00
 7310.00    56.40    34.60    45.00    38.00
 7311.00    56.40    34.60    47.00    38.00
 7312.00    56.40    34.60    33.00    38.00
 7313.00    56.40    34.60    43.00    38.00
 7320.00    56.40    34.60    28.00    28.00
 7321.00    56.40    34.60    25.00    27.00
 7322.00    56.40    34.60    37.00    29.00
 7323.00    56.40    34.60    31.00    29.00
 7324.00    56.40    34.60    31.00    29.00
 7330.00    56.40    34.60    31.00    29.00
 7331.00    56.40    34.60    31.00    29.00
 7332.00    56.40    34.60    31.00    29.00
 7340.00    56.40    34.60    42.00    40.00
 7341.00    56.40    34.60    42.00    40.00
 7342.00    56.40    34.60    41.00    40.00
 7343.00    56.40    34.60    41.00    42.00
 7344.00    56.40    34.60    42.00    40.00
 7345.00    56.40    34.60    32.00    37.00
 7346.00    56.40    34.60    52.00    38.00
 7349.00    56.40    34.60  -999.00  -999.00
 7400.00    40.24    40.58    33.00    33.00
 7410.00    34.40    33.10    28.00    30.00
 7411.00    45.00    39.50    24.00    30.00
 7412.00    34.40    39.50    33.00    31.00
 7413.00    45.00    25.10    34.00    30.00
 7414.00    34.40    25.10    35.00    30.00
 7415.00    45.00    33.10    34.00    30.00
 7416.00    45.00    33.10    34.00    30.00
 7420.00    36.03    47.70    29.00    33.00
 7421.00    34.40    47.70    29.00    33.00
 7422.00    34.40    40.50    40.00    33.00
 7423.00    34.40    40.50    36.00    33.00
 7424.00    45.00    40.50    21.00    33.00
 7430.00    45.00    45.29    34.00    36.00
 7431.00    45.00    47.70    29.00    29.00
 7432.00    45.00    47.70    32.00    29.00
 7433.00    45.00    40.90    40.00    45.00
 7434.00    45.00    45.00    35.00    36.00
 7435.00    45.00    47.70    40.00    36.00
 7436.00    45.00    47.70    26.00    33.00
 7437.00    45.00    47.70    31.00    28.00
 7439.00    45.00    47.70  -999.00  -999.00
 7440.00    45.00    42.94    27.00    31.00
 7441.00    45.00    47.70    22.00    31.00
 7442.00    45.00    40.90    27.00    31.00
 8000.00    40.77    37.91    34.00    31.00
 8100.00    31.93    34.75    36.00    30.00
 8110.00    27.70    31.00    31.00    35.00
 8111.00    27.70    31.00    34.00    35.00
 8112.00    27.70    34.70    32.00    35.00
 8113.00    27.70    31.00    31.00    35.00
 8120.00    28.50    31.00    40.00    30.00
 8121.00    28.50    31.00    45.00    31.00
 8122.00    28.50    31.00    36.00    30.00
 8123.00    28.50    31.00    38.00    28.00
 8124.00    28.50    31.00    28.00    30.00
 8130.00    31.80    34.70    31.00    22.00
 8131.00    31.80    34.70    31.00    22.00
 8139.00    31.80    34.70    31.00    22.00
 8140.00    28.50    31.00    28.00    27.00
 8141.00    28.50    34.70    29.00    27.00
 8142.00    31.80    34.70    28.00    27.00
 8143.00    31.80    31.00    28.00    27.00
 8150.00    34.10    36.00    42.00    35.00
 8151.00    31.80    34.70    43.00    35.00
 8152.00    34.10    36.00    43.00    35.00
 8153.00    31.80    36.00    43.00    35.00
 8154.00    31.80    34.70    43.00    35.00
 8155.00    34.10    36.00    37.00    35.00
 8159.00    34.10    36.00    43.00    35.00
 8160.00    34.10    36.00    38.00    32.00
 8161.00    34.10    36.00    42.00    33.00
 8162.00    34.10    36.00    35.00    27.00
 8163.00    34.10    36.00    34.00    33.00
 8170.00    42.10    35.50    30.00    26.00
 8171.00    42.10    35.50    30.00    26.00
 8172.00    31.80    34.70    30.00    26.00
 8200.00    45.55    40.29    34.00    32.00
 8210.00    42.35    35.50    37.00    36.00
 8211.00    42.10    35.50    38.00    36.00
 8212.00    43.20    35.50    30.00    30.00
 8213.00    43.20    35.50  -999.00  -999.00
 8219.00    43.20    35.50  -999.00  -999.00
 8220.00    43.20    35.50    43.00    30.00
 8221.00    43.20    40.00    43.00    30.00
 8222.00    43.20    40.00    43.00    30.00
 8223.00    43.20    35.50    28.00    30.00
 8224.00    43.20    40.00    43.00    30.00
 8229.00    43.20    35.50    43.00    30.00
 8230.00    43.20    35.50    30.00    30.00
 8231.00    43.20    35.50    30.00    30.00
 8232.00    45.60    35.50    30.00    30.00
 8240.00    42.10    35.50    31.00    29.00
 8250.00    42.10    35.50    41.00    38.00
 8251.00    42.10    35.50    41.00    38.00
 8252.00    45.60    35.50    32.00    38.00
 8253.00    42.10    35.50    28.00    38.00
 8260.00    45.00    34.60    28.00    30.00
 8261.00    45.00    34.60    29.00    29.00
 8262.00    45.60    34.60    29.00    29.00
 8263.00    45.60    34.60    25.00    32.00
 8264.00    45.00    34.60    25.00    24.00
 8265.00    45.60    34.60    26.00    32.00
 8266.00    45.60    34.60    28.00    32.00
 8269.00    45.00    34.60    26.00    32.00
 8270.00    43.20    30.70    33.00    29.00
 8271.00    43.20    30.70    31.00    29.00
 8272.00    43.20    30.70    34.00    29.00
 8273.00    43.20    30.70    33.00    29.00
 8274.00    43.20    30.70    33.00    29.00
 8275.00    45.60    30.70    35.00    29.00
 8276.00    45.60    30.70    45.00    29.00
 8277.00    45.60    30.70    34.00    29.00
 8278.00    45.60    30.70    34.00    29.00
 8279.00    45.60    30.70    39.00    29.00
 8280.00    49.25    39.80    33.00    31.00
 8281.00    41.70    39.80    30.00    30.00
 8282.00    61.50    39.80    48.00    34.00
 8283.00    61.50    39.80    48.00    34.00
 8284.00    49.60    39.80    30.00    30.00
 8285.00    45.10    39.80    31.00    30.00
 8286.00    49.60    39.80    28.00    30.00
 8289.00    45.10    39.80  -999.00  -999.00
 8290.00    45.10    53.10    33.00    26.00
 8300.00    40.67    33.86    33.00    32.00
 8310.00    41.32    41.60    36.00    36.00
 8311.00    44.00    41.60    43.00    41.00
 8312.00    38.20    41.60    29.00    32.00
 8320.00    41.33    41.60    32.00    34.00
 8321.00    41.40    33.60    31.00    30.00
 8322.00    50.50    33.60    31.00    30.00
 8323.00    31.50    41.60    32.00    30.00
 8324.00    39.30    41.60    33.00    34.00
 8330.00    36.59    30.30    32.00    26.00
 8331.00    33.90    30.30    31.00    26.00
 8332.00    43.50    30.30    32.00    26.00
 8333.00    44.40    30.30    33.00    28.00
 8334.00    44.40    30.30    28.00    28.00
 8340.00    68.40    41.60    29.00    32.00
 9000.00    41.28    36.30    21.00    20.00
 9100.00    43.58    35.79    23.00    25.00
 9110.00    43.70    45.70    25.00    29.00
 9111.00    43.70    35.80    24.00    29.00
 9112.00    43.70    45.70    24.00    28.00
 9113.00    43.70    35.80    26.00    29.00
 9130.00    51.40    35.90    21.00    16.00
 9131.00    43.70    35.90    22.00    16.00
 9132.00    51.40    36.10    21.00    16.00
 9133.00    43.70    33.30    22.00    16.00
 9140.00    51.40    34.60    23.00    23.00
 9141.00    51.40    34.60    25.00    23.00
 9142.00    51.40    34.60    19.00    23.00
 9150.00    41.10    39.58    20.00    27.00
 9151.00    41.10    39.90    22.00    25.00
 9152.00    41.10    39.90    20.00    27.00
 9153.00    41.10    23.90    21.00    27.00
 9160.00    42.90    23.90    13.00    23.00
 9161.00    42.90    23.90    13.00    23.00
 9162.00    42.90    23.90    13.00    23.00
 9200.00    42.88    36.90    23.00    16.00
 9210.00    42.88    36.90    23.00    16.00
 9211.00    43.40    36.90    23.00    16.00
 9212.00    40.90    36.90    18.00    16.00
 9213.00    40.90    36.90    23.00    16.00
 9300.00    38.87    37.07    18.00    23.00
 9310.00    45.00    37.10    16.00    21.00
 9311.00    38.90    37.10    18.00    21.00
 9312.00    45.00    37.10    15.00    21.00
 9313.00    38.90    37.10    15.00    21.00
 9320.00    43.51    37.07    19.00    20.00
 9321.00    45.00    37.10    18.00    20.00
 9322.00    42.90    37.00    22.00    24.00
 9329.00    42.90    37.10  -999.00  -999.00
 9330.00    31.52    37.10    20.00    29.00
 9331.00    31.20    37.10    17.00    22.00
 9332.00    42.90    37.10    22.00    22.00
 9333.00    31.20    37.10    20.00    30.00
