  110.00      .00    54.35  -999.00  -999.00  -999.00
  110.00     1.00    54.35  -999.00  -999.00  -999.00
  110.00     6.00    54.35  -999.00  -999.00  -999.00
 1000.00      .00    80.77    94.10    51.00    55.00
 1000.00     1.00    76.97    95.17    51.00    55.00
 1000.00     6.00    82.17    93.86    51.00    55.00
 1100.00      .00    82.60    97.06    67.00    70.00
 1100.00     1.00    76.97    95.17    67.00    70.00
 1100.00     6.00    82.60    97.06    67.00    70.00
 1110.00      .00    82.60    97.06    64.00    77.00
 1110.00     1.00    82.60    95.17    64.00    77.00
 1110.00     6.00    82.60    97.06    64.00    77.00
 1120.00      .00    82.60    97.06    71.00    77.00
 1120.00     1.00    82.60    97.06    71.00    77.00
 1120.00     6.00    82.60    97.06    71.00    77.00
 1130.00      .00    82.60    97.06    63.00    66.00
 1130.00     1.00    82.60    97.06    63.00    66.00
 1130.00     6.00    82.60    97.06    63.00    66.00
 1140.00      .00    82.60    97.06    63.00    58.00
 1140.00     1.00    82.60    97.06    63.00    58.00
 1140.00     6.00    82.60    97.06    63.00    58.00
 1141.00      .00    82.60    97.06    63.00    58.00
 1141.00     1.00    82.60    97.06    63.00    58.00
 1141.00     6.00    82.60    97.06    63.00    58.00
 1142.00      .00    82.60    97.06    63.00    58.00
 1142.00     1.00    82.60    97.06    63.00    58.00
 1142.00     6.00    82.60    97.06    63.00    58.00
 1143.00      .00    82.60    97.06    63.00    58.00
 1143.00     1.00    82.60    97.06    63.00    58.00
 1143.00     6.00    82.60    97.06    63.00    58.00
 1150.00      .00    82.60    97.06  -999.00  -999.00
 1150.00     1.00    76.97    95.17  -999.00  -999.00
 1150.00     6.00    82.60    97.06  -999.00  -999.00
 1160.00      .00    82.60    97.06  -999.00  -999.00
 1160.00     1.00    76.97    95.17  -999.00  -999.00
 1160.00     6.00    82.60    97.06  -999.00  -999.00
 1200.00      .00    80.80    94.10    60.00    68.00
 1200.00     1.00    77.22    96.79    60.00    68.00
 1200.00     6.00    81.00    94.05    60.00    68.00
 1210.00      .00    80.80    94.10    70.00    70.00
 1210.00     1.00    77.22    96.79    70.00    70.00
 1210.00     6.00    81.00    94.05    70.00    70.00
 1220.00      .00    73.85    98.25    63.00    67.00
 1220.00     1.00    74.16    96.79    63.00    67.00
 1220.00     6.00    73.84    98.33    63.00    67.00
 1221.00      .00    75.17    98.25    60.00    67.00
 1221.00     1.00    74.16    96.79    60.00    67.00
 1221.00     6.00    75.17    98.33    60.00    67.00
 1222.00      .00    74.74    98.42    60.00    67.00
 1222.00     1.00    78.45    96.79    60.00    67.00
 1222.00     6.00    74.64    98.42    60.00    67.00
 1223.00      .00    75.17    98.25    60.00    67.00
 1223.00     1.00    74.16    96.79    60.00    67.00
 1223.00     6.00    75.17    98.33    60.00    67.00
 1224.00      .00    68.72    96.79    60.00    59.00
 1224.00     1.00    69.86    96.79    60.00    59.00
 1224.00     6.00    68.56    98.33    60.00    59.00
 1225.00      .00    68.56    96.79    60.00    59.00
 1225.00     1.00    74.16    96.79    60.00    59.00
 1225.00     6.00    68.56    96.79    60.00    59.00
 1226.00      .00    75.17    98.42    60.00    59.00
 1226.00     1.00    74.16    96.79    60.00    59.00
 1226.00     6.00    75.17    98.42    60.00    59.00
 1227.00      .00    75.17    98.42    60.00    87.00
 1227.00     1.00    74.16    96.79    60.00    87.00
 1227.00     6.00    75.17    98.42    60.00    87.00
 1228.00      .00    75.17    98.25    60.00    59.00
 1228.00     1.00    74.16    96.79    60.00    59.00
 1228.00     6.00    75.17    98.33    60.00    59.00
 1229.00      .00    75.17    98.42    60.00    67.00
 1229.00     1.00    74.16    96.79    60.00    67.00
 1229.00     6.00    75.17    98.42    60.00    67.00
 1230.00      .00    90.76    92.21    60.00    61.00
 1230.00     1.00    78.45    96.79    60.00    61.00
 1230.00     6.00    92.05    92.21    60.00    61.00
 1231.00      .00    92.05    92.21    60.00    69.00
 1231.00     1.00    78.45    92.21    60.00    69.00
 1231.00     6.00    92.05    92.21    60.00    69.00
 1232.00      .00    92.05    92.21    60.00    69.00
 1232.00     1.00    78.45    92.21    60.00    69.00
 1232.00     6.00    92.05    92.21    60.00    69.00
 1233.00      .00    83.89    92.21    60.00    56.00
 1233.00     1.00    78.45    92.21    60.00    56.00
 1233.00     6.00    92.05    92.21    60.00    56.00
 1234.00      .00    92.05    92.21    60.00    69.00
 1234.00     1.00    78.45    96.79    60.00    69.00
 1234.00     6.00    92.05    92.21    60.00    69.00
 1235.00      .00    87.52    92.21    60.00    69.00
 1235.00     1.00    78.45    96.79    60.00    69.00
 1235.00     6.00    92.05    92.21    60.00    69.00
 1236.00      .00    92.05    92.21    60.00    69.00
 1236.00     1.00    78.45    92.21    60.00    69.00
 1236.00     6.00    92.05    92.21    60.00    69.00
 1237.00      .00    92.05    92.21    60.00    69.00
 1237.00     1.00    78.45    92.21    60.00    69.00
 1237.00     6.00    92.05    92.21    60.00    69.00
 1239.00      .00    90.81    92.21    60.00    69.00
 1239.00     1.00    78.45    92.21    60.00    69.00
 1239.00     6.00    92.05    92.21    60.00    69.00
 1240.00      .00    80.80    94.10    55.00    58.00
 1240.00     1.00    77.22    96.79    55.00    58.00
 1240.00     6.00    81.00    94.05    55.00    58.00
 1250.00      .00    80.80    94.10    65.00    64.00
 1250.00     1.00    77.22    96.79    65.00    64.00
 1250.00     6.00    81.00    94.05    65.00    64.00
 1251.00      .00    80.80    94.10    73.00    70.00
 1251.00     1.00    77.22    96.79    73.00    70.00
 1251.00     6.00    81.00    94.05    73.00    70.00
 1252.00      .00    80.80    94.10    63.00    60.00
 1252.00     1.00    77.22    96.79    63.00    60.00
 1252.00     6.00    81.00    94.05    63.00    60.00
 1300.00      .00    80.49    93.41    50.00    51.00
 1300.00     1.00    76.95    95.10    50.00    51.00
 1300.00     6.00    83.39    92.13    50.00    51.00
 1310.00      .00    80.49    93.41    50.00    51.00
 1310.00     1.00    76.95    95.10    50.00    51.00
 1310.00     6.00    83.39    92.13    50.00    51.00
 1311.00      .00    81.52    92.13    47.00    43.00
 1311.00     1.00    76.95    95.10    47.00    43.00
 1311.00     6.00    81.52    92.13    47.00    43.00
 1312.00      .00    87.07    92.13    52.00    56.00
 1312.00     1.00    78.45    92.13    52.00    56.00
 1312.00     6.00    92.30    92.13    52.00    56.00
 1313.00      .00    79.57    92.13    52.00    51.00
 1313.00     1.00    78.45    92.13    52.00    51.00
 1313.00     6.00    81.52    92.13    52.00    51.00
 1314.00      .00    69.54    96.79    46.00    49.00
 1314.00     1.00    69.86    96.79    46.00    49.00
 1314.00     6.00    68.56    92.13    46.00    49.00
 1315.00      .00    68.91    96.79    38.00    44.00
 1315.00     1.00    69.86    96.79    38.00    44.00
 1315.00     6.00    68.56    92.13    38.00    44.00
 1316.00      .00    80.50    92.13    52.00    51.00
 1316.00     1.00    78.45    95.10    52.00    51.00
 1316.00     6.00    81.52    92.13    52.00    51.00
 1317.00      .00    91.23    92.13    52.00    51.00
 1317.00     1.00    91.23    92.13    52.00    51.00
 1317.00     6.00    91.23    92.13    52.00    51.00
 1318.00      .00    79.33    93.41    52.00    51.00
 1318.00     1.00    78.45    95.10    52.00    51.00
 1318.00     6.00    81.52    92.13    52.00    51.00
 1319.00      .00    81.52    92.13    52.00    51.00
 1319.00     1.00    76.95    92.13    52.00    51.00
 1319.00     6.00    81.52    92.13    52.00    51.00
 2000.00      .00    89.91    85.20    62.00    70.00
 2000.00     1.00    94.77    97.24    62.00    70.00
 2000.00     6.00    89.22    84.78    62.00    70.00
 2100.00      .00    88.80    94.95    63.00    69.00
 2100.00     1.00    99.00    94.95    63.00    69.00
 2100.00     6.00    86.33    94.95    63.00    69.00
 2110.00      .00    77.34    94.95    69.00    74.00
 2110.00     1.00    99.00    94.95    69.00    74.00
 2110.00     6.00    77.34    94.95    69.00    74.00
 2111.00      .00    77.34    94.95    75.00    74.00
 2111.00     1.00    77.34    94.95    75.00    74.00
 2111.00     6.00    77.34    94.95    75.00    74.00
 2112.00      .00    77.34    94.95    72.00    74.00
 2112.00     1.00    99.00    94.95    72.00    74.00
 2112.00     6.00    77.34    94.95    72.00    74.00
 2113.00      .00    77.34    94.95    69.00    74.00
 2113.00     1.00    77.34    94.95    69.00    74.00
 2113.00     6.00    77.34    94.95    69.00    74.00
 2114.00      .00    77.34    94.95    67.00    74.00
 2114.00     1.00    77.34    94.95    67.00    74.00
 2114.00     6.00    77.34    94.95    67.00    74.00
 2120.00      .00    77.34    94.95    56.00    71.00
 2120.00     1.00    99.00    94.95    56.00    71.00
 2120.00     6.00    77.34    94.95    56.00    71.00
 2121.00      .00    77.34    94.95    69.00    71.00
 2121.00     1.00    77.34    94.95    69.00    71.00
 2121.00     6.00    77.34    94.95    69.00    71.00
 2122.00      .00    77.34    94.95    55.00    71.00
 2122.00     1.00    99.00    94.95    55.00    71.00
 2122.00     6.00    77.34    94.95    55.00    71.00
 2130.00      .00    90.01    94.95    51.00    71.00
 2130.00     1.00    99.00    94.95    51.00    71.00
 2130.00     6.00    87.75    94.95    51.00    71.00
 2131.00      .00    87.75    94.95    51.00    71.00
 2131.00     1.00    99.00    94.95    51.00    71.00
 2131.00     6.00    87.75    94.95    51.00    71.00
 2132.00      .00    90.61    94.95    51.00    71.00
 2132.00     1.00    99.00    94.95    51.00    71.00
 2132.00     6.00    87.75    94.95    51.00    71.00
 2139.00      .00    89.56    94.95    51.00    71.00
 2139.00     1.00    99.00    94.95    51.00    71.00
 2139.00     6.00    87.75    94.95    51.00    71.00
 2140.00      .00    89.04    94.95    63.00    73.00
 2140.00     1.00    99.00    94.95    63.00    73.00
 2140.00     6.00    86.48    94.95    63.00    73.00
 2141.00      .00    92.16    94.95    72.00    69.00
 2141.00     1.00    99.00    94.95    72.00    69.00
 2141.00     6.00    87.61    94.95    72.00    69.00
 2142.00      .00    93.89    94.95    70.00    69.00
 2142.00     1.00    99.00    94.95    70.00    69.00
 2142.00     6.00    92.70    94.95    70.00    69.00
 2143.00      .00    90.15    94.95    65.00    68.00
 2143.00     1.00    99.00    94.95    65.00    68.00
 2143.00     6.00    88.01    94.95    65.00    68.00
 2144.00      .00    89.79    94.95    65.00    68.00
 2144.00     1.00    99.00    94.95    65.00    68.00
 2144.00     6.00    88.01    94.95    65.00    68.00
 2145.00      .00    88.06    94.95    66.00    67.00
 2145.00     1.00    99.00    94.95    66.00    67.00
 2145.00     6.00    85.69    94.95    66.00    67.00
 2146.00      .00    77.34    94.95    66.00    71.00
 2146.00     1.00    99.00    94.95    66.00    71.00
 2146.00     6.00    77.34    94.95    66.00    71.00
 2147.00      .00    77.34    94.95    61.00    67.00
 2147.00     1.00    99.00    94.95    61.00    67.00
 2147.00     6.00    77.34    94.95    61.00    67.00
 2148.00      .00    89.04    94.95    58.00    56.00
 2148.00     1.00    99.00    94.95    58.00    56.00
 2148.00     6.00    86.48    94.95    58.00    56.00
 2149.00      .00    80.50    94.95    56.00    69.00
 2149.00     1.00    99.00    94.95    56.00    69.00
 2149.00     6.00    77.34    94.95    56.00    69.00
 2200.00      .00    99.00    95.09    70.00    80.00
 2200.00     1.00    99.00    93.83    70.00    80.00
 2200.00     6.00    99.00    95.11    70.00    80.00
 2210.00      .00    99.00    96.32    62.00    78.00
 2210.00     1.00    99.00    93.83    62.00    78.00
 2210.00     6.00    99.00    96.32    62.00    78.00
 2211.00      .00    99.00    96.32    69.00    77.00
 2211.00     1.00    99.00    96.32    69.00    77.00
 2211.00     6.00    99.00    96.32    69.00    77.00
 2212.00      .00    99.00    96.32    68.00    77.00
 2212.00     1.00    99.00    96.32    68.00    77.00
 2212.00     6.00    99.00    96.32    68.00    77.00
 2213.00      .00    99.00    96.32    56.00    79.00
 2213.00     1.00    99.00    96.32    56.00    79.00
 2213.00     6.00    99.00    96.32    56.00    79.00
 2220.00      .00    96.69    94.73    73.00    85.00
 2220.00     1.00    99.00    93.83    73.00    85.00
 2220.00     6.00    96.69    94.74    73.00    85.00
 2221.00      .00    90.89    93.83    78.00    88.00
 2221.00     1.00    90.89    93.83    78.00    88.00
 2221.00     6.00    90.89    93.83    78.00    88.00
 2222.00      .00    99.00    96.32    70.00    85.00
 2222.00     1.00    99.00    93.83    70.00    85.00
 2222.00     6.00    99.00    96.32    70.00    85.00
 2223.00      .00    99.00    96.32    61.00    83.00
 2223.00     1.00    99.00    93.83    61.00    83.00
 2223.00     6.00    99.00    96.32    61.00    83.00
 2224.00      .00    99.00    96.32    64.00    74.00
 2224.00     1.00    99.00    93.83    64.00    74.00
 2224.00     6.00    99.00    96.32    64.00    74.00
 2229.00      .00    99.00    96.32    73.00    85.00
 2229.00     1.00    99.00    93.83    73.00    85.00
 2229.00     6.00    99.00    96.32    73.00    85.00
 2230.00      .00    99.00    96.32    54.00    43.00
 2230.00     1.00    99.00    96.32    54.00    43.00
 2230.00     6.00    99.00    96.32    54.00    43.00
 2300.00      .00    80.53    76.90    61.00    69.00
 2300.00     1.00    74.04    82.02    61.00    69.00
 2300.00     6.00    80.75    76.84    61.00    69.00
 2310.00      .00    99.00    99.00    78.00    77.00
 2310.00     1.00    99.00    99.00    78.00    77.00
 2310.00     6.00    99.00    99.00    78.00    77.00
 2320.00      .00    65.91    99.00    60.00    69.00
 2320.00     1.00    65.91    99.00    60.00    69.00
 2320.00     6.00    65.91    99.00    60.00    69.00
 2321.00      .00    65.91    99.00    60.00    70.00
 2321.00     1.00    65.91    99.00    60.00    70.00
 2321.00     6.00    65.91    99.00    60.00    70.00
 2322.00      .00    65.91    99.00    57.00    66.00
 2322.00     1.00    65.91    99.00    57.00    66.00
 2322.00     6.00    65.91    99.00    57.00    66.00
 2323.00      .00    65.91    99.00  -999.00  -999.00
 2323.00     1.00    65.91    99.00  -999.00  -999.00
 2323.00     6.00    65.91    99.00  -999.00  -999.00
 2330.00      .00    78.39    71.24    57.00    66.00
 2330.00     1.00    82.18    74.89    57.00    66.00
 2330.00     6.00    78.29    71.20    57.00    66.00
 2331.00      .00    82.18    74.89    57.00    66.00
 2331.00     1.00    82.18    74.89    57.00    66.00
 2331.00     6.00    82.18    74.89    57.00    66.00
 2332.00      .00    72.58    65.80    49.00    43.00
 2332.00     1.00    82.18    74.89    49.00    43.00
 2332.00     6.00    72.58    65.80    49.00    43.00
 2340.00      .00    65.91    99.00    62.00    66.00
 2340.00     1.00    65.91    99.00    62.00    66.00
 2340.00     6.00    65.91    99.00    62.00    66.00
 2350.00      .00    65.91    99.00    62.00    66.00
 2350.00     1.00    74.04    82.02    62.00    66.00
 2350.00     6.00    65.91    99.00    62.00    66.00
 2351.00      .00    65.91    99.00    68.00    70.00
 2351.00     1.00    65.91    99.00    68.00    70.00
 2351.00     6.00    65.91    99.00    68.00    70.00
 2352.00      .00    65.91    99.00    68.00    70.00
 2352.00     1.00    74.04    99.00    68.00    70.00
 2352.00     6.00    65.91    99.00    68.00    70.00
 2359.00      .00    65.91    99.00    62.00    65.00
 2359.00     1.00    74.04    99.00    62.00    65.00
 2359.00     6.00    65.91    99.00    62.00    65.00
 2400.00      .00    93.89    97.10    60.00    68.00
 2400.00     1.00    88.73    99.00    60.00    68.00
 2400.00     6.00    95.47    96.57    60.00    68.00
 2410.00      .00    89.25    97.26    57.00    69.00
 2410.00     1.00    89.25    97.26    57.00    69.00
 2410.00     6.00    89.25    97.26    57.00    69.00
 2411.00      .00    89.25    97.26    62.00    69.00
 2411.00     1.00    89.25    97.26    62.00    69.00
 2411.00     6.00    89.25    97.26    62.00    69.00
 2412.00      .00    89.25    97.26    56.00    69.00
 2412.00     1.00    89.25    97.26    56.00    69.00
 2412.00     6.00    89.25    97.26    56.00    69.00
 2419.00      .00    89.25    97.26    57.00    69.00
 2419.00     1.00    89.25    97.26    57.00    69.00
 2419.00     6.00    89.25    97.26    57.00    69.00
 2420.00      .00    89.18    97.06    73.00    85.00
 2420.00     1.00    89.18    97.06    73.00    85.00
 2420.00     6.00    89.18    97.06    73.00    85.00
 2421.00      .00    89.18    97.06    73.00    85.00
 2421.00     1.00    89.18    97.06    73.00    85.00
 2421.00     6.00    89.18    97.06    73.00    85.00
 2422.00      .00    89.18    97.06    76.00    90.00
 2422.00     1.00    89.18    97.06    76.00    90.00
 2422.00     6.00    89.18    97.06    76.00    90.00
 2429.00      .00    89.18    97.06    71.00    82.00
 2429.00     1.00    89.18    97.06    71.00    82.00
 2429.00     6.00    89.18    97.06    71.00    82.00
 2430.00      .00    92.81    90.42    54.00    65.00
 2430.00     1.00    88.73    99.00    54.00    65.00
 2430.00     6.00    92.81    90.42    54.00    65.00
 2431.00      .00    92.81    90.42    54.00    65.00
 2431.00     1.00    88.73    90.42    54.00    65.00
 2431.00     6.00    92.81    90.42    54.00    65.00
 2432.00      .00    92.81    90.42    54.00    65.00
 2432.00     1.00    92.81    90.42    54.00    65.00
 2432.00     6.00    92.81    90.42    54.00    65.00
 2440.00      .00    92.81    88.46    58.00    65.00
 2440.00     1.00    92.81    90.42    58.00    65.00
 2440.00     6.00    92.81    88.38    58.00    65.00
 2441.00      .00    92.81    86.50    60.00    78.00
 2441.00     1.00    92.81    90.42    60.00    78.00
 2441.00     6.00    92.81    86.50    60.00    78.00
 2442.00      .00    92.81    90.42    67.00    71.00
 2442.00     1.00    92.81    90.42    67.00    71.00
 2442.00     6.00    92.81    90.42    67.00    71.00
 2443.00      .00    92.81    90.42    67.00    71.00
 2443.00     1.00    92.81    90.42    67.00    71.00
 2443.00     6.00    92.81    90.42    67.00    71.00
 2444.00      .00    92.81    90.42    62.00    65.00
 2444.00     1.00    92.81    90.42    62.00    65.00
 2444.00     6.00    92.81    90.42    62.00    65.00
 2445.00      .00    92.81    90.42    67.00    71.00
 2445.00     1.00    92.81    90.42    67.00    71.00
 2445.00     6.00    92.81    90.42    67.00    71.00
 2446.00      .00    92.81    90.42    52.00    51.00
 2446.00     1.00    92.81    90.42    52.00    51.00
 2446.00     6.00    92.81    90.42    52.00    51.00
 2450.00      .00    99.00    99.00    57.00    61.00
 2450.00     1.00    87.33    99.00    57.00    61.00
 2450.00     6.00    99.00    99.00    57.00    61.00
 2451.00      .00    99.00    99.00    58.00    65.00
 2451.00     1.00    87.33    99.00    58.00    65.00
 2451.00     6.00    99.00    99.00    58.00    65.00
 2452.00      .00    95.46    99.00    57.00    54.00
 2452.00     1.00    87.33    99.00    57.00    54.00
 2452.00     6.00    99.00    99.00    57.00    54.00
 2453.00      .00    99.00    99.00    45.00    64.00
 2453.00     1.00    87.33    99.00    45.00    64.00
 2453.00     6.00    99.00    99.00    45.00    64.00
 2454.00      .00    99.00    99.00    40.00    64.00
 2454.00     1.00    87.33    99.00    40.00    64.00
 2454.00     6.00    99.00    99.00    40.00    64.00
 2455.00      .00    99.00    99.00    57.00    64.00
 2455.00     1.00    87.33    99.00    57.00    64.00
 2455.00     6.00    99.00    99.00    57.00    64.00
 2460.00      .00    87.33    97.10    60.00    53.00
 2460.00     1.00    87.33    99.00    60.00    53.00
 2460.00     6.00    87.33    96.57    60.00    53.00
 2470.00      .00    93.89    97.10  -999.00  -999.00
 2470.00     1.00    88.73    99.00  -999.00  -999.00
 2470.00     6.00    95.47    96.57  -999.00  -999.00
 3000.00      .00    61.32    62.51    48.00    54.00
 3000.00     1.00    67.08    66.18    48.00    54.00
 3000.00     6.00    60.72    62.32    48.00    54.00
 3100.00      .00    59.48    60.10    48.00    50.00
 3100.00     1.00    69.35    58.40    48.00    50.00
 3100.00     6.00    58.76    60.16    48.00    50.00
 3110.00      .00    58.18    59.95    47.00    49.00
 3110.00     1.00    69.01    55.32    47.00    49.00
 3110.00     6.00    57.49    60.04    47.00    49.00
 3111.00      .00    62.28    54.24    46.00    45.00
 3111.00     1.00    70.35    55.32    46.00    45.00
 3111.00     6.00    61.38    54.24    46.00    45.00
 3112.00      .00    59.18    78.32    39.00    45.00
 3112.00     1.00    70.35    55.32    39.00    45.00
 3112.00     6.00    58.56    78.32    39.00    45.00
 3113.00      .00    55.04    59.65    46.00    46.00
 3113.00     1.00    70.35    59.65    46.00    46.00
 3113.00     6.00    54.01    59.65    46.00    46.00
 3114.00      .00    58.45    59.65    46.00    46.00
 3114.00     1.00    70.35    55.32    46.00    46.00
 3114.00     6.00    57.21    59.65    46.00    46.00
 3115.00      .00    58.74    66.52    46.00    54.00
 3115.00     1.00    70.35    55.32    46.00    54.00
 3115.00     6.00    58.20    66.52    46.00    54.00
 3116.00      .00    56.25    57.90    46.00    54.00
 3116.00     1.00    70.35    55.32    46.00    54.00
 3116.00     6.00    55.85    57.90    46.00    54.00
 3117.00      .00    55.95    54.24    53.00    54.00
 3117.00     1.00    69.01    55.32    53.00    54.00
 3117.00     6.00    55.95    54.24    53.00    54.00
 3118.00      .00    59.91    56.77    55.00    51.00
 3118.00     1.00    59.91    55.32    55.00    51.00
 3118.00     6.00    59.91    56.77    55.00    51.00
 3119.00      .00    59.86    54.24    46.00    53.00
 3119.00     1.00    70.35    54.24    46.00    53.00
 3119.00     6.00    58.96    54.24    46.00    53.00
 3120.00      .00    64.98    61.47    53.00    52.00
 3120.00     1.00    70.35    61.47    53.00    52.00
 3120.00     6.00    64.09    61.47    53.00    52.00
 3121.00      .00    68.58    61.47    53.00    52.00
 3121.00     1.00    70.35    61.47    53.00    52.00
 3121.00     6.00    68.20    61.47    53.00    52.00
 3122.00      .00    57.81    61.47    53.00    52.00
 3122.00     1.00    70.35    61.47    53.00    52.00
 3122.00     6.00    56.67    61.47    53.00    52.00
 3123.00      .00    56.67    61.47    53.00    52.00
 3123.00     1.00    70.35    61.47    53.00    52.00
 3123.00     6.00    56.67    61.47    53.00    52.00
 3130.00      .00    73.40    61.47    46.00    52.00
 3130.00     1.00    70.35    61.47    46.00    52.00
 3130.00     6.00    73.93    61.47    46.00    52.00
 3131.00      .00    73.08    61.47    46.00    48.00
 3131.00     1.00    70.35    61.47    46.00    48.00
 3131.00     6.00    73.93    61.47    46.00    48.00
 3132.00      .00    73.93    61.47    49.00    57.00
 3132.00     1.00    70.35    61.47    49.00    57.00
 3132.00     6.00    73.93    61.47    49.00    57.00
 3133.00      .00    73.93    61.47    58.00    57.00
 3133.00     1.00    70.35    61.47    58.00    57.00
 3133.00     6.00    73.93    61.47    58.00    57.00
 3139.00      .00    73.93    61.47    44.00    52.00
 3139.00     1.00    70.35    61.47    44.00    52.00
 3139.00     6.00    73.93    61.47    44.00    52.00
 3140.00      .00    58.96    54.24    57.00    57.00
 3140.00     1.00    69.35    58.40    57.00    57.00
 3140.00     6.00    58.96    54.24    57.00    57.00
 3141.00      .00    58.96    54.24    60.00    52.00
 3141.00     1.00    58.96    54.24    60.00    52.00
 3141.00     6.00    58.96    54.24    60.00    52.00
 3142.00      .00    58.96    54.24    55.00    52.00
 3142.00     1.00    58.96    54.24    55.00    52.00
 3142.00     6.00    58.96    54.24    55.00    52.00
 3143.00      .00    58.96    54.24    60.00    69.00
 3143.00     1.00    58.96    58.40    60.00    69.00
 3143.00     6.00    58.96    54.24    60.00    69.00
 3144.00      .00    58.96    54.24    50.00    69.00
 3144.00     1.00    69.35    58.40    50.00    69.00
 3144.00     6.00    58.96    54.24    50.00    69.00
 3145.00      .00    58.96    54.24    46.00    50.00
 3145.00     1.00    69.35    58.40    46.00    50.00
 3145.00     6.00    58.96    54.24    46.00    50.00
 3150.00      .00    66.16    54.24    54.00    50.00
 3150.00     1.00    69.35    58.40    54.00    50.00
 3150.00     6.00    66.16    54.24    54.00    50.00
 3151.00      .00    66.16    54.24    54.00    50.00
 3151.00     1.00    66.16    58.40    54.00    50.00
 3151.00     6.00    66.16    54.24    54.00    50.00
 3152.00      .00    66.16    54.24    54.00    50.00
 3152.00     1.00    66.16    54.24    54.00    50.00
 3152.00     6.00    66.16    54.24    54.00    50.00
 3160.00      .00    59.48    60.10  -999.00  -999.00
 3160.00     1.00    69.35    58.40  -999.00  -999.00
 3160.00     6.00    58.76    60.16  -999.00  -999.00
 3200.00      .00    54.48    62.10    51.00    48.00
 3200.00     1.00    54.44    65.56    51.00    48.00
 3200.00     6.00    54.49    62.04    51.00    48.00
 3210.00      .00    47.68    54.24    52.00    50.00
 3210.00     1.00    47.68    54.24    52.00    50.00
 3210.00     6.00    47.68    54.24    52.00    50.00
 3211.00      .00    47.68    54.24    52.00    50.00
 3211.00     1.00    47.68    54.24    52.00    50.00
 3211.00     6.00    47.68    54.24    52.00    50.00
 3212.00      .00    47.68    54.24    47.00    50.00
 3212.00     1.00    47.68    54.24    47.00    50.00
 3212.00     6.00    47.68    54.24    47.00    50.00
 3213.00      .00    47.68    54.24    55.00    50.00
 3213.00     1.00    47.68    54.24    55.00    50.00
 3213.00     6.00    47.68    54.24    55.00    50.00
 3220.00      .00    57.82    68.62    51.00    55.00
 3220.00     1.00    57.82    75.02    51.00    55.00
 3220.00     6.00    57.82    68.39    51.00    55.00
 3221.00      .00    57.82    57.22    53.00    51.00
 3221.00     1.00    57.82    75.02    53.00    51.00
 3221.00     6.00    57.82    57.22    53.00    51.00
 3222.00      .00    57.82    57.22    48.00    51.00
 3222.00     1.00    57.82    75.02    48.00    51.00
 3222.00     6.00    57.82    57.22    48.00    51.00
 3223.00      .00    57.82    75.02    52.00    51.00
 3223.00     1.00    57.82    75.02    52.00    51.00
 3223.00     6.00    57.82    75.02    52.00    51.00
 3224.00      .00    57.82    75.02    60.00    60.00
 3224.00     1.00    57.82    75.02    60.00    60.00
 3224.00     6.00    57.82    75.02    60.00    60.00
 3225.00      .00    57.82    75.02    44.00    51.00
 3225.00     1.00    57.82    75.02    44.00    51.00
 3225.00     6.00    57.82    75.02    44.00    51.00
 3226.00      .00    57.82    75.02    51.00    60.00
 3226.00     1.00    57.82    75.02    51.00    60.00
 3226.00     6.00    57.82    75.02    51.00    60.00
 3227.00      .00    57.82    75.02    48.00    51.00
 3227.00     1.00    57.82    75.02    48.00    51.00
 3227.00     6.00    57.82    75.02    48.00    51.00
 3228.00      .00    57.82    75.02    44.00    51.00
 3228.00     1.00    57.82    75.02    44.00    51.00
 3228.00     6.00    57.82    75.02    44.00    51.00
 3229.00      .00    57.82    75.02    45.00    51.00
 3229.00     1.00    57.82    75.02    45.00    51.00
 3229.00     6.00    57.82    68.39    45.00    51.00
 3230.00      .00    57.82    59.86    44.00    38.00
 3230.00     1.00    54.44    59.86    44.00    38.00
 3230.00     6.00    57.82    59.86    44.00    38.00
 3231.00      .00    57.82    59.86    44.00    38.00
 3231.00     1.00    57.82    59.86    44.00    38.00
 3231.00     6.00    57.82    59.86    44.00    38.00
 3232.00      .00    57.82    59.86    44.00    38.00
 3232.00     1.00    54.44    59.86    44.00    38.00
 3232.00     6.00    57.82    59.86    44.00    38.00
 3240.00      .00    57.82    62.10    29.00    49.00
 3240.00     1.00    54.44    65.56    29.00    49.00
 3240.00     6.00    57.82    62.04    29.00    49.00
 3241.00      .00    57.82    62.10    29.00    51.00
 3241.00     1.00    54.44    65.56    29.00    51.00
 3241.00     6.00    57.82    62.04    29.00    51.00
 3242.00      .00    57.82    62.10    22.00    38.00
 3242.00     1.00    57.82    65.56    22.00    38.00
 3242.00     6.00    57.82    62.04    22.00    38.00
 3300.00      .00    60.01    58.70    50.00    38.00
 3300.00     1.00    60.01    60.61    50.00    38.00
 3300.00     6.00    60.01    58.66    50.00    38.00
 3310.00      .00    60.01    75.61    50.00    38.00
 3310.00     1.00    60.01    75.61    50.00    38.00
 3310.00     6.00    60.01    75.61    50.00    38.00
 3320.00      .00    60.01    55.61    50.00    38.00
 3320.00     1.00    60.01    55.61    50.00    38.00
 3320.00     6.00    60.01    55.61    50.00    38.00
 3330.00      .00    60.01    75.61    50.00    38.00
 3330.00     1.00    60.01    75.61    50.00    38.00
 3330.00     6.00    60.01    75.61    50.00    38.00
 3340.00      .00    60.01    75.61    50.00    38.00
 3340.00     1.00    60.01    75.61    50.00    38.00
 3340.00     6.00    60.01    75.61    50.00    38.00
 3400.00      .00    64.35    63.66    48.00    55.00
 3400.00     1.00    67.00    67.43    48.00    55.00
 3400.00     6.00    63.97    63.41    48.00    55.00
 3410.00      .00    68.38    64.82    47.00    55.00
 3410.00     1.00    73.59    61.64    47.00    55.00
 3410.00     6.00    67.46    65.11    47.00    55.00
 3411.00      .00    55.78    70.91    50.00    61.00
 3411.00     1.00    73.59    61.64    50.00    61.00
 3411.00     6.00    55.78    70.91    50.00    61.00
 3412.00      .00    58.08    70.91    44.00    54.00
 3412.00     1.00    73.59    61.64    44.00    54.00
 3412.00     6.00    55.78    70.91    44.00    54.00
 3413.00      .00    73.59    61.64    49.00    59.00
 3413.00     1.00    73.59    61.64    49.00    59.00
 3413.00     6.00    67.46    65.11    49.00    59.00
 3414.00      .00    68.38    64.82    43.00    56.00
 3414.00     1.00    73.59    61.64    43.00    56.00
 3414.00     6.00    67.46    65.11    43.00    56.00
 3415.00      .00    73.29    62.65    46.00    56.00
 3415.00     1.00    73.59    61.64    46.00    56.00
 3415.00     6.00    73.23    62.76    46.00    56.00
 3416.00      .00    58.99    61.86    49.00    50.00
 3416.00     1.00    73.59    61.64    49.00    50.00
 3416.00     6.00    56.56    61.92    49.00    50.00
 3417.00      .00    69.46    63.82    46.00    56.00
 3417.00     1.00    73.59    61.64    46.00    56.00
 3417.00     6.00    69.46    63.82    46.00    56.00
 3419.00      .00    69.91    63.65    46.00    55.00
 3419.00     1.00    73.59    61.64    46.00    55.00
 3419.00     6.00    69.46    63.82    46.00    55.00
 3420.00      .00    60.39    59.31    42.00    55.00
 3420.00     1.00    59.95    64.37    42.00    55.00
 3420.00     6.00    60.48    58.38    42.00    55.00
 3421.00      .00    54.52    57.43    55.00    55.00
 3421.00     1.00    59.95    64.37    55.00    55.00
 3421.00     6.00    52.96    55.43    55.00    55.00
 3422.00      .00    60.92    62.43    50.00    55.00
 3422.00     1.00    59.95    64.37    50.00    55.00
 3422.00     6.00    61.00    62.43    50.00    55.00
 3423.00      .00    72.41    62.43    49.00    55.00
 3423.00     1.00    59.95    64.37    49.00    55.00
 3423.00     6.00    72.41    62.43    49.00    55.00
 3429.00      .00    69.43    62.57    42.00    55.00
 3429.00     1.00    59.95    64.37    42.00    55.00
 3429.00     6.00    72.41    62.43    42.00    55.00
 3430.00      .00    64.45    62.82    49.00    54.00
 3430.00     1.00    59.95    76.16    49.00    54.00
 3430.00     6.00    64.73    62.33    49.00    54.00
 3431.00      .00    71.72    63.26    53.00    54.00
 3431.00     1.00    59.95    76.16    53.00    54.00
 3431.00     6.00    71.72    63.15    53.00    54.00
 3432.00      .00    71.72    63.15    49.00    59.00
 3432.00     1.00    59.95    76.16    49.00    59.00
 3432.00     6.00    71.72    63.15    49.00    59.00
 3433.00      .00    57.62    62.71    49.00    51.00
 3433.00     1.00    59.95    76.16    49.00    51.00
 3433.00     6.00    57.36    62.10    49.00    51.00
 3434.00      .00    57.36    63.25    51.00    61.00
 3434.00     1.00    59.95    76.16    51.00    61.00
 3434.00     6.00    57.36    63.25    51.00    61.00
 3439.00      .00    58.01    63.25    53.00    54.00
 3439.00     1.00    59.95    76.16    53.00    54.00
 3439.00     6.00    57.36    63.25    53.00    54.00
 3440.00      .00    60.33    66.74    52.00    56.00
 3440.00     1.00    67.00    67.43    52.00    56.00
 3440.00     6.00    60.33    66.74    52.00    56.00
 3441.00      .00    60.33    66.74    44.00    56.00
 3441.00     1.00    60.33    66.74    44.00    56.00
 3441.00     6.00    60.33    66.74    44.00    56.00
 3442.00      .00    60.33    66.74    52.00    57.00
 3442.00     1.00    60.33    66.74    52.00    57.00
 3442.00     6.00    60.33    66.74    52.00    57.00
 3443.00      .00    60.33    66.74    55.00    56.00
 3443.00     1.00    67.00    67.43    55.00    56.00
 3443.00     6.00    60.33    66.74    55.00    56.00
 3444.00      .00    60.33    66.74    54.00    46.00
 3444.00     1.00    67.00    67.43    54.00    46.00
 3444.00     6.00    60.33    66.74    54.00    46.00
 3449.00      .00    60.33    66.74    55.00    56.00
 3449.00     1.00    60.33    66.74    55.00    56.00
 3449.00     6.00    60.33    66.74    55.00    56.00
 3450.00      .00    57.61    66.74    45.00    56.00
 3450.00     1.00    57.61    66.74    45.00    56.00
 3450.00     6.00    57.61    66.74    45.00    56.00
 3451.00      .00    57.61    66.74    60.00    55.00
 3451.00     1.00    67.00    67.43    60.00    55.00
 3451.00     6.00    57.61    66.74    60.00    55.00
 3452.00      .00    57.61    66.74    44.00    56.00
 3452.00     1.00    67.00    67.43    44.00    56.00
 3452.00     6.00    57.61    66.74    44.00    56.00
 3460.00      .00    57.61    62.64    49.00    43.00
 3460.00     1.00    57.61    62.64    49.00    43.00
 3460.00     6.00    57.61    62.64    49.00    43.00
 3470.00      .00    61.38    81.39    45.00    52.00
 3470.00     1.00    61.38    81.39    45.00    52.00
 3470.00     6.00    61.38    81.39    45.00    52.00
 3471.00      .00    61.38    81.39    49.00    53.00
 3471.00     1.00    61.38    81.39    49.00    53.00
 3471.00     6.00    61.38    81.39    49.00    53.00
 3472.00      .00    61.38    81.39    50.00    64.00
 3472.00     1.00    61.38    81.39    50.00    64.00
 3472.00     6.00    61.38    81.39    50.00    64.00
 3473.00      .00    61.38    81.39    32.00    50.00
 3473.00     1.00    61.38    81.39    32.00    50.00
 3473.00     6.00    61.38    81.39    32.00    50.00
 3474.00      .00    61.38    81.39    33.00    50.00
 3474.00     1.00    61.38    81.39    33.00    50.00
 3474.00     6.00    61.38    81.39    33.00    50.00
 3475.00      .00    61.38    81.39    49.00    54.00
 3475.00     1.00    61.38    81.39    49.00    54.00
 3475.00     6.00    61.38    81.39    49.00    54.00
 3480.00      .00    64.35    63.66    50.00    38.00
 3480.00     1.00    67.00    67.43    50.00    38.00
 3480.00     6.00    63.97    63.41    50.00    38.00
 3490.00      .00    64.35    63.66  -999.00  -999.00
 3490.00     1.00    67.00    67.43  -999.00  -999.00
 3490.00     6.00    63.97    63.41  -999.00  -999.00
 4000.00      .00    47.39    55.00    37.00    45.00
 4000.00     1.00    50.95    67.11    37.00    45.00
 4000.00     6.00    47.34    54.67    37.00    45.00
 4100.00      .00    46.36    55.74    37.00    45.00
 4100.00     1.00    48.88    67.11    37.00    45.00
 4100.00     6.00    46.33    55.38    37.00    45.00
 4110.00      .00    52.05    55.93    45.00    51.00
 4110.00     1.00    52.06    67.11    45.00    51.00
 4110.00     6.00    52.05    55.52    45.00    51.00
 4111.00      .00    52.10    61.35    42.00    51.00
 4111.00     1.00    52.06    67.11    42.00    51.00
 4111.00     6.00    52.10    61.35    42.00    51.00
 4112.00      .00    52.10    61.35    42.00    50.00
 4112.00     1.00    52.06    67.11    42.00    50.00
 4112.00     6.00    52.10    61.35    42.00    50.00
 4113.00      .00    52.10    51.00    45.00    50.00
 4113.00     1.00    52.10    67.11    45.00    50.00
 4113.00     6.00    52.10    50.52    45.00    50.00
 4114.00      .00    52.10    51.63    45.00    51.00
 4114.00     1.00    52.06    67.11    45.00    51.00
 4114.00     6.00    52.10    50.52    45.00    51.00
 4115.00      .00    52.02    56.22    53.00    53.00
 4115.00     1.00    52.02    67.11    53.00    53.00
 4115.00     6.00    52.02    55.79    53.00    53.00
 4120.00      .00    51.34    58.79    44.00    51.00
 4120.00     1.00    48.88    67.11    44.00    51.00
 4120.00     6.00    51.34    58.60    44.00    51.00
 4121.00      .00    51.34    58.59    45.00    51.00
 4121.00     1.00    51.34    67.11    45.00    51.00
 4121.00     6.00    51.34    58.41    45.00    51.00
 4122.00      .00    51.34    59.91    36.00    51.00
 4122.00     1.00    51.34    67.11    36.00    51.00
 4122.00     6.00    51.34    59.69    36.00    51.00
 4130.00      .00    45.70    47.79    32.00    36.00
 4130.00     1.00    45.70    67.11    32.00    36.00
 4130.00     6.00    45.70    47.42    32.00    36.00
 4131.00      .00    45.70    47.86    30.00    32.00
 4131.00     1.00    45.70    67.11    30.00    32.00
 4131.00     6.00    45.70    47.42    30.00    32.00
 4132.00      .00    45.70    47.42    44.00    43.00
 4132.00     1.00    45.70    67.11    44.00    43.00
 4132.00     6.00    45.70    47.42    44.00    43.00
 4133.00      .00    45.70    47.42    37.00    45.00
 4133.00     1.00    45.70    67.11    37.00    45.00
 4133.00     6.00    45.70    47.42    37.00    45.00
 4140.00      .00    41.64    55.71    37.00    39.00
 4140.00     1.00    48.88    67.11    37.00    39.00
 4140.00     6.00    41.64    55.20    37.00    39.00
 4141.00      .00    41.64    56.71    36.00    39.00
 4141.00     1.00    41.64    67.11    36.00    39.00
 4141.00     6.00    41.64    56.71    36.00    39.00
 4142.00      .00    41.64    51.89    33.00    39.00
 4142.00     1.00    41.64    67.11    33.00    39.00
 4142.00     6.00    41.64    51.89    33.00    39.00
 4143.00      .00    41.64    57.32    41.00    39.00
 4143.00     1.00    41.64    67.11    41.00    39.00
 4143.00     6.00    41.64    56.71    41.00    39.00
 4144.00      .00    41.64    67.11    37.00    39.00
 4144.00     1.00    48.88    67.11    37.00    39.00
 4144.00     6.00    41.64    55.20    37.00    39.00
 4190.00      .00    46.36    61.35    37.00    39.00
 4190.00     1.00    48.88    61.35    37.00    39.00
 4190.00     6.00    46.33    61.35    37.00    39.00
 4200.00      .00    53.14    52.12    39.00    49.00
 4200.00     1.00    55.09    67.11    39.00    49.00
 4200.00     6.00    53.08    51.92    39.00    49.00
 4210.00      .00    55.09    52.35    37.00    48.00
 4210.00     1.00    55.09    67.11    37.00    48.00
 4210.00     6.00    55.09    52.07    37.00    48.00
 4211.00      .00    55.09    51.86    34.00    53.00
 4211.00     1.00    55.09    67.11    34.00    53.00
 4211.00     6.00    55.09    51.61    34.00    53.00
 4212.00      .00    55.09    53.87    42.00    46.00
 4212.00     1.00    55.09    67.11    42.00    46.00
 4212.00     6.00    55.09    53.87    42.00    46.00
 4213.00      .00    55.09    51.61    34.00    40.00
 4213.00     1.00    55.09    67.11    34.00    40.00
 4213.00     6.00    55.09    51.61    34.00    40.00
 4214.00      .00    55.09    67.11    15.00    40.00
 4214.00     1.00    55.09    67.11    15.00    40.00
 4214.00     6.00    55.09    52.07    15.00    40.00
 4215.00      .00    55.09    51.61    27.00    40.00
 4215.00     1.00    55.09    67.11    27.00    40.00
 4215.00     6.00    55.09    51.61    27.00    40.00
 4220.00      .00    49.15    51.51    38.00    52.00
 4220.00     1.00    55.09    67.11    38.00    52.00
 4220.00     6.00    49.15    51.51    38.00    52.00
 4221.00      .00    49.15    51.69    38.00    52.00
 4221.00     1.00    49.15    51.69    38.00    52.00
 4221.00     6.00    49.15    51.69    38.00    52.00
 4222.00      .00    49.15    51.69    38.00    52.00
 4222.00     1.00    49.15    51.69    38.00    52.00
 4222.00     6.00    49.15    51.69    38.00    52.00
 4223.00      .00    49.15    51.42    38.00    52.00
 4223.00     1.00    49.15    51.42    38.00    52.00
 4223.00     6.00    49.15    51.42    38.00    52.00
 5000.00      .00    49.32    45.44    32.00    40.00
 5000.00     1.00    55.01    53.24    32.00    40.00
 5000.00     6.00    48.01    44.52    32.00    40.00
 5100.00      .00    45.32    44.46    32.00    38.00
 5100.00     1.00    46.77    50.81    32.00    38.00
 5100.00     6.00    45.01    43.53    32.00    38.00
 5110.00      .00    43.98    45.82    32.00    34.00
 5110.00     1.00    46.77    50.81    32.00    34.00
 5110.00     6.00    43.98    45.82    32.00    34.00
 5111.00      .00    43.98    45.82    50.00    34.00
 5111.00     1.00    46.77    45.82    50.00    34.00
 5111.00     6.00    43.98    45.82    50.00    34.00
 5112.00      .00    43.98    45.82    32.00    34.00
 5112.00     1.00    43.98    50.81    32.00    34.00
 5112.00     6.00    43.98    45.82    32.00    34.00
 5113.00      .00    43.98    45.82    29.00    34.00
 5113.00     1.00    43.98    45.82    29.00    34.00
 5113.00     6.00    43.98    45.82    29.00    34.00
 5120.00      .00    45.61    43.09    26.00    32.00
 5120.00     1.00    44.95    41.13    26.00    32.00
 5120.00     6.00    45.98    43.30    26.00    32.00
 5121.00      .00    46.70    41.59    37.00    30.00
 5121.00     1.00    57.13    40.66    37.00    30.00
 5121.00     6.00    44.96    41.94    37.00    30.00
 5122.00      .00    46.76    42.97    31.00    30.00
 5122.00     1.00    57.13    40.66    31.00    30.00
 5122.00     6.00    44.96    43.07    31.00    30.00
 5123.00      .00    44.95    43.67    21.00    34.00
 5123.00     1.00    42.78    41.60    21.00    34.00
 5123.00     6.00    46.92    44.03    21.00    34.00
 5130.00      .00    43.98    43.90    27.00    25.00
 5130.00     1.00    46.77    58.96    27.00    25.00
 5130.00     6.00    43.98    42.87    27.00    25.00
 5131.00      .00    43.98    52.92    23.00    25.00
 5131.00     1.00    46.77    58.96    23.00    25.00
 5131.00     6.00    43.98    51.71    23.00    25.00
 5132.00      .00    43.98    37.58    42.00    25.00
 5132.00     1.00    43.98    58.96    42.00    25.00
 5132.00     6.00    43.98    36.75    42.00    25.00
 5133.00      .00    43.98    52.07    17.00    25.00
 5133.00     1.00    46.77    58.96    17.00    25.00
 5133.00     6.00    43.98    51.71    17.00    25.00
 5139.00      .00    43.98    51.71    29.00    25.00
 5139.00     1.00    43.98    58.96    29.00    25.00
 5139.00     6.00    43.98    51.71    29.00    25.00
 5140.00      .00    55.25    55.91    29.00    30.00
 5140.00     1.00    57.13    66.27    29.00    30.00
 5140.00     6.00    43.98    46.70    29.00    30.00
 5141.00      .00    57.13    55.91    32.00    29.00
 5141.00     1.00    57.13    66.27    32.00    29.00
 5141.00     6.00    43.98    46.70    32.00    29.00
 5142.00      .00    55.25    55.91    17.00    19.00
 5142.00     1.00    57.13    66.27    17.00    19.00
 5142.00     6.00    43.98    46.70    17.00    19.00
 5143.00      .00    55.25    55.91    34.00    54.00
 5143.00     1.00    57.13    66.27    34.00    54.00
 5143.00     6.00    43.98    46.70    34.00    54.00
 5149.00      .00    43.98    55.91    29.00    19.00
 5149.00     1.00    57.13    66.27    29.00    19.00
 5149.00     6.00    43.98    46.70    29.00    19.00
 5150.00      .00    45.32    44.46    37.00    43.00
 5150.00     1.00    46.77    50.81    37.00    43.00
 5150.00     6.00    45.01    43.53    37.00    43.00
 5151.00      .00    45.32    44.46    37.00    43.00
 5151.00     1.00    46.77    50.81    37.00    43.00
 5151.00     6.00    45.01    43.53    37.00    43.00
 5152.00      .00    45.32    44.46    37.00    43.00
 5152.00     1.00    46.77    50.81    37.00    43.00
 5152.00     6.00    45.01    43.53    37.00    43.00
 5160.00      .00    44.60    66.74    37.00    47.00
 5160.00     1.00    42.27    50.81    37.00    47.00
 5160.00     6.00    44.61    66.74    37.00    47.00
 5161.00      .00    47.53    66.74    35.00    42.00
 5161.00     1.00    42.27    50.81    35.00    42.00
 5161.00     6.00    47.53    66.74    35.00    42.00
 5162.00      .00    48.14    66.74    40.00    50.00
 5162.00     1.00    42.27    66.74    40.00    50.00
 5162.00     6.00    48.14    66.74    40.00    50.00
 5163.00      .00    47.53    66.74    39.00    40.00
 5163.00     1.00    42.27    50.81    39.00    40.00
 5163.00     6.00    47.53    66.74    39.00    40.00
 5164.00      .00    44.60    66.74    39.00    40.00
 5164.00     1.00    42.27    50.81    39.00    40.00
 5164.00     6.00    44.61    66.74    39.00    40.00
 5169.00      .00    42.27    66.74    30.00    40.00
 5169.00     1.00    42.27    50.81    30.00    40.00
 5169.00     6.00    42.27    66.74    30.00    40.00
 5200.00      .00    58.15    46.83    31.00    43.00
 5200.00     1.00    69.48    58.96    31.00    43.00
 5200.00     6.00    54.98    45.82    31.00    43.00
 5210.00      .00    58.15    50.20    28.00    43.00
 5210.00     1.00    69.48    58.96    28.00    43.00
 5210.00     6.00    54.98    45.82    28.00    43.00
 5220.00      .00    58.03    46.78    32.00    43.00
 5220.00     1.00    69.48    58.96    32.00    43.00
 5220.00     6.00    54.98    45.82    32.00    43.00
 5230.00      .00    62.23    50.20    24.00    37.00
 5230.00     1.00    69.48    58.96    24.00    37.00
 5230.00     6.00    54.98    45.82    24.00    37.00
 6000.00      .00    40.13    36.16    37.00    23.00
 6000.00     1.00    40.45    36.23    37.00    23.00
 6000.00     6.00    37.66    35.49    37.00    23.00
 6100.00      .00    40.13    36.16    38.00    23.00
 6100.00     1.00    40.45    36.23    38.00    23.00
 6100.00     6.00    37.66    35.49    38.00    23.00
 6110.00      .00    36.64    36.82    40.00    23.00
 6110.00     1.00    34.89    37.69    40.00    23.00
 6110.00     6.00    43.22    35.16    40.00    23.00
 6111.00      .00    32.64    36.72    40.00    23.00
 6111.00     1.00    32.38    37.69    40.00    23.00
 6111.00     6.00    43.22    31.99    40.00    23.00
 6112.00      .00    42.52    37.05    40.00    23.00
 6112.00     1.00    42.08    37.69    40.00    23.00
 6112.00     6.00    43.22    36.67    40.00    23.00
 6113.00      .00    43.04    36.82    40.00    23.00
 6113.00     1.00    42.08    37.69    40.00    23.00
 6113.00     6.00    43.22    36.67    40.00    23.00
 6114.00      .00    42.08    37.55    40.00    23.00
 6114.00     1.00    42.08    37.69    40.00    23.00
 6114.00     6.00    43.22    36.67    40.00    23.00
 6120.00      .00    35.16    35.20    40.00    23.00
 6120.00     1.00    35.36    35.04    40.00    23.00
 6120.00     6.00    34.08    36.08    40.00    23.00
 6121.00      .00    35.65    35.17    40.00    23.00
 6121.00     1.00    35.91    35.04    40.00    23.00
 6121.00     6.00    34.08    36.08    40.00    23.00
 6122.00      .00    34.49    35.51    40.00    23.00
 6122.00     1.00    35.91    35.04    40.00    23.00
 6122.00     6.00    34.08    36.08    40.00    23.00
 6123.00      .00    35.16    36.08    40.00    23.00
 6123.00     1.00    35.36    35.04    40.00    23.00
 6123.00     6.00    34.08    36.08    40.00    23.00
 6124.00      .00    32.95    35.13    40.00    23.00
 6124.00     1.00    32.95    35.04    40.00    23.00
 6124.00     6.00    34.08    36.08    40.00    23.00
 6129.00      .00    35.16    35.20    40.00    23.00
 6129.00     1.00    35.36    35.04    40.00    23.00
 6129.00     6.00    34.08    36.08    40.00    23.00
 6130.00      .00    42.71    36.16    38.00    23.00
 6130.00     1.00    42.82    36.16    38.00    23.00
 6130.00     6.00    34.08    36.08    38.00    23.00
 6131.00      .00    42.71    36.16    40.00    23.00
 6131.00     1.00    42.82    36.16    40.00    23.00
 6131.00     6.00    34.08    36.08    40.00    23.00
 6132.00      .00    42.71    36.16    41.00    27.00
 6132.00     1.00    42.82    36.16    41.00    27.00
 6132.00     6.00    34.08    36.08    41.00    27.00
 6133.00      .00    42.71    36.16    40.00    28.00
 6133.00     1.00    42.82    36.16    40.00    28.00
 6133.00     6.00    34.08    36.08    40.00    28.00
 6134.00      .00    42.71    36.16    30.00    28.00
 6134.00     1.00    42.82    36.16    30.00    28.00
 6134.00     6.00    34.08    36.08    30.00    28.00
 6140.00      .00    36.86    36.10    24.00    22.00
 6140.00     1.00    42.82    36.16    24.00    22.00
 6140.00     6.00    35.51    36.08    24.00    22.00
 6141.00      .00    36.86    36.08    24.00    22.00
 6141.00     1.00    42.82    36.16    24.00    22.00
 6141.00     6.00    35.51    36.08    24.00    22.00
 6142.00      .00    36.86    36.16    16.00    22.00
 6142.00     1.00    42.82    36.16    16.00    22.00
 6142.00     6.00    35.51    36.08    16.00    22.00
 6150.00      .00    40.38    36.16    28.00    28.00
 6150.00     1.00    42.82    36.16    28.00    28.00
 6150.00     6.00    35.51    35.49    28.00    28.00
 6151.00      .00    40.38    36.16    23.00    28.00
 6151.00     1.00    42.82    36.16    23.00    28.00
 6151.00     6.00    35.51    35.49    23.00    28.00
 6152.00      .00    39.17    36.16    23.00    28.00
 6152.00     1.00    42.82    36.16    23.00    28.00
 6152.00     6.00    35.51    35.49    23.00    28.00
 6153.00      .00    42.82    36.16    28.00    28.00
 6153.00     1.00    42.82    36.16    28.00    28.00
 6153.00     6.00    35.51    36.16    28.00    28.00
 6154.00      .00    40.38    36.16     6.00    28.00
 6154.00     1.00    42.82    36.16     6.00    28.00
 6154.00     6.00    35.51    35.49     6.00    28.00
 6200.00      .00    40.13    36.16    38.00    16.00
 6200.00     1.00    40.45    36.23    38.00    16.00
 6200.00     6.00    37.66    35.49    38.00    16.00
 6210.00      .00    40.13    36.16    38.00    16.00
 6210.00     1.00    40.45    36.23    38.00    16.00
 6210.00     6.00    37.66    35.49    38.00    16.00
 6254.00      .00    40.13    36.16  -999.00  -999.00
 6254.00     1.00    40.45    36.23  -999.00  -999.00
 6254.00     6.00    37.66    35.49  -999.00  -999.00
 7000.00      .00    44.02    40.98    38.00    34.00
 7000.00     1.00    51.50    47.55    38.00    34.00
 7000.00     6.00    43.09    40.30    38.00    34.00
 7100.00      .00    40.39    40.41    34.00    31.00
 7100.00     1.00    48.33    48.64    34.00    31.00
 7100.00     6.00    39.03    39.55    34.00    31.00
 7110.00      .00    38.95    42.58    34.00    30.00
 7110.00     1.00    47.20    48.64    34.00    30.00
 7110.00     6.00    38.21    39.55    34.00    30.00
 7111.00      .00    38.69    42.58    34.00    30.00
 7111.00     1.00    47.20    48.64    34.00    30.00
 7111.00     6.00    38.21    39.55    34.00    30.00
 7112.00      .00    38.21    44.10    36.00    30.00
 7112.00     1.00    47.20    48.64    36.00    30.00
 7112.00     6.00    38.21    39.55    36.00    30.00
 7113.00      .00    40.90    39.55    34.00    27.00
 7113.00     1.00    47.20    48.64    34.00    27.00
 7113.00     6.00    38.21    39.55    34.00    27.00
 7120.00      .00    37.77    39.55    34.00    30.00
 7120.00     1.00    47.20    48.64    34.00    30.00
 7120.00     6.00    36.62    39.55    34.00    30.00
 7121.00      .00    36.06    39.55    36.00    29.00
 7121.00     1.00    47.20    48.64    36.00    29.00
 7121.00     6.00    36.06    39.55    36.00    29.00
 7122.00      .00    37.11    39.55    34.00    29.00
 7122.00     1.00    47.20    48.64    34.00    29.00
 7122.00     6.00    36.06    39.55    34.00    29.00
 7123.00      .00    32.26    39.55    34.00    26.00
 7123.00     1.00    47.20    39.55    34.00    26.00
 7123.00     6.00    31.01    39.55    34.00    26.00
 7124.00      .00    46.88    39.55    37.00    29.00
 7124.00     1.00    47.20    39.55    37.00    29.00
 7124.00     6.00    46.80    39.55    37.00    29.00
 7129.00      .00    32.81    39.55    28.00    30.00
 7129.00     1.00    47.20    39.55    28.00    30.00
 7129.00     6.00    31.01    39.55    28.00    30.00
 7130.00      .00    43.22    39.55    37.00    34.00
 7130.00     1.00    50.67    48.64    37.00    34.00
 7130.00     6.00    41.49    39.55    37.00    34.00
 7131.00      .00    39.59    39.55    31.00    19.00
 7131.00     1.00    50.67    48.64    31.00    19.00
 7131.00     6.00    36.82    39.55    31.00    19.00
 7132.00      .00    39.38    39.55    31.00    30.00
 7132.00     1.00    50.67    48.64    31.00    30.00
 7132.00     6.00    36.82    39.55    31.00    30.00
 7133.00      .00    36.82    39.55    31.00    31.00
 7133.00     1.00    50.67    48.64    31.00    31.00
 7133.00     6.00    36.82    39.55    31.00    31.00
 7134.00      .00    39.59    39.55    28.00    34.00
 7134.00     1.00    50.67    48.64    28.00    34.00
 7134.00     6.00    36.82    39.55    28.00    34.00
 7135.00      .00    36.82    39.55    26.00    26.00
 7135.00     1.00    50.67    39.55    26.00    26.00
 7135.00     6.00    36.82    39.55    26.00    26.00
 7136.00      .00    43.77    39.55    34.00    33.00
 7136.00     1.00    50.67    39.55    34.00    33.00
 7136.00     6.00    41.58    39.55    34.00    33.00
 7137.00      .00    48.36    39.55    44.00    37.00
 7137.00     1.00    50.67    48.64    44.00    37.00
 7137.00     6.00    48.02    39.55    44.00    37.00
 7139.00      .00    43.22    39.55  -999.00  -999.00
 7139.00     1.00    50.67    48.64  -999.00  -999.00
 7139.00     6.00    41.49    39.55  -999.00  -999.00
 7140.00      .00    42.22    40.06    31.00    29.00
 7140.00     1.00    46.08    48.64    31.00    29.00
 7140.00     6.00    41.29    39.55    31.00    29.00
 7141.00      .00    40.20    39.55    31.00    29.00
 7141.00     1.00    46.08    48.64    31.00    29.00
 7141.00     6.00    38.99    39.55    31.00    29.00
 7142.00      .00    45.45    39.55    29.00    32.00
 7142.00     1.00    46.08    48.64    29.00    32.00
 7142.00     6.00    45.34    39.55    29.00    32.00
 7143.00      .00    45.66    40.69    20.00    29.00
 7143.00     1.00    46.08    48.64    20.00    29.00
 7143.00     6.00    45.34    39.55    20.00    29.00
 7200.00      .00    46.03    39.22    40.00    34.00
 7200.00     1.00    53.93    48.64    40.00    34.00
 7200.00     6.00    45.39    38.55    40.00    34.00
 7210.00      .00    40.49    35.01    38.00    31.00
 7210.00     1.00    49.87    48.64    38.00    31.00
 7210.00     6.00    39.70    34.51    38.00    31.00
 7211.00      .00    43.83    34.51    38.00    29.00
 7211.00     1.00    49.87    48.64    38.00    29.00
 7211.00     6.00    43.55    34.51    38.00    29.00
 7212.00      .00    37.11    34.51    39.00    30.00
 7212.00     1.00    49.87    48.64    39.00    30.00
 7212.00     6.00    36.59    34.51    39.00    30.00
 7213.00      .00    42.27    37.33    34.00    33.00
 7213.00     1.00    49.87    48.64    34.00    33.00
 7213.00     6.00    40.42    34.51    34.00    33.00
 7214.00      .00    43.53    34.51    44.00    30.00
 7214.00     1.00    49.87    48.64    44.00    30.00
 7214.00     6.00    43.11    34.51    44.00    30.00
 7215.00      .00    40.49    35.01    32.00    30.00
 7215.00     1.00    49.87    48.64    32.00    30.00
 7215.00     6.00    39.70    34.51    32.00    30.00
 7216.00      .00    40.49    35.01    26.00    30.00
 7216.00     1.00    49.87    48.64    26.00    30.00
 7216.00     6.00    39.70    34.51    26.00    30.00
 7220.00      .00    44.59    38.61    37.00    35.00
 7220.00     1.00    57.91    48.64    37.00    35.00
 7220.00     6.00    42.48    38.61    37.00    35.00
 7221.00      .00    47.19    38.61    35.00    33.00
 7221.00     1.00    57.91    38.61    35.00    33.00
 7221.00     6.00    43.41    38.61    35.00    33.00
 7222.00      .00    47.46    38.61    40.00    40.00
 7222.00     1.00    57.91    38.61    40.00    40.00
 7222.00     6.00    45.68    38.61    40.00    40.00
 7223.00      .00    45.58    38.61    38.00    34.00
 7223.00     1.00    57.91    38.61    38.00    34.00
 7223.00     6.00    43.41    38.61    38.00    34.00
 7224.00      .00    40.51    38.61    27.00    24.00
 7224.00     1.00    57.91    38.61    27.00    24.00
 7224.00     6.00    39.01    38.61    27.00    24.00
 7230.00      .00    46.23    34.24    43.00    34.00
 7230.00     1.00    50.07    48.64    43.00    34.00
 7230.00     6.00    46.02    33.28    43.00    34.00
 7231.00      .00    46.51    41.96    43.00    34.00
 7231.00     1.00    51.41    48.64    43.00    34.00
 7231.00     6.00    45.89    38.61    43.00    34.00
 7232.00      .00    46.99    34.24    50.00    42.00
 7232.00     1.00    51.41    48.64    50.00    42.00
 7232.00     6.00    45.89    33.28    50.00    42.00
 7233.00      .00    46.08    32.46    42.00    33.00
 7233.00     1.00    46.08    48.64    42.00    33.00
 7233.00     6.00    46.08    32.46    42.00    33.00
 7234.00      .00    46.23    34.24    20.00    23.00
 7234.00     1.00    50.07    48.64    20.00    23.00
 7234.00     6.00    46.02    33.28    20.00    23.00
 7240.00      .00    51.44    44.95    38.00    40.00
 7240.00     1.00    58.18    48.64    38.00    40.00
 7240.00     6.00    50.85    44.37    38.00    40.00
 7241.00      .00    51.35    44.64    38.00    40.00
 7241.00     1.00    58.18    48.64    38.00    40.00
 7241.00     6.00    50.52    44.37    38.00    40.00
 7242.00      .00    50.52    44.37    48.00    39.00
 7242.00     1.00    58.18    48.64    48.00    39.00
 7242.00     6.00    50.52    44.37    48.00    39.00
 7243.00      .00    56.83    44.37    42.00    41.00
 7243.00     1.00    58.18    48.64    42.00    41.00
 7243.00     6.00    56.75    44.37    42.00    41.00
 7244.00      .00    45.49    44.37    35.00    40.00
 7244.00     1.00    58.18    48.64    35.00    40.00
 7244.00     6.00    45.49    44.37    35.00    40.00
 7245.00      .00    45.49    48.64    36.00    38.00
 7245.00     1.00    58.18    48.64    36.00    38.00
 7245.00     6.00    45.49    44.37    36.00    38.00
 7300.00      .00    44.13    43.79    39.00    34.00
 7300.00     1.00    55.11    48.64    39.00    34.00
 7300.00     6.00    42.26    43.38    39.00    34.00
 7310.00      .00    43.87    41.94    45.00    38.00
 7310.00     1.00    55.11    48.64    45.00    38.00
 7310.00     6.00    40.50    40.59    45.00    38.00
 7311.00      .00    45.37    42.20    47.00    38.00
 7311.00     1.00    55.11    48.64    47.00    38.00
 7311.00     6.00    40.50    40.59    47.00    38.00
 7312.00      .00    40.50    41.94    33.00    38.00
 7312.00     1.00    55.11    48.64    33.00    38.00
 7312.00     6.00    40.50    40.59    33.00    38.00
 7313.00      .00    47.81    40.59    43.00    38.00
 7313.00     1.00    55.11    48.64    43.00    38.00
 7313.00     6.00    40.50    40.59    43.00    38.00
 7320.00      .00    39.19    40.59    28.00    28.00
 7320.00     1.00    55.11    48.64    28.00    28.00
 7320.00     6.00    36.92    40.59    28.00    28.00
 7321.00      .00    44.98    40.59    25.00    27.00
 7321.00     1.00    55.11    40.59    25.00    27.00
 7321.00     6.00    34.84    40.59    25.00    27.00
 7322.00      .00    34.84    40.59    37.00    29.00
 7322.00     1.00    55.11    40.59    37.00    29.00
 7322.00     6.00    34.84    40.59    37.00    29.00
 7323.00      .00    40.50    40.59    31.00    29.00
 7323.00     1.00    55.11    40.59    31.00    29.00
 7323.00     6.00    40.50    40.59    31.00    29.00
 7324.00      .00    38.22    40.59    31.00    29.00
 7324.00     1.00    55.11    40.59    31.00    29.00
 7324.00     6.00    34.84    40.59    31.00    29.00
 7330.00      .00    55.11    44.62    31.00    29.00
 7330.00     1.00    55.11    48.64    31.00    29.00
 7330.00     6.00    42.26    40.59    31.00    29.00
 7331.00      .00    55.11    45.96    31.00    29.00
 7331.00     1.00    55.11    48.64    31.00    29.00
 7331.00     6.00    55.11    40.59    31.00    29.00
 7332.00      .00    55.11    40.59    31.00    29.00
 7332.00     1.00    55.11    48.64    31.00    29.00
 7332.00     6.00    55.11    40.59    31.00    29.00
 7340.00      .00    50.73    46.62    42.00    40.00
 7340.00     1.00    55.11    48.64    42.00    40.00
 7340.00     6.00    50.23    46.50    42.00    40.00
 7341.00      .00    50.23    46.62    42.00    40.00
 7341.00     1.00    55.11    48.64    42.00    40.00
 7341.00     6.00    50.23    46.50    42.00    40.00
 7342.00      .00    50.73    46.62    41.00    40.00
 7342.00     1.00    55.11    48.64    41.00    40.00
 7342.00     6.00    50.23    46.50    41.00    40.00
 7343.00      .00    50.23    47.57    41.00    42.00
 7343.00     1.00    55.11    48.64    41.00    42.00
 7343.00     6.00    50.23    46.50    41.00    42.00
 7344.00      .00    50.92    46.50    42.00    40.00
 7344.00     1.00    55.11    48.64    42.00    40.00
 7344.00     6.00    50.23    46.50    42.00    40.00
 7345.00      .00    50.23    46.50    32.00    37.00
 7345.00     1.00    55.11    48.64    32.00    37.00
 7345.00     6.00    50.23    46.50    32.00    37.00
 7346.00      .00    50.89    46.62    52.00    38.00
 7346.00     1.00    55.11    48.64    52.00    38.00
 7346.00     6.00    50.23    46.50    52.00    38.00
 7400.00      .00    43.68    40.92    33.00    33.00
 7400.00     1.00    51.78    46.95    33.00    33.00
 7400.00     6.00    42.22    40.18    33.00    33.00
 7410.00      .00    44.80    36.37    28.00    30.00
 7410.00     1.00    47.56    36.37    28.00    30.00
 7410.00     6.00    44.60    36.37    28.00    30.00
 7411.00      .00    42.21    36.37    24.00    30.00
 7411.00     1.00    42.21    36.37    24.00    30.00
 7411.00     6.00    42.21    36.37    24.00    30.00
 7412.00      .00    48.63    36.37    33.00    31.00
 7412.00     1.00    48.63    36.37    33.00    31.00
 7412.00     6.00    48.63    36.37    33.00    31.00
 7413.00      .00    48.63    36.37    34.00    30.00
 7413.00     1.00    47.56    36.37    34.00    30.00
 7413.00     6.00    48.63    36.37    34.00    30.00
 7414.00      .00    48.63    36.37    35.00    30.00
 7414.00     1.00    47.56    36.37    35.00    30.00
 7414.00     6.00    48.63    36.37    35.00    30.00
 7415.00      .00    44.80    36.37    34.00    30.00
 7415.00     1.00    47.56    36.37    34.00    30.00
 7415.00     6.00    44.60    36.37    34.00    30.00
 7416.00      .00    44.80    36.37    34.00    30.00
 7416.00     1.00    47.56    36.37    34.00    30.00
 7416.00     6.00    44.60    36.37    34.00    30.00
 7420.00      .00    43.55    41.02    29.00    33.00
 7420.00     1.00    54.60    48.64    29.00    33.00
 7420.00     6.00    41.24    39.45    29.00    33.00
 7421.00      .00    42.40    39.45    29.00    33.00
 7421.00     1.00    54.60    48.64    29.00    33.00
 7421.00     6.00    41.24    39.45    29.00    33.00
 7422.00      .00    43.83    41.42    40.00    33.00
 7422.00     1.00    54.60    48.64    40.00    33.00
 7422.00     6.00    41.24    39.45    40.00    33.00
 7423.00      .00    41.24    42.51    36.00    33.00
 7423.00     1.00    54.60    48.64    36.00    33.00
 7423.00     6.00    41.24    39.45    36.00    33.00
 7424.00      .00    43.55    39.45    21.00    33.00
 7424.00     1.00    54.60    48.64    21.00    33.00
 7424.00     6.00    41.24    39.45    21.00    33.00
 7430.00      .00    42.50    43.65    34.00    36.00
 7430.00     1.00    42.50    48.64    34.00    36.00
 7430.00     6.00    42.50    43.04    34.00    36.00
 7431.00      .00    42.50    42.41    29.00    29.00
 7431.00     1.00    42.50    48.64    29.00    29.00
 7431.00     6.00    42.50    42.41    29.00    29.00
 7432.00      .00    42.50    43.19    32.00    29.00
 7432.00     1.00    42.50    48.64    32.00    29.00
 7432.00     6.00    42.50    42.41    32.00    29.00
 7433.00      .00    42.50    43.86    40.00    45.00
 7433.00     1.00    42.50    48.64    40.00    45.00
 7433.00     6.00    42.50    43.27    40.00    45.00
 7434.00      .00    42.50    43.27    35.00    36.00
 7434.00     1.00    42.50    48.64    35.00    36.00
 7434.00     6.00    42.50    43.27    35.00    36.00
 7435.00      .00    42.50    43.27    40.00    36.00
 7435.00     1.00    42.50    48.64    40.00    36.00
 7435.00     6.00    42.50    43.27    40.00    36.00
 7436.00      .00    42.50    43.27    26.00    33.00
 7436.00     1.00    42.50    48.64    26.00    33.00
 7436.00     6.00    42.50    43.27    26.00    33.00
 7437.00      .00    42.50    44.46    31.00    28.00
 7437.00     1.00    42.50    48.64    31.00    28.00
 7437.00     6.00    42.50    43.27    31.00    28.00
 7440.00      .00    42.50    33.08    27.00    31.00
 7440.00     1.00    42.50    48.64    27.00    31.00
 7440.00     6.00    42.50    32.49    27.00    31.00
 7441.00      .00    42.50    32.49    22.00    31.00
 7441.00     1.00    42.50    48.64    22.00    31.00
 7441.00     6.00    42.50    32.49    22.00    31.00
 7442.00      .00    42.50    33.25    27.00    31.00
 7442.00     1.00    42.50    48.64    27.00    31.00
 7442.00     6.00    42.50    32.49    27.00    31.00
 7500.00      .00    44.02    40.98    48.00    42.00
 7500.00     1.00    51.50    47.55    48.00    42.00
 7500.00     6.00    43.09    40.30    48.00    42.00
 7510.00      .00    44.02    40.98    46.00    42.00
 7510.00     1.00    51.50    47.55    46.00    42.00
 7510.00     6.00    43.09    40.30    46.00    42.00
 7520.00      .00    44.02    40.98    46.00    39.00
 7520.00     1.00    51.50    47.55    46.00    39.00
 7520.00     6.00    43.09    40.30    46.00    39.00
 7530.00      .00    44.02    40.98    37.00    26.00
 7530.00     1.00    51.50    47.55    37.00    26.00
 7530.00     6.00    43.09    40.30    37.00    26.00
 8000.00      .00    40.52    40.05    34.00    31.00
 8000.00     1.00    49.75    52.67    34.00    31.00
 8000.00     6.00    39.56    39.71    34.00    31.00
 8100.00      .00    38.76    42.40    36.00    30.00
 8100.00     1.00    54.77    52.67    36.00    30.00
 8100.00     6.00    38.27    42.01    36.00    30.00
 8110.00      .00    35.56    39.27    31.00    35.00
 8110.00     1.00    54.77    52.67    31.00    35.00
 8110.00     6.00    35.56    39.27    31.00    35.00
 8111.00      .00    35.56    39.27    34.00    35.00
 8111.00     1.00    35.56    39.27    34.00    35.00
 8111.00     6.00    35.56    39.27    34.00    35.00
 8112.00      .00    35.56    39.27    32.00    35.00
 8112.00     1.00    35.56    52.67    32.00    35.00
 8112.00     6.00    35.56    39.27    32.00    35.00
 8113.00      .00    35.56    39.27    31.00    35.00
 8113.00     1.00    35.56    52.67    31.00    35.00
 8113.00     6.00    35.56    39.27    31.00    35.00
 8120.00      .00    35.56    39.27    40.00    30.00
 8120.00     1.00    54.77    52.67    40.00    30.00
 8120.00     6.00    35.56    39.27    40.00    30.00
 8121.00      .00    35.56    39.27    45.00    31.00
 8121.00     1.00    35.56    39.27    45.00    31.00
 8121.00     6.00    35.56    39.27    45.00    31.00
 8122.00      .00    35.56    39.27    36.00    30.00
 8122.00     1.00    35.56    39.27    36.00    30.00
 8122.00     6.00    35.56    39.27    36.00    30.00
 8123.00      .00    35.56    39.27    38.00    28.00
 8123.00     1.00    35.56    39.27    38.00    28.00
 8123.00     6.00    35.56    39.27    38.00    28.00
 8124.00      .00    35.56    39.27    28.00    30.00
 8124.00     1.00    35.56    39.27    28.00    30.00
 8124.00     6.00    35.56    39.27    28.00    30.00
 8129.00      .00    35.56    39.27  -999.00  -999.00
 8129.00     1.00    54.77    52.67  -999.00  -999.00
 8129.00     6.00    35.56    39.27  -999.00  -999.00
 8130.00      .00    36.97    39.27    31.00    22.00
 8130.00     1.00    54.77    52.67    31.00    22.00
 8130.00     6.00    36.97    39.27    31.00    22.00
 8131.00      .00    36.97    39.27    31.00    22.00
 8131.00     1.00    36.97    39.27    31.00    22.00
 8131.00     6.00    36.97    39.27    31.00    22.00
 8139.00      .00    36.97    39.27    31.00    22.00
 8139.00     1.00    54.77    39.27    31.00    22.00
 8139.00     6.00    36.97    39.27    31.00    22.00
 8140.00      .00    37.86    45.38    28.00    27.00
 8140.00     1.00    54.77    52.67    28.00    27.00
 8140.00     6.00    37.37    45.09    28.00    27.00
 8141.00      .00    37.97    45.42    29.00    27.00
 8141.00     1.00    54.77    52.67    29.00    27.00
 8141.00     6.00    37.37    45.09    29.00    27.00
 8142.00      .00    37.37    45.09    28.00    27.00
 8142.00     1.00    54.77    52.67    28.00    27.00
 8142.00     6.00    37.37    45.09    28.00    27.00
 8143.00      .00    37.37    45.38    28.00    27.00
 8143.00     1.00    54.77    52.67    28.00    27.00
 8143.00     6.00    37.37    45.09    28.00    27.00
 8150.00      .00    36.97    41.95    42.00    35.00
 8150.00     1.00    54.77    52.67    42.00    35.00
 8150.00     6.00    36.97    39.27    42.00    35.00
 8151.00      .00    36.97    52.67    43.00    35.00
 8151.00     1.00    36.97    52.67    43.00    35.00
 8151.00     6.00    36.97    39.27    43.00    35.00
 8152.00      .00    36.97    41.95    43.00    35.00
 8152.00     1.00    36.97    52.67    43.00    35.00
 8152.00     6.00    36.97    39.27    43.00    35.00
 8153.00      .00    36.97    41.95    43.00    35.00
 8153.00     1.00    36.97    52.67    43.00    35.00
 8153.00     6.00    36.97    39.27    43.00    35.00
 8154.00      .00    36.97    41.95    43.00    35.00
 8154.00     1.00    36.97    52.67    43.00    35.00
 8154.00     6.00    36.97    39.27    43.00    35.00
 8155.00      .00    36.97    41.95    37.00    35.00
 8155.00     1.00    54.77    52.67    37.00    35.00
 8155.00     6.00    36.97    39.27    37.00    35.00
 8159.00      .00    36.97    39.27    43.00    35.00
 8159.00     1.00    36.97    52.67    43.00    35.00
 8159.00     6.00    36.97    39.27    43.00    35.00
 8160.00      .00    42.92    39.27    38.00    32.00
 8160.00     1.00    54.77    52.67    38.00    32.00
 8160.00     6.00    41.87    39.27    38.00    32.00
 8161.00      .00    43.30    39.27    42.00    33.00
 8161.00     1.00    54.77    39.27    42.00    33.00
 8161.00     6.00    41.87    39.27    42.00    33.00
 8162.00      .00    42.88    39.27    35.00    27.00
 8162.00     1.00    54.77    39.27    35.00    27.00
 8162.00     6.00    41.87    39.27    35.00    27.00
 8163.00      .00    41.87    39.27    34.00    33.00
 8163.00     1.00    54.77    52.67    34.00    33.00
 8163.00     6.00    41.87    39.27    34.00    33.00
 8170.00      .00    44.27    42.40    30.00    26.00
 8170.00     1.00    54.77    52.67    30.00    26.00
 8170.00     6.00    44.27    42.01    30.00    26.00
 8171.00      .00    44.27    42.40    30.00    26.00
 8171.00     1.00    44.27    52.67    30.00    26.00
 8171.00     6.00    44.27    42.01    30.00    26.00
 8172.00      .00    44.27    42.40    30.00    26.00
 8172.00     1.00    44.27    52.67    30.00    26.00
 8172.00     6.00    44.27    42.01    30.00    26.00
 8180.00      .00    38.76    42.40  -999.00  -999.00
 8180.00     1.00    54.77    52.67  -999.00  -999.00
 8180.00     6.00    38.27    42.01  -999.00  -999.00
 8200.00      .00    39.41    39.88    34.00    32.00
 8200.00     1.00    54.77    52.67    34.00    32.00
 8200.00     6.00    38.59    39.64    34.00    32.00
 8210.00      .00    38.06    38.62    37.00    36.00
 8210.00     1.00    54.77    52.67    37.00    36.00
 8210.00     6.00    37.24    37.68    37.00    36.00
 8211.00      .00    38.09    39.78    38.00    36.00
 8211.00     1.00    54.77    52.67    38.00    36.00
 8211.00     6.00    37.24    38.67    38.00    36.00
 8212.00      .00    37.24    34.26    30.00    30.00
 8212.00     1.00    54.77    52.67    30.00    30.00
 8212.00     6.00    37.24    34.26    30.00    30.00
 8220.00      .00    37.26    42.47    43.00    30.00
 8220.00     1.00    54.77    52.67    43.00    30.00
 8220.00     6.00    37.26    41.98    43.00    30.00
 8221.00      .00    37.26    41.98    43.00    30.00
 8221.00     1.00    37.26    52.67    43.00    30.00
 8221.00     6.00    37.26    41.98    43.00    30.00
 8222.00      .00    37.26    41.98    43.00    30.00
 8222.00     1.00    37.26    52.67    43.00    30.00
 8222.00     6.00    37.26    41.98    43.00    30.00
 8223.00      .00    37.26    41.98    28.00    30.00
 8223.00     1.00    37.26    52.67    28.00    30.00
 8223.00     6.00    37.26    41.98    28.00    30.00
 8224.00      .00    37.26    42.47    43.00    30.00
 8224.00     1.00    54.77    52.67    43.00    30.00
 8224.00     6.00    37.26    41.98    43.00    30.00
 8229.00      .00    37.26    44.12    43.00    30.00
 8229.00     1.00    37.26    52.67    43.00    30.00
 8229.00     6.00    37.26    41.98    43.00    30.00
 8230.00      .00    39.46    43.51    30.00    30.00
 8230.00     1.00    54.77    52.67    30.00    30.00
 8230.00     6.00    36.52    43.27    30.00    30.00
 8231.00      .00    41.39    44.31    30.00    30.00
 8231.00     1.00    54.77    52.67    30.00    30.00
 8231.00     6.00    40.23    43.27    30.00    30.00
 8232.00      .00    38.16    43.27    30.00    30.00
 8232.00     1.00    54.77    52.67    30.00    30.00
 8232.00     6.00    33.58    43.27    30.00    30.00
 8240.00      .00    41.76    36.67    31.00    29.00
 8240.00     1.00    54.77    36.67    31.00    29.00
 8240.00     6.00    41.09    36.67    31.00    29.00
 8250.00      .00    44.80    42.91    41.00    38.00
 8250.00     1.00    54.77    52.67    41.00    38.00
 8250.00     6.00    44.27    42.47    41.00    38.00
 8251.00      .00    45.67    43.15    41.00    38.00
 8251.00     1.00    54.77    52.67    41.00    38.00
 8251.00     6.00    44.27    42.47    41.00    38.00
 8252.00      .00    44.27    42.47    32.00    38.00
 8252.00     1.00    54.77    52.67    32.00    38.00
 8252.00     6.00    44.27    42.47    32.00    38.00
 8253.00      .00    44.27    42.92    28.00    38.00
 8253.00     1.00    54.77    52.67    28.00    38.00
 8253.00     6.00    44.27    42.47    28.00    38.00
 8260.00      .00    38.89    39.60    28.00    30.00
 8260.00     1.00    54.77    52.67    28.00    30.00
 8260.00     6.00    37.58    39.44    28.00    30.00
 8261.00      .00    37.68    40.51    29.00    29.00
 8261.00     1.00    54.77    52.67    29.00    29.00
 8261.00     6.00    37.68    40.51    29.00    29.00
 8262.00      .00    37.68    43.22    29.00    29.00
 8262.00     1.00    54.77    52.67    29.00    29.00
 8262.00     6.00    37.68    42.80    29.00    29.00
 8263.00      .00    39.51    39.06    25.00    32.00
 8263.00     1.00    54.77    52.67    25.00    32.00
 8263.00     6.00    37.68    38.90    25.00    32.00
 8264.00      .00    34.36    34.20    25.00    24.00
 8264.00     1.00    54.77    52.67    25.00    24.00
 8264.00     6.00    34.36    33.69    25.00    24.00
 8265.00      .00    39.22    40.17    26.00    32.00
 8265.00     1.00    54.77    52.67    26.00    32.00
 8265.00     6.00    39.22    40.17    26.00    32.00
 8266.00      .00    42.10    40.17    28.00    32.00
 8266.00     1.00    54.77    52.67    28.00    32.00
 8266.00     6.00    39.22    40.17    28.00    32.00
 8269.00      .00    39.22    40.17    26.00    32.00
 8269.00     1.00    54.77    52.67    26.00    32.00
 8269.00     6.00    39.22    40.17    26.00    32.00
 8270.00      .00    42.26    35.92    33.00    29.00
 8270.00     1.00    54.77    52.67    33.00    29.00
 8270.00     6.00    42.26    35.04    33.00    29.00
 8271.00      .00    37.58    35.04    31.00    29.00
 8271.00     1.00    37.58    52.67    31.00    29.00
 8271.00     6.00    37.58    35.04    31.00    29.00
 8272.00      .00    37.58    35.04    34.00    29.00
 8272.00     1.00    37.58    52.67    34.00    29.00
 8272.00     6.00    37.58    35.04    34.00    29.00
 8273.00      .00    37.58    42.09    33.00    29.00
 8273.00     1.00    37.58    52.67    33.00    29.00
 8273.00     6.00    37.58    35.04    33.00    29.00
 8274.00      .00    37.58    35.04    33.00    29.00
 8274.00     1.00    37.58    52.67    33.00    29.00
 8274.00     6.00    37.58    35.04    33.00    29.00
 8275.00      .00    37.58    35.04    35.00    29.00
 8275.00     1.00    37.58    52.67    35.00    29.00
 8275.00     6.00    37.58    35.04    35.00    29.00
 8276.00      .00    42.26    35.92    45.00    29.00
 8276.00     1.00    54.77    52.67    45.00    29.00
 8276.00     6.00    42.26    35.04    45.00    29.00
 8277.00      .00    48.29    35.92    34.00    29.00
 8277.00     1.00    48.29    52.67    34.00    29.00
 8277.00     6.00    48.29    35.04    34.00    29.00
 8278.00      .00    48.29    35.04    34.00    29.00
 8278.00     1.00    48.29    52.67    34.00    29.00
 8278.00     6.00    48.29    35.04    34.00    29.00
 8279.00      .00    48.29    35.04    39.00    29.00
 8279.00     1.00    48.29    52.67    39.00    29.00
 8279.00     6.00    48.29    35.04    39.00    29.00
 8280.00      .00    39.59    41.12    33.00    31.00
 8280.00     1.00    54.77    52.67    33.00    31.00
 8280.00     6.00    39.11    41.05    33.00    31.00
 8281.00      .00    42.52    41.24    30.00    30.00
 8281.00     1.00    54.77    52.67    30.00    30.00
 8281.00     6.00    42.52    40.82    30.00    30.00
 8282.00      .00    37.43    44.50    48.00    34.00
 8282.00     1.00    54.77    52.67    48.00    34.00
 8282.00     6.00    37.43    44.44    48.00    34.00
 8283.00      .00    37.43    37.49    48.00    34.00
 8283.00     1.00    54.77    52.67    48.00    34.00
 8283.00     6.00    37.43    37.49    48.00    34.00
 8284.00      .00    38.45    39.16    30.00    30.00
 8284.00     1.00    54.77    52.67    30.00    30.00
 8284.00     6.00    38.02    39.16    30.00    30.00
 8285.00      .00    40.25    36.20    31.00    30.00
 8285.00     1.00    54.77    52.67    31.00    30.00
 8285.00     6.00    38.99    36.20    31.00    30.00
 8286.00      .00    38.99    36.20    28.00    30.00
 8286.00     1.00    54.77    52.67    28.00    30.00
 8286.00     6.00    38.99    36.20    28.00    30.00
 8290.00      .00    37.24    41.20    33.00    26.00
 8290.00     1.00    37.24    52.67    33.00    26.00
 8290.00     6.00    37.24    40.92    33.00    26.00
 8300.00      .00    42.12    45.72    33.00    32.00
 8300.00     1.00    47.88    52.67    33.00    32.00
 8300.00     6.00    41.07    39.27    33.00    32.00
 8310.00      .00    42.03    39.27    36.00    36.00
 8310.00     1.00    50.90    52.67    36.00    36.00
 8310.00     6.00    41.91    39.27    36.00    36.00
 8311.00      .00    43.40    39.27    43.00    41.00
 8311.00     1.00    50.90    52.67    43.00    41.00
 8311.00     6.00    43.24    39.27    43.00    41.00
 8312.00      .00    40.12    39.27    29.00    32.00
 8312.00     1.00    50.90    39.27    29.00    32.00
 8312.00     6.00    40.12    39.27    29.00    32.00
 8320.00      .00    45.33    46.64    32.00    34.00
 8320.00     1.00    50.90    52.67    32.00    34.00
 8320.00     6.00    43.83    39.27    32.00    34.00
 8321.00      .00    45.33    46.64    31.00    30.00
 8321.00     1.00    50.90    52.67    31.00    30.00
 8321.00     6.00    43.83    39.27    31.00    30.00
 8322.00      .00    46.56    47.64    31.00    30.00
 8322.00     1.00    50.90    52.67    31.00    30.00
 8322.00     6.00    45.70    39.27    31.00    30.00
 8323.00      .00    44.18    52.67    32.00    30.00
 8323.00     1.00    50.90    52.67    32.00    30.00
 8323.00     6.00    43.66    39.27    32.00    30.00
 8324.00      .00    45.28    44.63    33.00    34.00
 8324.00     1.00    50.90    52.67    33.00    34.00
 8324.00     6.00    43.45    39.27    33.00    34.00
 8330.00      .00    35.57    44.63    32.00    26.00
 8330.00     1.00    32.08    52.67    32.00    26.00
 8330.00     6.00    35.89    39.27    32.00    26.00
 8331.00      .00    31.46    44.63    31.00    26.00
 8331.00     1.00    32.08    52.67    31.00    26.00
 8331.00     6.00    31.16    39.27    31.00    26.00
 8332.00      .00    39.79    44.63    32.00    26.00
 8332.00     1.00    32.08    52.67    32.00    26.00
 8332.00     6.00    40.31    39.27    32.00    26.00
 8333.00      .00    35.66    45.97    33.00    28.00
 8333.00     1.00    32.08    52.67    33.00    28.00
 8333.00     6.00    35.70    39.27    33.00    28.00
 8334.00      .00    35.70    39.27    28.00    28.00
 8334.00     1.00    32.08    52.67    28.00    28.00
 8334.00     6.00    35.70    39.27    28.00    28.00
 8340.00      .00    42.27    45.72    29.00    32.00
 8340.00     1.00    42.27    52.67    29.00    32.00
 8340.00     6.00    42.27    39.27    29.00    32.00
 8400.00      .00    40.52    40.05    33.00    24.00
 8400.00     1.00    49.75    52.67    33.00    24.00
 8400.00     6.00    39.56    39.71    33.00    24.00
 9000.00      .00    37.70    38.81    21.00    20.00
 9000.00     1.00    38.15    37.07    21.00    20.00
 9000.00     6.00    37.69    38.85    21.00    20.00
 9100.00      .00    37.91    38.29    23.00    25.00
 9100.00     1.00    38.23    38.86    23.00    25.00
 9100.00     6.00    37.91    38.27    23.00    25.00
 9110.00      .00    37.91    38.00    25.00    29.00
 9110.00     1.00    38.23    38.86    25.00    29.00
 9110.00     6.00    37.91    38.00    25.00    29.00
 9111.00      .00    37.91    38.00    24.00    29.00
 9111.00     1.00    38.23    38.86    24.00    29.00
 9111.00     6.00    37.91    38.00    24.00    29.00
 9112.00      .00    37.91    38.00    24.00    28.00
 9112.00     1.00    38.23    38.86    24.00    28.00
 9112.00     6.00    37.91    38.00    24.00    28.00
 9113.00      .00    37.91    38.00    26.00    29.00
 9113.00     1.00    38.23    38.00    26.00    29.00
 9113.00     6.00    37.91    38.00    26.00    29.00
 9120.00      .00    37.91    38.29    12.00    28.00
 9120.00     1.00    38.23    38.86    12.00    28.00
 9120.00     6.00    37.91    38.27    12.00    28.00
 9130.00      .00    41.37    38.20    21.00    16.00
 9130.00     1.00    41.37    38.86    21.00    16.00
 9130.00     6.00    41.37    38.18    21.00    16.00
 9131.00      .00    41.37    37.88    22.00    16.00
 9131.00     1.00    41.37    38.86    22.00    16.00
 9131.00     6.00    41.37    37.88    22.00    16.00
 9132.00      .00    41.37    37.88    21.00    16.00
 9132.00     1.00    41.37    37.88    21.00    16.00
 9132.00     6.00    41.37    37.88    21.00    16.00
 9133.00      .00    41.37    40.62    22.00    16.00
 9133.00     1.00    41.37    40.62    22.00    16.00
 9133.00     6.00    41.37    40.62    22.00    16.00
 9140.00      .00    38.36    39.49    23.00    23.00
 9140.00     1.00    38.36    38.86    23.00    23.00
 9140.00     6.00    38.36    39.49    23.00    23.00
 9141.00      .00    38.36    39.49    25.00    23.00
 9141.00     1.00    38.36    39.49    25.00    23.00
 9141.00     6.00    38.36    39.49    25.00    23.00
 9142.00      .00    38.36    39.49    19.00    23.00
 9142.00     1.00    38.36    39.49    19.00    23.00
 9142.00     6.00    38.36    39.49    19.00    23.00
 9150.00      .00    37.15    39.49    20.00    27.00
 9150.00     1.00    37.96    38.86    20.00    27.00
 9150.00     6.00    37.13    39.49    20.00    27.00
 9151.00      .00    43.87    39.49    22.00    25.00
 9151.00     1.00    43.87    39.49    22.00    25.00
 9151.00     6.00    43.87    39.49    22.00    25.00
 9152.00      .00    32.04    39.49    20.00    27.00
 9152.00     1.00    32.04    39.49    20.00    27.00
 9152.00     6.00    32.04    39.49    20.00    27.00
 9153.00      .00    37.15    39.49    21.00    27.00
 9153.00     1.00    37.96    38.86    21.00    27.00
 9153.00     6.00    37.13    39.49    21.00    27.00
 9160.00      .00    35.37    38.00    13.00    23.00
 9160.00     1.00    35.37    38.86    13.00    23.00
 9160.00     6.00    35.37    38.00    13.00    23.00
 9161.00      .00    35.37    38.00    13.00    23.00
 9161.00     1.00    35.37    38.00    13.00    23.00
 9161.00     6.00    35.37    38.00    13.00    23.00
 9162.00      .00    35.37    38.00    13.00    23.00
 9162.00     1.00    35.37    38.00    13.00    23.00
 9162.00     6.00    35.37    38.00    13.00    23.00
 9200.00      .00    30.90    32.46    23.00    16.00
 9200.00     1.00    38.15    32.46    23.00    16.00
 9200.00     6.00    30.90    32.46    23.00    16.00
 9210.00      .00    30.90    32.46    23.00    16.00
 9210.00     1.00    30.90    32.46    23.00    16.00
 9210.00     6.00    30.90    32.46    23.00    16.00
 9211.00      .00    30.90    32.46    23.00    16.00
 9211.00     1.00    30.90    32.46    23.00    16.00
 9211.00     6.00    30.90    32.46    23.00    16.00
 9212.00      .00    30.90    32.46    18.00    16.00
 9212.00     1.00    30.90    32.46    18.00    16.00
 9212.00     6.00    30.90    32.46    18.00    16.00
 9213.00      .00    30.90    32.46    23.00    16.00
 9213.00     1.00    30.90    32.46    23.00    16.00
 9213.00     6.00    30.90    32.46    23.00    16.00
 9300.00      .00    38.06    39.67    18.00    23.00
 9300.00     1.00    38.11    39.43    18.00    23.00
 9300.00     6.00    38.05    39.67    18.00    23.00
 9310.00      .00    39.55    38.00    16.00    21.00
 9310.00     1.00    38.72    39.43    16.00    21.00
 9310.00     6.00    39.57    38.00    16.00    21.00
 9311.00      .00    37.20    38.00    18.00    21.00
 9311.00     1.00    37.20    38.00    18.00    21.00
 9311.00     6.00    37.20    38.00    18.00    21.00
 9312.00      .00    41.77    38.00    15.00    21.00
 9312.00     1.00    41.77    38.00    15.00    21.00
 9312.00     6.00    41.77    38.00    15.00    21.00
 9313.00      .00    41.77    38.00    15.00    21.00
 9313.00     1.00    38.72    39.43    15.00    21.00
 9313.00     6.00    41.77    38.00    15.00    21.00
 9320.00      .00    39.26    39.85    19.00    20.00
 9320.00     1.00    39.13    39.43    19.00    20.00
 9320.00     6.00    39.26    39.86    19.00    20.00
 9321.00      .00    39.60    40.33    18.00    20.00
 9321.00     1.00    39.60    40.33    18.00    20.00
 9321.00     6.00    39.60    40.33    18.00    20.00
 9322.00      .00    36.80    37.18    22.00    24.00
 9322.00     1.00    36.80    37.18    22.00    24.00
 9322.00     6.00    36.80    37.18    22.00    24.00
 9330.00      .00    35.16    38.00    20.00    29.00
 9330.00     1.00    30.13    39.43    20.00    29.00
 9330.00     6.00    35.20    38.00    20.00    29.00
 9331.00      .00    30.13    38.00    17.00    22.00
 9331.00     1.00    30.13    39.43    17.00    22.00
 9331.00     6.00    30.13    38.00    17.00    22.00
 9332.00      .00    30.13    38.00    22.00    22.00
 9332.00     1.00    30.13    39.43    22.00    22.00
 9332.00     6.00    30.13    38.00    22.00    22.00
 9333.00      .00    36.40    38.00    20.00    30.00
 9333.00     1.00    30.13    38.00    20.00    30.00
 9333.00     6.00    36.40    38.00    20.00    30.00
