    1.00      .00    69.95    62.64 
    1.00     2.00    69.82    62.45 
    1.00     4.00    79.17    78.36 
    2.00      .00    71.44    70.66 
    2.00     2.00    71.54    70.81 
    2.00     4.00    68.93    67.16 
    3.00      .00    73.53    48.57 
    3.00     2.00    73.18    48.31 
    3.00     4.00    81.20    63.68 
    4.00      .00    76.50    50.71 
    4.00     2.00    76.37    50.53 
    4.00     4.00    80.67    62.36 
    5.00      .00    63.11    68.78 
    5.00     2.00    62.99    68.67 
    5.00     4.00    68.06    77.05 
    6.00      .00    68.53    62.60 
    6.00     2.00    68.62    62.60 
    6.00     4.00    60.50    62.50 
    7.00      .00    86.92    82.65 
    7.00     2.00    87.14    82.41 
    7.00     4.00    85.16    86.93 
    8.00      .00    75.54    75.85 
    8.00     2.00    74.75    75.07 
    8.00     4.00    83.64    87.02 
    9.00      .00    75.52    71.72 
    9.00     2.00    75.36    71.49 
    9.00     4.00    79.41    80.58 
   10.00      .00    74.92    69.43 
   10.00     2.00    74.90    69.37 
   10.00     4.00    78.02    79.14 
   11.00      .00    65.96    66.47 
   11.00     2.00    66.00    66.31 
   11.00     4.00    62.99    71.90 
   13.00      .00    56.94    57.37 
   13.00     2.00    56.89    57.32 
   13.00     4.00    60.24    60.74 
   14.00      .00    48.23    39.45 
   14.00     2.00    52.72    48.33 
   14.00     4.00    47.33    38.73 
   15.00      .00    36.19    39.07 
   15.00     2.00    35.22    38.19 
   15.00     4.00    40.30    41.70 
   16.00      .00    34.33    28.99 
   16.00     2.00    33.87    28.53 
   16.00     4.00    41.26    51.61 
   17.00      .00    34.33    28.99 
   17.00     2.00    33.87    28.53 
   17.00     4.00    41.26    51.61 
   20.00      .00    67.56    56.63 
   20.00     2.00    67.58    56.43 
   20.00     4.00    67.07    61.23 
   29.00      .00    49.85    54.03 
   29.00     2.00    49.65    53.60 
   29.00     4.00    60.90    65.58 
   30.00      .00    57.74    58.57 
   30.00     2.00    57.80    58.50 
   30.00     4.00    51.60    62.90 
   31.00      .00    67.33    66.35 
   31.00     2.00    67.43    65.79 
   31.00     4.00    66.10    75.35 
   33.00      .00    60.10    59.63 
   33.00     2.00    60.10    60.00 
   33.00     4.00    56.40    51.00 
   40.00      .00    48.23    39.45 
   40.00     2.00    52.72    48.33 
   40.00     4.00    47.33    38.73 
   41.00      .00    35.61    31.85 
   41.00     2.00    35.30    31.12 
   41.00     4.00    42.14    43.12 
   42.00      .00    49.20    32.00 
   42.00     2.00    49.20    32.00 
   42.00     4.00    49.20    39.70 
   43.00      .00    37.58    34.05 
   43.00     2.00    40.73    27.02 
   43.00     4.00    36.71    39.29 
   44.00      .00    32.31    22.97 
   44.00     2.00    31.53    22.37 
   44.00     4.00    36.20    41.40 
   50.00      .00    30.43    27.69 
   50.00     2.00    30.14    27.29 
   50.00     4.00    36.27    40.45 
   60.00      .00    54.59    31.00 
   60.00     2.00    54.70    31.00 
   60.00     4.00    51.90    49.60 
   61.00      .00    36.19    31.00 
   61.00     2.00    36.21    31.00 
   61.00     4.00    35.50    31.00 
   62.00      .00    73.50    75.30 
   62.00     2.00    73.50    75.30 
   62.00     4.00    73.50    75.30 
   63.00      .00    47.68    44.60 
   63.00     2.00    47.70    44.60 
   63.00     4.00    41.50    44.60 
   64.00      .00    50.27    54.00 
   64.00     2.00    50.23    54.23 
   64.00     4.00    53.87    43.30 
   65.00      .00    35.01    44.30 
   65.00     2.00    34.94    44.30 
   65.00     4.00    53.70    49.60 
   66.00      .00    53.39    49.69 
   66.00     2.00    53.45    49.63 
   66.00     4.00    46.80    54.07 
   67.00      .00    35.01    44.30 
   67.00     2.00    34.94    44.30 
   67.00     4.00    53.70    49.60 
   70.00      .00    28.17    26.50 
   70.00     2.00    27.51    24.77 
   70.00     4.00    41.90    58.60 
   71.00      .00    40.74    29.90 
   71.00     2.00    38.58    27.63 
   71.00     4.00    46.85    54.86 
   72.00      .00    33.32    26.97 
   72.00     2.00    30.35    25.25 
   72.00     4.00    38.38    44.20 
   73.00      .00    26.75    19.05 
   73.00     2.00    26.17    18.56 
   73.00     4.00    42.78    50.67 
   74.00      .00    52.31    52.07 
   74.00     2.00    50.96    50.45 
   74.00     4.00    60.86    68.27 
   75.00      .00    34.33    28.99 
   75.00     2.00    33.87    28.53 
   75.00     4.00    41.26    51.61 
   76.00      .00    43.37    32.10 
   76.00     2.00    43.04    31.77 
   76.00     4.00    49.67    62.05 
   77.00      .00    31.73    21.59 
   77.00     2.00    30.39    20.29 
   77.00     4.00    46.89    47.88 
   78.00      .00    38.13    16.85 
   78.00     2.00    37.58    15.62 
   78.00     4.00    40.89    32.40 
   79.00      .00    37.58    41.74 
   79.00     2.00    36.95    38.30 
   79.00     4.00    43.35    52.20 
   80.00      .00    45.59    41.27 
   80.00     2.00    45.29    40.29 
   80.00     4.00    52.56    71.39 
   81.00      .00    27.48    22.71 
   81.00     2.00    26.56    21.84 
   81.00     4.00    55.50    46.11 
   82.00      .00    34.75    26.42 
   82.00     2.00    34.03    25.32 
   82.00     4.00    41.31    46.40 
   83.00      .00    31.75    23.43 
   83.00     2.00    31.06    23.14 
   83.00     4.00    49.79    48.40 
   84.00      .00    29.80    21.70 
   84.00     2.00    29.75    21.59 
   84.00     4.00    40.60    48.40 
   85.00      .00    31.48    22.35 
   85.00     2.00    30.23    20.42 
   85.00     4.00    49.44    57.86 
   86.00      .00    29.38    29.45 
   86.00     2.00    28.80    27.90 
   86.00     4.00    35.20    40.20 
   87.00      .00    30.27    21.20 
   87.00     2.00    29.13    20.83 
   87.00     4.00    38.27    36.81 
   88.00      .00    33.91    26.18 
   88.00     2.00    33.87    26.00 
   88.00     4.00    37.34    40.03 
   90.00      .00    52.44    47.36 
   90.00     2.00    52.46    47.32 
   90.00     4.00    51.15    52.69 
   91.00      .00    47.14    40.24 
   91.00     2.00    47.28    40.00 
   91.00     4.00    46.35    45.89 
   92.00      .00    45.10    37.04 
   92.00     2.00    44.20    36.73 
   92.00     4.00    49.60    38.22 
   93.00      .00    42.59    27.75 
   93.00     2.00    42.40    27.50 
   93.00     4.00    47.24    39.07 
   94.00      .00    48.84    48.32 
   94.00     2.00    47.93    47.88 
   94.00     4.00    52.87    54.80 
   97.00      .00    57.11    58.54 
   97.00     2.00    56.94    58.15 
   97.00     4.00    64.30    71.99 
   98.00      .00    58.90    61.20 
   98.00     2.00    58.88    61.20 
   98.00     4.00    65.70    61.20 
