hisco	hiscam
1100	82.48
1110	82.48
1190	82.48
1200	82.48
1210	79.51
1300	79.51
1340	82.48
1400	63.27
1420	79.51
1430	79.51
2000	66.47
2100	81.47
2120	66.47
2130	84.66
2140	67.69
2200	81.47
2210	66.47
2220	81.47
2230	81.47
2240	84.88
2245	81.47
2255	70.12
2290	90.38
2300	81.47
2305	85.26
2310	67.69
2400	81.47
2410	81.47
2430	81.47
2450	81.47
2460	81.47
2510	84.88
2620	67.69
2700	81.47
2710	81.47
2740	81.47
2900	89.26
2930	81.47
2990	81.47
3000	80.47
3010	80.47
3020	66.47
3022	81.47
3030	81.47
3040	80.58
3090	84.88
3100	67.69
3110	67.69
3120	65.72
3130	67.69
3140	67.69
3150	81.47
3160	67.69
3170	81.47
3180	67.69
3200	70.75
3300	70.86
3310	66.47
3320	81.47
3330	84.88
3340	81.47
3390	73.43
3405	76.48
3490	81.47
3510	72.37
3520	81.47
3540	81.47
3550	81.47
3590	67.69
3620	81.47
3720	81.47
3930	81.47
4100	54.83
4120	54.83
4125	54.83
4130	54.83
4140	54.83
4200	54.83
4215	75.33
4217	55.49
4220	55.49
4230	62.22
4240	63.68
4250	55.49
4290	54.83
4320	56.20
5100	88.59
5110	88.59
5120	88.59
5190	88.59
5230	88.59
5260	66.47
5320	88.59
5330	88.59
5340	88.59
5360	88.59
5390	88.59
5400	88.59
5420	88.59
6100	97.73
6105	72.44
6110	72.44
6120	97.73
6130	97.73
6140	97.73
6190	97.73
6210	58.83
6300	88.59
6310	72.50
6320	93.61
6420	58.83
6500	73.66
6510	72.50
6520	72.44
6590	93.61
6700	93.91
6710	72.47
6810	58.83
6910	58.83
6990	58.83
7100	58.83
7110	58.83
7130	58.83
7200	68.90
7210	58.83
7300	68.90
7310	58.83
7410	58.83
7500	68.90
7520	93.61
7530	97.73
7600	68.90
7620	58.83
7640	58.83
7900	68.90
7920	58.83
7930	58.83
7990	58.83
8110	88.59
8130	88.59
8200	88.59
8220	88.59
8230	88.59
8250	88.59
8490	88.59
9010	66.47
9150	88.59
9999	72.22
11000	72.06
11010	72.06
11020	66.47
12000	75.52
12100	97.73
12110	75.52
12200	97.73
12210	75.52
12310	75.52
12400	97.73
12410	97.73
12900	97.73
12910	75.52
13000	80.23
13020	62.40
13030	80.23
13100	71.69
13130	97.73
13140	97.73
13170	97.73
13175	97.73
13190	97.73
13200	71.94
13215	71.76
13220	86.62
13230	86.62
13250	81.18
13260	86.62
13270	86.62
13275	86.62
13280	86.62
13290	86.62
13320	66.23
13390	69.66
13420	80.94
13490	80.94
13590	80.94
13900	80.94
13940	77.88
13950	81.40
13960	80.94
13990	74.62
14100	95.43
14120	76.19
14130	65.94
14140	97.73
14190	95.43
14990	65.31
15120	76.29
15900	76.88
15915	90.37
15920	76.62
15930	79.50
15945	79.50
15950	79.50
15960	76.29
15990	79.50
16000	66.73
16100	65.77
16120	66.47
16130	76.55
16150	66.73
16160	72.43
16190	68.51
16200	66.73
16220	68.51
16230	66.73
16240	68.51
16250	66.70
16300	68.51
16310	66.73
16350	68.51
16360	66.73
17000	60.31
17100	70.56
17120	70.56
17130	66.47
17135	60.31
17140	66.47
17145	66.47
17150	60.31
17190	60.06
17200	60.31
17220	60.31
17230	66.47
17300	60.31
17320	60.31
17340	60.06
17420	60.31
17490	60.06
17530	60.06
17540	60.06
17590	60.06
17900	60.31
17920	49.09
17940	60.31
17990	59.27
18000	60.31
18020	60.31
18050	60.06
18090	60.31
19100	88.59
19120	88.59
19130	74.69
19140	88.59
19190	88.59
19200	88.59
19250	88.59
19290	88.59
19300	88.59
19320	88.59
19390	88.59
19400	88.59
19420	88.59
19430	88.59
19490	88.59
19500	88.59
19520	88.59
19530	88.59
19540	88.59
19900	88.59
19950	88.59
19960	88.59
19990	88.59
20100	97.73
20110	73.83
20200	91.86
20210	73.83
21000	71.91
21100	87.56
21110	76.16
21200	87.56
21220	67.98
21230	66.47
21240	76.16
21300	63.88
21320	65.38
21340	65.59
21420	88.59
21430	71.91
21490	83.04
21900	83.66
21940	76.16
21950	76.16
21960	87.56
21970	80.83
21980	80.83
21990	76.16
22000	66.47
22100	66.20
22110	80.87
22190	87.40
22200	59.54
22210	81.58
22220	66.47
22230	74.45
22235	74.45
22240	69.98
22245	69.98
22250	74.45
22265	74.45
22275	74.45
22280	74.45
22290	69.98
22300	66.20
22320	85.08
22330	85.08
22390	85.08
22420	59.08
22425	66.16
22430	65.58
22440	65.58
22450	54.15
22460	65.58
22490	67.62
22520	60.15
22600	56.56
22610	59.63
22620	59.02
22630	62.27
22640	62.27
22650	60.31
22651	62.27
22655	62.27
22660	56.56
22665	62.27
22670	57.02
22675	78.38
22680	70.87
22690	62.16
30000	68.44
31000	64.41
31020	64.41
31030	64.41
31040	64.41
31090	64.41
31940	56.79
32100	63.90
32110	63.90
32120	64.41
32140	68.69
32190	68.69
32220	68.69
33000	71.98
33100	71.98
33110	71.98
33120	78.13
33130	78.13
33135	78.13
33140	78.13
33150	78.13
33160	78.13
33170	78.13
33190	78.13
33900	68.69
33920	68.69
33930	68.69
33940	64.41
33990	74.94
34120	56.52
34230	56.52
36000	60.36
36020	58.93
36040	49.68
36090	54.66
37000	66.44
37010	56.52
37020	68.79
37030	49.68
37040	49.68
37090	49.68
38000	63.90
38020	56.52
38030	54.66
38040	62.18
38090	56.52
39100	62.47
39110	62.47
39120	64.41
39130	64.41
39140	64.41
39150	64.41
39190	62.47
39230	63.90
39310	64.41
39320	64.41
39340	77.63
39350	64.41
39390	68.69
39410	68.69
39440	68.69
39490	68.69
39520	68.69
39530	60.34
39900	68.69
39940	68.69
39960	56.79
39990	65.31
41000	64.09
41020	78.73
41025	73.76
41030	64.77
41035	65.02
41040	60.20
41525	57.40
42200	69.41
42220	69.41
42230	69.41
43100	71.16
43120	71.16
43200	68.76
43220	68.76
43230	69.41
43290	71.16
44100	76.75
44120	72.06
44130	81.44
44140	81.44
44190	76.81
44200	71.16
44220	71.16
44230	69.12
44300	71.16
44320	73.20
44330	71.16
45100	54.06
45120	66.81
45125	61.29
45130	53.56
45140	54.06
45150	54.06
45190	65.62
45220	54.66
45225	54.06
45230	52.22
45240	54.06
45250	54.06
45290	51.88
49020	54.06
49030	54.06
49090	62.31
51000	57.06
51020	57.06
51030	56.06
51040	69.00
51050	57.06
51090	65.48
52000	57.40
52290	57.40
53100	54.66
53120	59.68
53130	59.68
53140	59.68
53150	59.68
53190	59.68
53200	54.93
53210	49.11
53220	54.93
53240	54.93
53250	54.93
53290	54.93
53330	42.04
54000	42.04
54010	49.11
54020	49.11
54030	49.11
54035	45.34
54040	45.34
54050	42.04
54055	45.34
54060	45.34
54090	54.34
55100	59.11
55120	63.90
55125	60.83
55130	66.66
55140	63.77
55190	42.04
55200	45.34
55220	45.34
55230	45.34
55240	49.11
55290	47.63
56000	52.59
56010	52.59
56030	52.59
56040	52.59
56050	52.59
56060	52.59
56065	52.59
56070	52.59
56090	52.59
57000	55.02
57025	54.66
57030	54.66
57070	55.02
57090	55.02
58100	53.79
58110	53.49
58200	63.54
58220	50.25
58225	56.27
58230	60.15
58240	60.15
58300	53.49
58320	53.49
58330	53.49
58340	53.49
58490	60.15
58900	60.15
58920	60.15
58930	60.93
58940	53.49
58990	53.49
59100	57.02
59200	57.02
59220	56.90
59230	57.02
59290	57.40
59900	57.02
59920	57.02
59940	54.66
59950	58.72
59990	57.40
61100	52.59
61110	53.02
61115	50.95
61120	53.02
61220	53.02
61230	53.02
61235	53.02
61240	53.02
61250	53.02
61260	55.54
61270	61.72
61290	54.36
62100	50.38
62105	50.54
62110	50.54
62120	47.59
62200	51.68
62210	50.54
62220	51.68
62230	51.68
62240	51.68
62260	51.68
62290	50.54
62320	51.49
62330	51.49
62390	51.49
62400	50.54
62410	51.54
62420	50.54
62430	50.54
62440	50.54
62460	50.54
62490	53.95
62510	50.54
62520	52.47
62600	51.49
62610	50.54
62660	50.54
62690	51.49
62700	50.54
62720	53.97
62730	53.97
62740	54.43
62790	53.97
62800	51.49
62820	51.49
62920	54.34
62940	54.34
62950	54.34
62960	50.54
62970	54.34
62990	54.34
63100	52.27
63110	54.09
63120	52.27
63130	52.27
63140	52.27
63190	54.16
63200	53.97
63220	59.45
63230	53.06
63250	53.97
63290	51.61
64100	51.09
64120	53.06
64130	53.56
64900	53.99
64920	53.99
64930	55.13
64940	53.99
64960	51.09
64990	51.09
71100	47.40
71105	52.95
71110	52.95
71120	48.50
71125	47.40
71130	47.40
71150	48.50
71160	47.40
71170	48.50
71190	55.18
71200	48.50
71220	52.95
71250	47.40
71290	48.50
71300	47.40
71380	47.40
71390	48.50
72000	51.47
72100	47.81
72120	51.18
72130	51.18
72160	51.18
72170	51.18
72190	47.72
72200	55.70
72220	51.18
72230	51.18
72250	52.15
72260	51.18
72290	51.18
72320	52.95
72330	51.18
72390	52.15
72400	51.18
72420	52.95
72490	52.95
72500	52.95
72520	51.18
72530	51.18
72540	52.15
72555	51.18
72560	51.18
72590	51.18
72600	51.18
72620	51.18
72630	51.18
72640	51.18
72700	51.18
72725	52.95
72730	52.15
72740	51.18
72790	52.15
72800	51.18
72820	52.15
72830	51.18
72890	49.79
72900	51.18
72930	51.18
72940	51.18
72980	52.15
72990	55.29
73100	52.95
73130	50.38
73200	51.15
73210	52.95
73240	51.15
73270	51.15
73290	51.15
73320	51.15
73350	52.95
73360	50.38
73390	50.38
73400	52.95
73430	49.20
73460	49.20
73490	49.20
74100	52.65
74120	55.00
74140	52.34
74200	52.06
74220	52.95
74240	52.06
74400	55.00
74470	52.95
74490	52.95
74500	52.59
74900	52.59
74910	52.59
74920	52.59
74925	52.59
74930	52.59
74990	52.59
75000	48.99
75100	54.04
75115	54.04
75120	54.04
75130	54.04
75135	54.04
75140	54.04
75145	54.04
75150	54.04
75155	54.04
75190	48.99
75220	49.06
75230	51.52
75240	51.52
75250	51.52
75290	51.52
75300	49.40
75320	49.40
75340	47.04
75350	49.40
75390	49.40
75400	48.99
75415	49.40
75420	49.40
75422	49.40
75430	49.40
75432	49.61
75435	48.99
75440	49.40
75445	47.04
75450	49.40
75452	49.06
75455	49.40
75457	49.40
75465	47.15
75470	47.04
75475	49.40
75490	48.99
75500	57.40
75520	47.04
75530	47.04
75535	49.06
75540	49.40
75590	49.40
75600	55.11
75615	55.11
75620	55.11
75622	48.99
75625	55.11
75635	55.11
75650	55.11
75655	55.11
75660	55.11
75670	55.11
75690	55.11
75700	49.40
75710	48.99
75720	49.40
75922	47.04
75925	49.40
75990	61.29
76100	58.43
76125	58.43
76130	58.43
76132	58.43
76145	58.43
76150	58.43
76155	58.43
76190	58.43
76200	49.40
76220	49.40
76230	49.40
76290	49.40
77100	57.43
77120	57.68
77140	58.43
77190	58.13
77200	57.43
77250	57.43
77260	57.43
77290	56.34
77300	57.43
77310	56.72
77320	55.43
77330	57.43
77340	55.43
77390	58.61
77410	58.43
77415	57.43
77440	58.43
77450	56.09
77460	58.43
77490	57.43
77500	51.68
77510	55.43
77530	51.68
77540	51.68
77590	51.68
77600	57.43
77610	55.43
77620	58.88
77630	68.83
77640	58.43
77650	57.43
77660	59.90
77690	62.02
77700	57.43
77750	56.09
77790	57.43
77800	61.58
77810	55.66
77820	61.58
77830	55.66
77835	55.66
77840	61.58
77850	61.58
77860	61.58
77870	55.66
77880	61.58
77890	61.58
77900	57.43
77920	55.43
77940	57.43
77990	57.43
78100	55.43
78120	58.43
78130	58.43
78155	56.09
78170	58.43
78190	57.43
78200	55.43
78290	57.43
78390	50.56
79100	46.68
79120	52.63
79130	52.63
79140	51.56
79190	52.63
79200	52.63
79220	51.56
79290	51.56
79300	52.63
79310	57.59
79320	51.56
79390	59.11
79400	57.09
79420	57.09
79430	57.09
79440	57.09
79450	57.09
79475	57.09
79490	57.09
79500	51.56
79510	47.93
79520	47.93
79550	52.63
79560	52.63
79565	51.56
79590	51.56
79600	52.63
79620	61.31
79630	52.63
79640	51.56
79690	55.81
79900	52.63
79920	57.84
79930	52.63
79990	56.15
80110	48.74
80120	51.56
80130	57.72
80190	52.63
80200	60.06
80220	52.63
80222	52.63
80225	52.63
80245	52.63
80250	52.63
80255	52.63
80290	51.99
80300	52.63
80310	47.93
80320	47.93
80330	52.63
80340	52.63
80360	52.63
80390	52.63
81000	55.43
81100	52.86
81120	50.00
81190	63.59
81200	52.86
81208	53.68
81210	52.86
81220	49.59
81225	49.59
81230	50.91
81250	52.86
81275	52.86
81280	53.68
81290	53.68
81900	48.88
81920	61.95
81925	51.45
81930	50.50
81935	53.68
81940	53.68
81945	61.72
81955	48.88
81960	48.88
81990	51.45
82000	53.04
82020	49.95
82050	54.31
82060	52.70
82070	54.31
82080	62.54
82090	52.70
82710	61.88
83000	53.06
83020	53.06
83100	50.09
83110	50.09
83120	50.09
83130	53.06
83140	53.06
83190	53.06
83200	53.20
83210	52.86
83220	50.09
83240	53.20
83250	53.20
83290	53.06
83300	53.20
83305	53.20
83310	53.06
83320	50.09
83330	53.20
83350	53.20
83360	53.20
83390	56.08
83400	62.70
83410	62.70
83420	51.56
83440	53.20
83450	53.20
83460	53.20
83465	53.20
83490	50.90
83500	53.20
83510	53.06
83520	52.04
83530	51.43
83540	53.20
83550	53.20
83560	53.20
83590	49.88
83900	53.20
83910	53.06
83915	51.59
83920	50.09
83930	54.97
83940	53.20
83960	53.20
83990	50.09
84100	51.54
84105	51.54
84110	59.74
84115	58.09
84125	59.74
84145	59.74
84165	58.09
84170	59.74
84175	58.09
84185	58.09
84190	54.29
84220	64.62
84222	64.62
84225	64.62
84230	63.90
84235	59.74
84240	59.74
84245	59.74
84250	58.09
84300	69.87
84320	59.74
84390	52.54
84400	58.09
84410	58.09
84420	58.09
84900	62.22
84910	59.74
84970	59.74
84975	51.40
84980	49.61
84985	59.74
84990	53.15
85100	58.06
85110	63.93
85120	58.06
85150	56.86
85190	56.86
85200	58.06
85210	54.31
85220	58.06
85320	56.86
85340	58.06
85345	56.86
85420	58.06
85500	58.06
85510	56.86
85560	58.06
85570	56.86
85600	56.86
85620	59.52
85630	58.06
85700	53.18
85730	56.86
85740	54.31
85790	56.86
85990	64.63
86190	58.06
86240	58.06
87105	54.31
87110	61.41
87120	53.25
87130	55.59
87190	55.59
87200	55.59
87210	54.31
87215	55.59
87245	55.59
87250	55.59
87260	57.08
87300	55.93
87310	54.31
87330	54.31
87340	51.61
87350	54.31
87370	55.59
87390	57.08
87400	61.08
87430	55.59
87450	57.08
87462	50.11
87490	57.08
88000	67.22
88010	76.80
88030	63.31
88040	67.22
88050	66.01
88070	67.22
88080	66.01
88090	70.15
89100	53.50
89120	44.43
89128	47.72
89136	47.72
89148	47.72
89156	47.11
89160	47.72
89164	47.52
89190	47.72
89200	47.11
89210	48.68
89215	47.11
89220	47.11
89225	47.11
89230	47.72
89235	47.72
89240	47.72
89242	46.75
89245	47.72
89247	47.72
89290	50.70
89300	47.72
89320	48.68
89330	47.72
89350	49.13
89360	48.68
89390	47.56
89400	47.72
89420	47.72
89430	47.11
89440	47.72
89500	50.36
89520	47.72
89530	51.70
89540	47.72
89550	47.72
89560	47.72
89570	47.72
89590	47.11
89900	47.72
89940	47.72
89990	47.11
90000	54.38
90100	55.68
90200	55.68
91000	60.56
91025	60.56
91030	60.56
91050	60.56
91070	60.56
91075	60.56
91090	60.56
92000	58.52
92100	58.52
92110	54.31
92120	55.52
92130	58.52
92135	58.52
92140	61.22
92155	58.52
92190	58.52
92200	58.52
92225	58.52
92230	61.22
92240	54.31
92250	54.31
92270	58.52
92290	56.88
92300	58.52
92320	61.22
92330	58.52
92400	64.16
92415	62.59
92420	61.22
92430	58.52
92490	58.52
92500	58.52
92520	58.52
92600	58.65
92625	54.31
92690	58.52
92700	58.52
92900	58.09
92930	58.52
92940	58.52
92950	58.52
92990	58.52
93100	55.34
93120	54.31
93190	60.99
93900	55.34
93920	54.31
93950	55.34
93960	55.34
93990	63.70
94100	64.62
94120	50.11
94140	53.43
94160	54.31
94170	53.43
94180	50.11
94190	61.15
94200	53.43
94220	54.31
94230	54.31
94240	54.31
94250	47.15
94290	54.34
94320	53.43
94900	61.88
94920	50.11
94940	50.11
94960	54.31
94980	76.43
94990	54.31
95000	47.43
95100	51.68
95120	47.43
95125	53.18
95130	47.43
95135	49.56
95140	52.29
95145	51.68
95150	51.68
95155	53.18
95160	47.43
95190	55.54
95210	49.09
95220	51.68
95230	51.68
95240	48.18
95250	48.18
95290	53.18
95300	47.43
95320	45.79
95340	51.68
95350	51.68
95360	43.72
95390	51.68
95400	53.18
95410	49.11
95415	49.11
95420	53.18
95440	55.22
95445	53.18
95450	53.18
95455	47.43
95475	51.68
95490	53.18
95500	51.68
95510	47.43
95520	51.68
95530	51.68
95590	55.61
95600	53.18
95700	51.68
95720	54.29
95750	53.18
95790	53.18
95910	64.26
95920	51.68
95925	58.74
95930	51.68
95940	53.18
95945	51.68
95950	51.68
95955	48.18
95960	51.68
95970	51.68
95990	57.91
96100	49.38
96190	47.95
96900	49.74
96910	52.15
96925	49.74
96930	50.79
96940	49.38
96950	49.74
96990	49.38
97100	52.08
97105	52.08
97120	52.15
97125	49.22
97130	51.50
97145	52.15
97150	49.54
97152	52.22
97155	48.24
97160	49.54
97190	52.27
97200	49.54
97205	49.54
97210	49.54
97230	48.24
97300	49.54
97315	52.93
97340	49.54
97345	48.27
97350	48.24
97355	54.36
97390	48.24
97400	48.24
97415	49.75
97435	49.54
97440	48.24
97450	49.54
97460	49.54
97470	48.24
97475	49.54
97900	49.54
97990	49.54
98000	51.88
98100	58.29
98120	50.95
98130	52.22
98135	51.63
98140	52.22
98190	51.63
98220	51.63
98230	51.02
98290	51.88
98300	51.00
98320	51.63
98330	51.63
98390	51.88
98400	51.88
98420	51.63
98430	51.63
98440	51.63
98500	51.63
98520	51.88
98530	62.02
98540	51.63
98550	53.38
98555	53.09
98590	51.34
98600	58.27
98620	51.63
98630	51.88
98690	48.75
98840	51.25
98930	51.63
98940	55.93
98950	52.22
98990	51.63
99020	49.61
99900	51.33
99910	46.61
99920	46.61
99930	49.47
