hisco	hiscam
1100	80.83
1110	75.70
1190	75.70
1200	75.70
1210	77.77
1300	77.77
1340	80.83
1400	61.13
1420	75.70
1430	77.77
2000	86.05
2100	79.79
2120	83.37
2130	83.05
2140	65.66
2200	79.79
2210	80.37
2220	79.79
2230	83.18
2240	83.29
2245	79.79
2255	68.15
2290	88.93
2300	79.79
2305	79.66
2310	65.66
2400	79.79
2410	79.79
2430	79.79
2450	79.79
2460	79.79
2510	83.18
2620	65.66
2700	79.79
2710	83.18
2740	79.79
2900	87.77
2930	83.18
2990	79.79
3000	78.76
3010	82.95
3020	85.33
3022	79.79
3030	79.79
3040	84.44
3090	83.29
3100	65.66
3110	65.66
3120	63.63
3130	65.66
3140	65.66
3150	83.18
3160	65.66
3170	79.79
3180	65.66
3200	72.77
3300	68.91
3310	68.91
3320	83.18
3330	86.05
3340	79.79
3390	71.54
3405	74.68
3490	79.79
3510	70.47
3520	79.79
3540	83.18
3550	83.18
3590	65.66
3620	79.79
3720	79.79
3930	79.79
4100	52.47
4120	52.47
4125	52.47
4130	52.47
4140	52.47
4200	52.47
4215	75.70
4217	52.47
4220	55.84
4230	63.52
4240	61.54
4250	53.88
4290	52.47
4320	53.88
5100	87.08
5110	75.70
5120	87.08
5190	87.08
5230	87.08
5260	87.08
5320	75.70
5330	87.08
5340	87.08
5360	87.08
5390	87.08
5400	87.08
5420	87.08
6100	92.43
6105	92.43
6110	92.43
6120	96.44
6130	96.44
6140	92.43
6190	96.44
6210	56.56
6300	87.08
6310	92.43
6320	92.77
6420	56.56
6500	71.76
6510	71.76
6520	92.23
6590	92.77
6700	92.54
6710	94.01
6810	56.56
6910	56.56
6990	56.56
7100	56.56
7110	56.56
7130	56.56
7200	66.90
7210	56.56
7300	66.90
7310	56.56
7410	56.56
7500	66.90
7520	92.23
7530	92.43
7600	66.90
7620	56.56
7640	56.56
7900	66.90
7920	56.56
7930	56.56
7990	56.56
8110	87.08
8130	87.08
8200	87.08
8220	87.08
8230	87.08
8250	66.41
8490	87.08
9010	87.08
9150	87.08
9999	70.30
11000	70.15
11010	66.41
11020	70.15
12000	99.00
12100	96.44
12110	99.00
12200	96.44
12210	99.00
12310	99.00
12400	96.44
12410	99.00
12900	96.44
12910	99.00
13000	81.00
13020	65.98
13030	81.00
13100	81.00
13130	96.44
13140	96.44
13170	96.44
13175	81.00
13190	96.44
13200	81.00
13215	81.00
13220	85.05
13230	85.05
13250	81.00
13260	85.05
13270	85.05
13275	85.05
13280	85.05
13290	81.00
13320	63.40
13390	63.40
13420	79.25
13490	79.25
13590	79.25
13900	79.25
13940	81.00
13950	81.00
13960	79.25
13990	72.76
14100	94.08
14120	75.70
14130	63.86
14140	96.44
14190	94.08
14990	63.22
15120	75.70
15900	75.08
15915	75.70
15920	75.70
15930	77.76
15945	77.76
15950	77.76
15960	74.48
15990	75.70
16000	69.73
16100	63.70
16120	68.23
16130	69.43
16150	69.73
16160	70.51
16190	68.48
16200	64.68
16220	66.51
16230	69.73
16240	68.48
16250	64.65
16300	66.51
16310	69.73
16350	66.51
16360	69.73
17000	58.09
17100	68.61
17120	63.04
17130	57.84
17135	63.74
17140	64.08
17145	64.18
17150	58.09
17190	57.84
17200	58.09
17220	63.74
17230	58.09
17300	58.09
17320	63.74
17340	64.86
17420	58.09
17490	61.91
17530	57.84
17540	64.12
17590	64.12
17900	58.09
17920	46.59
17940	58.09
17990	57.02
18000	58.09
18020	63.74
18050	57.84
18090	58.09
19100	87.08
19120	75.70
19130	75.70
19140	75.70
19190	87.08
19200	87.08
19250	75.70
19290	87.08
19300	87.08
19320	87.08
19390	87.08
19400	87.08
19420	87.08
19430	87.08
19490	87.08
19500	75.70
19520	87.08
19530	87.08
19540	87.08
19900	87.08
19950	87.08
19960	87.08
19990	87.08
20100	96.83
20110	96.83
20200	90.43
20210	93.48
21000	70.91
21100	86.04
21110	83.22
21200	83.22
21220	70.06
21230	85.97
21240	74.30
21300	61.75
21320	63.29
21340	63.52
21420	85.97
21430	75.70
21490	82.55
21900	82.05
21940	70.91
21950	79.13
21960	74.61
21970	77.51
21980	79.13
21990	73.65
22000	64.09
22100	64.15
22110	85.97
22190	85.87
22200	64.15
22210	80.76
22220	78.48
22230	72.59
22235	72.59
22240	68.01
22245	68.01
22250	72.59
22265	72.59
22275	72.59
22280	72.59
22290	68.01
22300	64.15
22320	83.48
22330	83.48
22390	83.48
22420	64.09
22425	64.09
22430	63.50
22440	63.50
22450	57.77
22460	63.50
22490	65.58
22520	57.54
22600	54.25
22610	57.54
22620	57.54
22630	60.09
22640	60.09
22650	60.81
22651	60.09
22655	60.09
22660	54.25
22665	60.09
22670	57.54
22675	76.62
22680	68.91
22690	60.00
30000	60.38
31000	81.83
31020	73.12
31030	71.98
31040	59.47
31090	60.38
31940	54.47
32100	61.77
32110	60.38
32120	60.38
32140	66.69
32190	66.69
32220	66.69
33000	70.06
33100	70.06
33110	70.06
33120	76.37
33130	76.37
33135	73.41
33140	76.37
33150	76.37
33160	76.37
33170	73.41
33190	76.37
33900	66.69
33920	66.69
33930	66.69
33940	63.86
33990	73.11
34120	54.20
34230	54.20
36000	58.15
36020	53.15
36040	53.15
36090	52.31
37000	64.37
37010	54.20
37020	66.79
37030	53.15
37040	53.15
37090	53.15
38000	61.77
38020	53.15
38030	52.31
38040	53.15
38090	54.20
39100	60.31
39110	60.31
39120	60.38
39130	60.31
39140	60.38
39150	60.38
39190	60.31
39230	61.77
39310	62.58
39320	63.63
39340	75.63
39350	63.95
39390	63.95
39410	63.95
39440	66.69
39490	66.69
39520	66.69
39530	58.13
39900	63.95
39940	63.95
39960	60.38
39990	60.38
41000	61.97
41020	84.04
41025	61.63
41030	63.25
41035	62.93
41040	61.63
41525	55.11
42200	67.41
42220	67.41
42230	74.00
43100	74.00
43120	69.20
43200	74.00
43220	74.00
43230	74.00
43290	69.20
44100	74.00
44120	74.00
44130	74.00
44140	80.80
44190	74.00
44200	69.20
44220	69.20
44230	74.00
44300	69.20
44320	71.31
44330	74.00
45100	51.68
45120	69.98
45125	57.84
45130	57.84
45140	51.68
45150	51.68
45190	63.52
45220	52.06
45225	51.68
45230	49.79
45240	58.38
45250	51.68
45290	49.45
49020	51.68
49030	58.38
49090	60.15
51000	53.74
51020	58.72
51030	58.79
51040	67.00
51050	58.79
51090	58.79
52000	55.11
52290	57.31
53100	55.75
53120	54.99
53130	56.34
53140	57.45
53150	57.45
53190	55.79
53200	52.58
53210	53.20
53220	53.20
53240	53.20
53250	52.58
53290	53.20
53330	39.36
54000	39.36
54010	39.00
54020	39.00
54030	39.00
54035	42.75
54040	41.52
54050	39.00
54055	42.75
54060	42.75
54090	51.97
55100	56.86
55120	61.77
55125	57.72
55130	64.61
55140	61.63
55190	39.00
55200	42.75
55220	42.75
55230	42.75
55240	46.61
55290	39.00
56000	50.18
56010	46.81
56030	50.18
56040	46.81
56050	50.18
56060	50.18
56065	50.18
56070	50.18
56090	46.81
57000	52.68
57025	56.47
57030	56.47
57070	56.47
57090	56.47
58100	55.02
58110	55.02
58200	61.40
58220	53.20
58225	53.95
58230	60.31
58240	60.31
58300	54.90
58320	92.27
58330	54.88
58340	51.81
58490	57.93
58900	60.31
58920	57.93
58930	54.18
58940	51.34
58990	57.20
59100	57.31
59200	54.72
59220	57.31
59230	54.72
59290	57.31
59900	54.72
59920	54.72
59940	47.49
59950	57.31
59990	57.31
61100	50.18
61110	50.75
61115	44.00
61120	50.18
61220	50.50
61230	50.50
61235	50.50
61240	50.50
61250	52.00
61260	50.50
61270	55.02
61290	50.50
62100	47.90
62105	48.93
62110	48.84
62120	46.27
62200	49.38
62210	49.38
62220	49.25
62230	49.38
62240	49.25
62260	49.25
62290	49.25
62320	49.04
62330	49.38
62390	49.38
62400	48.86
62410	49.11
62420	48.13
62430	48.00
62440	49.11
62460	48.13
62490	48.13
62510	49.38
62520	50.04
62600	49.04
62610	49.04
62660	49.04
62690	49.04
62700	50.84
62720	51.59
62730	50.90
62740	53.09
62790	51.59
62800	49.04
62820	49.38
62920	51.97
62940	51.79
62950	51.97
62960	51.97
62970	51.97
62990	51.97
63100	49.84
63110	49.34
63120	49.84
63130	49.54
63140	49.54
63190	50.34
63200	51.61
63220	54.11
63230	54.11
63250	51.61
63290	54.11
64100	50.93
64120	50.65
64130	50.93
64900	51.61
64920	51.61
64930	52.79
64940	51.61
64960	50.93
64990	50.93
71100	46.02
71105	46.02
71110	46.33
71120	45.99
71125	46.02
71130	44.86
71150	45.99
71160	46.08
71170	45.99
71190	52.84
71200	45.99
71220	46.02
71250	46.02
71290	45.99
71300	46.02
71380	44.86
71390	45.99
72000	50.27
72100	50.68
72120	48.74
72130	48.74
72160	48.74
72170	48.74
72190	51.47
72200	48.00
72220	48.74
72230	48.74
72250	49.72
72260	48.74
72290	48.74
72320	48.74
72330	48.74
72390	49.72
72400	48.74
72420	46.65
72490	52.54
72500	49.15
72520	49.86
72530	48.74
72540	49.72
72555	49.86
72560	48.74
72590	48.74
72600	48.74
72620	48.74
72630	48.74
72640	48.74
72700	48.74
72725	46.65
72730	46.65
72740	48.74
72790	49.72
72800	48.74
72820	49.72
72830	49.86
72890	47.31
72900	48.74
72930	49.86
72940	49.86
72980	49.72
72990	52.95
73100	47.91
73130	46.88
73200	46.88
73210	46.88
73240	46.88
73270	46.88
73290	46.88
73320	48.70
73350	47.91
73360	47.91
73390	47.91
73400	46.88
73430	46.70
73460	46.70
73490	46.88
74100	50.25
74120	52.65
74140	49.91
74200	49.63
74220	46.02
74240	46.02
74400	46.02
74470	52.70
74490	46.02
74500	50.16
74900	50.16
74910	50.16
74920	50.16
74925	46.02
74930	50.16
74990	50.16
75000	46.38
75100	51.68
75115	47.25
75120	47.25
75130	47.25
75135	47.25
75140	51.68
75145	47.25
75150	51.68
75155	51.68
75190	47.25
75220	52.66
75230	49.08
75240	49.08
75250	49.08
75290	52.66
75300	46.90
75320	46.90
75340	44.47
75350	46.90
75390	48.68
75400	46.38
75415	48.68
75420	46.90
75422	46.90
75430	46.90
75432	55.79
75435	44.47
75440	46.90
75445	44.47
75450	46.90
75452	48.68
75455	46.90
75457	46.90
75465	46.38
75470	44.47
75475	46.90
75490	46.38
75500	50.75
75520	44.47
75530	46.38
75535	46.90
75540	46.90
75590	48.68
75600	51.56
75615	51.56
75620	52.77
75622	51.56
75625	52.77
75635	52.77
75650	52.77
75655	52.77
75660	52.77
75670	52.77
75690	51.56
75700	46.90
75710	46.38
75720	46.90
75922	46.38
75925	46.90
75990	59.11
76100	57.11
76125	56.15
76130	56.15
76132	56.15
76145	57.11
76150	57.11
76155	56.15
76190	57.11
76200	48.68
76220	48.68
76230	46.90
76290	46.90
77100	55.15
77120	48.36
77140	56.15
77190	55.86
77200	55.15
77250	52.25
77260	52.25
77290	54.02
77300	55.15
77310	55.59
77320	51.66
77330	55.15
77340	55.15
77390	54.93
77410	56.15
77415	55.15
77440	56.15
77450	55.15
77460	56.15
77490	55.15
77500	49.24
77510	50.79
77530	50.79
77540	50.79
77590	49.24
77600	55.15
77610	56.15
77620	53.59
77630	66.83
77640	56.15
77650	52.25
77660	51.75
77690	59.84
77700	55.15
77750	55.15
77790	52.25
77800	59.38
77810	50.25
77820	59.38
77830	59.38
77835	59.38
77840	59.38
77850	59.38
77860	59.38
77870	59.38
77880	59.38
77890	59.38
77900	55.15
77920	49.34
77940	52.25
77990	55.15
78100	51.63
78120	56.15
78130	56.15
78155	49.41
78170	56.15
78190	55.15
78200	46.95
78290	55.15
78390	48.09
79100	51.75
79120	50.22
79130	52.74
79140	51.79
79190	52.74
79200	50.22
79220	51.79
79290	51.79
79300	50.22
79310	58.45
79320	49.13
79390	51.79
79400	54.79
79420	54.79
79430	54.79
79440	51.79
79450	51.79
79475	51.79
79490	54.79
79500	49.13
79510	50.22
79520	50.22
79550	50.22
79560	50.22
79565	51.79
79590	49.13
79600	52.74
79620	59.13
79630	52.74
79640	51.79
79690	53.47
79900	50.22
79920	55.56
79930	50.22
79990	51.79
80110	51.79
80120	49.13
80130	51.79
80190	52.74
80200	51.79
80220	52.74
80222	52.74
80225	50.22
80245	50.22
80250	52.74
80255	50.22
80290	49.56
80300	50.22
80310	52.74
80320	52.74
80330	50.22
80340	50.22
80360	50.22
80390	50.22
81000	53.09
81100	50.45
81120	53.75
81190	57.91
81200	50.45
81208	51.29
81210	50.45
81220	47.09
81225	47.09
81230	50.99
81250	50.09
81275	50.45
81280	51.29
81290	51.29
81900	46.38
81920	59.77
81925	50.09
81930	52.24
81935	51.29
81940	51.29
81945	59.54
81955	46.38
81960	46.02
81990	46.02
82000	50.63
82020	47.72
82050	50.29
82060	50.29
82070	50.29
82080	60.38
82090	47.72
82710	59.70
83000	49.97
83020	50.66
83100	50.66
83110	49.97
83120	49.97
83130	50.66
83140	50.66
83190	50.66
83200	50.81
83210	52.86
83220	49.97
83240	51.06
83250	50.81
83290	50.66
83300	51.06
83305	50.81
83310	50.66
83320	48.74
83330	51.06
83350	50.81
83360	50.81
83390	53.75
83400	60.54
83410	60.54
83420	50.70
83440	50.81
83450	51.06
83460	50.81
83465	50.81
83490	49.97
83500	50.81
83510	50.66
83520	49.61
83530	49.97
83540	51.06
83550	50.81
83560	51.06
83590	49.97
83900	50.81
83910	50.66
83915	49.83
83920	49.97
83930	53.95
83940	50.81
83960	50.81
83990	48.18
84100	55.45
84105	55.45
84110	57.27
84115	55.81
84125	57.27
84145	57.50
84165	55.81
84170	57.50
84175	55.81
84185	55.81
84190	51.93
84220	67.70
84222	62.50
84225	62.50
84230	55.45
84235	57.50
84240	57.50
84245	57.50
84250	55.45
84300	67.88
84320	57.27
84390	55.45
84400	55.81
84410	55.45
84420	55.81
84900	60.06
84910	57.27
84970	57.50
84975	48.97
84980	55.45
84985	57.50
84990	55.45
85100	55.79
85110	59.38
85120	55.79
85150	54.56
85190	54.56
85200	55.79
85210	55.79
85220	59.09
85320	59.38
85340	55.79
85345	57.81
85420	55.79
85500	55.79
85510	59.08
85560	59.09
85570	54.56
85600	54.56
85620	59.38
85630	55.79
85700	50.77
85730	54.56
85740	59.09
85790	54.56
85990	62.52
86190	55.79
86240	55.79
87105	50.61
87110	59.22
87120	53.50
87130	53.25
87190	53.25
87200	53.25
87210	53.50
87215	52.66
87245	53.25
87250	52.66
87260	54.77
87300	53.61
87310	53.50
87330	53.50
87340	52.40
87350	49.29
87370	52.66
87390	53.50
87400	53.50
87430	52.66
87450	53.50
87462	53.50
87490	54.77
88000	71.08
88010	71.08
88030	61.18
88040	65.18
88050	71.08
88070	65.18
88080	71.08
88090	71.08
89100	51.11
89120	41.81
89128	45.18
89136	45.18
89148	45.18
89156	50.08
89160	45.18
89164	44.61
89190	48.56
89200	44.56
89210	45.47
89215	50.08
89220	50.08
89225	50.08
89230	48.56
89235	45.18
89240	45.18
89242	50.08
89245	45.18
89247	45.18
89290	48.24
89300	45.18
89320	45.18
89330	45.18
89350	46.63
89360	50.08
89390	50.08
89400	45.18
89420	48.56
89430	44.56
89440	45.18
89500	50.08
89520	45.18
89530	50.08
89540	45.18
89550	48.56
89560	45.18
89570	48.56
89590	50.08
89900	45.18
89940	45.18
89990	44.56
90000	52.02
90100	55.04
90200	53.34
91000	58.34
91025	57.81
91030	58.34
91050	58.34
91070	58.34
91075	58.34
91090	57.81
92000	56.27
92100	56.27
92110	58.29
92120	58.29
92130	58.29
92135	56.27
92140	58.29
92155	56.27
92190	56.27
92200	56.27
92225	56.27
92230	59.02
92240	56.27
92250	54.15
92270	58.29
92290	54.59
92300	56.27
92320	59.02
92330	56.27
92400	62.04
92415	58.29
92420	58.29
92430	58.29
92490	56.27
92500	58.29
92520	58.29
92600	56.40
92625	58.29
92690	56.27
92700	56.27
92900	55.81
92930	56.27
92940	56.27
92950	58.29
92990	56.27
93100	54.97
93120	54.97
93190	58.79
93900	53.00
93920	54.97
93950	54.97
93960	54.97
93990	61.56
94100	62.52
94120	52.29
94140	51.04
94160	51.04
94170	51.47
94180	51.47
94190	58.97
94200	51.04
94220	49.93
94230	52.29
94240	52.29
94250	51.47
94290	52.29
94320	51.04
94900	59.70
94920	47.63
94940	47.63
94960	51.47
94980	74.62
94990	52.29
95000	50.00
95100	48.33
95120	50.00
95125	50.77
95130	50.00
95135	47.00
95140	49.88
95145	49.25
95150	48.33
95155	50.77
95160	46.65
95190	53.22
95210	50.00
95220	48.33
95230	48.33
95240	49.25
95250	49.25
95290	50.77
95300	45.06
95320	50.00
95340	49.25
95350	48.33
95360	45.27
95390	48.33
95400	50.77
95410	50.00
95415	50.00
95420	50.00
95440	50.00
95445	50.00
95450	50.77
95455	50.75
95475	48.33
95490	50.00
95500	48.33
95510	48.11
95520	49.25
95530	49.25
95590	53.29
95600	50.77
95700	49.25
95720	50.00
95750	50.77
95790	50.77
95910	62.13
95920	49.25
95925	50.00
95930	49.25
95940	50.77
95945	48.33
95950	49.25
95955	48.33
95960	49.25
95970	49.25
95990	55.63
96100	46.88
96190	45.41
96900	47.25
96910	46.68
96925	47.25
96930	46.68
96940	46.68
96950	47.25
96990	46.88
97100	49.65
97105	49.65
97120	48.50
97125	48.50
97130	48.50
97145	48.50
97150	47.04
97152	48.50
97155	45.70
97160	47.04
97190	48.50
97200	47.04
97205	47.04
97210	47.04
97230	45.70
97300	47.04
97315	48.50
97340	47.04
97345	45.75
97350	45.70
97355	52.00
97390	45.70
97400	45.70
97415	48.50
97435	48.50
97440	45.70
97450	47.04
97460	48.50
97470	45.70
97475	47.04
97900	47.04
97990	47.04
98000	49.45
98100	52.18
98120	49.33
98130	49.79
98135	52.29
98140	49.79
98190	49.33
98220	49.33
98230	48.56
98290	49.45
98300	48.54
98320	49.33
98330	49.33
98390	49.45
98400	49.45
98420	47.70
98430	49.33
98440	49.11
98500	50.95
98520	50.58
98530	59.84
98540	49.33
98550	53.81
98555	49.33
98590	49.33
98600	49.33
98620	49.33
98630	50.58
98690	49.33
98840	48.81
98930	49.33
98940	53.59
98950	49.79
98990	49.33
99020	47.13
99900	48.11
99910	46.68
99920	43.27
99930	50.20
