hisco	hiscam
1100	85.56
1110	85.56
1190	85.56
1200	74.90
1210	79.31
1300	79.31
1340	82.48
1400	62.02
1420	79.31
1430	79.31
2000	94.41
2100	84.81
2120	94.45
2130	84.81
2140	66.73
2200	84.81
2210	92.34
2220	80.69
2230	84.81
2240	84.81
2245	81.40
2255	69.30
2290	91.77
2300	81.40
2305	85.44
2310	66.73
2400	84.81
2410	84.81
2430	84.81
2450	81.40
2460	81.40
2510	85.02
2620	66.73
2700	80.69
2710	84.81
2740	81.40
2900	89.69
2930	81.40
2990	81.40
3000	84.81
3010	84.81
3020	80.69
3022	81.40
3030	81.40
3040	80.69
3090	84.81
3100	64.76
3110	64.76
3120	64.62
3130	66.73
3140	66.73
3150	81.40
3160	66.73
3170	81.40
3180	66.73
3200	73.27
3300	70.09
3310	70.09
3320	84.81
3330	85.02
3340	84.81
3390	72.83
3405	76.09
3490	81.40
3510	76.08
3520	81.40
3540	81.40
3550	81.40
3590	66.73
3620	81.40
3720	81.40
3930	81.40
4100	53.02
4120	53.02
4125	54.70
4130	53.02
4140	53.02
4200	54.70
4215	74.84
4217	54.70
4220	55.40
4230	65.75
4240	58.31
4250	55.59
4290	54.70
4320	54.50
5100	74.90
5110	88.98
5120	88.98
5190	88.98
5230	88.98
5260	88.98
5320	74.90
5330	88.98
5340	88.98
5360	88.98
5390	88.98
5400	88.98
5420	88.98
6100	96.81
6105	96.81
6110	96.81
6120	96.81
6130	96.81
6140	96.81
6190	96.81
6210	57.29
6300	74.90
6310	96.81
6320	92.83
6420	57.29
6500	69.83
6510	69.83
6520	96.81
6590	92.83
6700	92.93
6710	92.93
6810	57.29
6910	57.29
6990	57.29
7100	57.29
7110	57.29
7130	57.29
7200	68.01
7210	57.29
7300	68.01
7310	57.29
7410	57.29
7500	68.48
7520	96.81
7530	92.83
7600	74.90
7620	57.29
7640	57.29
7900	68.48
7920	57.29
7930	57.29
7990	57.29
8110	88.98
8130	88.98
8200	74.90
8220	74.90
8230	88.98
8250	74.90
8490	88.98
9010	74.90
9150	74.90
9999	71.55
11000	73.70
11010	73.70
11020	73.20
12000	99.00
12100	98.59
12110	99.00
12200	98.59
12210	99.00
12310	99.00
12400	95.34
12410	95.34
12900	99.00
12910	99.00
13000	72.98
13020	71.33
13030	72.98
13100	84.79
13130	84.83
13140	84.83
13170	84.83
13175	98.70
13190	89.79
13200	90.08
13215	90.08
13220	90.08
13230	86.87
13250	84.08
13260	86.87
13270	86.87
13275	86.87
13280	90.08
13290	90.08
13320	65.30
13390	68.12
13420	80.83
13490	80.83
13590	80.83
13900	80.63
13940	80.63
13950	80.63
13960	80.63
13990	80.63
14100	96.62
14120	99.00
14130	64.86
14140	99.00
14190	96.62
14990	65.12
15120	75.45
15900	77.45
15915	77.70
15920	75.83
15930	77.26
15945	79.30
15950	79.30
15960	75.87
15990	79.30
16000	70.87
16100	70.18
16120	72.06
16130	73.54
16150	70.18
16160	68.30
16190	70.18
16200	68.30
16220	67.59
16230	70.18
16240	70.18
16250	70.80
16300	69.55
16310	70.30
16350	67.59
16360	65.70
17000	59.18
17100	66.16
17120	69.79
17130	59.18
17135	58.90
17140	59.18
17145	59.18
17150	58.90
17190	58.90
17200	58.88
17220	59.18
17230	59.18
17300	58.88
17320	58.90
17340	58.61
17420	58.88
17490	58.04
17530	58.61
17540	57.97
17590	57.97
17900	59.18
17920	49.08
17940	58.90
17990	58.90
18000	58.90
18020	59.18
18050	59.18
18090	58.90
19100	74.90
19120	74.90
19130	74.90
19140	88.98
19190	88.98
19200	88.98
19250	74.90
19290	88.98
19300	74.90
19320	74.90
19390	88.98
19400	88.98
19420	88.98
19430	88.98
19490	88.98
19500	88.98
19520	74.90
19530	88.98
19540	74.90
19900	74.90
19950	88.98
19960	88.98
19990	74.90
20100	99.00
20110	99.00
20200	90.83
20210	90.83
21000	73.98
21100	87.81
21110	87.81
21200	81.80
21220	64.30
21230	86.58
21240	68.38
21300	62.65
21320	64.26
21340	64.50
21420	88.98
21430	71.22
21490	79.54
21900	86.58
21940	81.80
21950	81.80
21960	81.80
21970	81.80
21980	80.73
21990	87.06
22000	69.25
22100	69.25
22110	76.93
22190	69.25
22200	68.19
22210	79.73
22220	99.00
22230	78.22
22235	73.93
22240	69.16
22245	69.16
22250	74.69
22265	73.93
22275	74.69
22280	74.69
22290	74.69
22300	65.15
22320	69.25
22330	85.23
22390	85.23
22420	69.25
22425	69.25
22430	70.62
22440	68.75
22450	59.29
22460	69.25
22490	69.25
22520	55.49
22600	61.84
22610	56.20
22620	63.50
22630	61.84
22640	60.95
22650	61.84
22651	63.50
22655	63.50
22660	61.84
22665	63.50
22670	59.43
22675	82.23
22680	63.50
22690	61.84
30000	68.43
31000	86.68
31020	98.18
31030	71.73
31040	66.36
31090	83.23
31940	55.11
32100	68.43
32110	62.68
32120	71.16
32140	67.80
32190	67.80
32220	67.80
33000	71.31
33100	71.31
33110	71.31
33120	72.98
33130	72.98
33135	72.98
33140	72.98
33150	77.86
33160	72.98
33170	72.98
33190	72.98
33900	71.16
33920	67.80
33930	67.80
33940	65.66
33990	80.45
34120	54.83
34230	54.83
36000	65.87
36020	58.45
36040	52.90
36090	56.24
37000	59.54
37010	56.24
37020	72.02
37030	52.90
37040	54.36
37090	51.47
38000	56.24
38020	52.90
38030	52.86
38040	65.87
38090	52.90
39100	62.24
39110	62.24
39120	62.24
39130	62.24
39140	62.24
39150	62.24
39190	62.24
39230	62.68
39310	64.81
39320	63.52
39340	77.20
39350	71.16
39390	71.16
39410	71.16
39440	67.80
39490	67.80
39520	67.80
39530	58.90
39900	71.16
39940	71.16
39960	56.29
39990	68.43
41000	67.72
41020	76.87
41025	67.19
41030	60.22
41035	63.90
41040	62.97
41525	53.40
42200	71.55
42220	71.55
42230	71.55
43100	70.41
43120	70.41
43200	67.97
43220	67.97
43230	71.55
43290	70.41
44100	71.55
44120	71.55
44130	99.00
44140	78.16
44190	78.69
44200	70.41
44220	71.55
44230	73.87
44300	73.87
44320	73.87
44330	73.87
45100	53.59
45120	61.72
45125	58.52
45130	53.79
45140	52.20
45150	52.20
45190	58.77
45220	50.20
45225	52.20
45230	50.20
45240	53.59
45250	52.20
45290	50.20
49020	53.59
49030	53.59
49090	64.45
51000	56.86
51020	55.33
51030	54.08
51040	69.59
51050	54.08
51090	64.20
52000	53.40
52290	53.40
53100	57.52
53120	57.52
53130	57.52
53140	58.18
53150	57.52
53190	57.52
53200	51.70
53210	51.70
53220	51.70
53240	51.70
53250	51.70
53290	51.70
53330	40.54
54000	40.54
54010	40.54
54020	40.54
54030	40.54
54035	46.88
54040	40.54
54050	44.18
54055	42.93
54060	40.54
54090	52.50
55100	57.59
55120	62.68
55125	57.68
55130	65.62
55140	63.70
55190	40.54
55200	42.38
55220	42.38
55230	42.93
55240	47.40
55290	40.54
56000	52.25
56010	52.25
56030	50.63
56040	52.25
56050	50.63
56060	52.25
56065	52.25
56070	50.63
56090	52.25
57000	52.75
57025	52.75
57030	52.75
57070	52.75
57090	52.75
58100	47.74
58110	47.74
58200	57.84
58220	51.86
58225	51.86
58230	59.43
58240	51.86
58300	53.25
58320	99.00
58330	57.06
58340	47.74
58490	58.68
58900	59.43
58920	58.68
58930	58.93
58940	48.56
58990	63.58
59100	55.36
59200	54.75
59220	56.68
59230	55.36
59290	53.11
59900	54.75
59920	52.58
59940	48.02
59950	59.70
59990	53.40
61100	50.52
61110	50.52
61115	47.52
61120	50.65
61220	52.13
61230	52.13
61235	50.11
61240	52.38
61250	52.54
61260	52.13
61270	58.97
61290	53.15
62100	48.91
62105	48.93
62110	48.91
62120	45.59
62200	49.38
62210	49.38
62220	49.68
62230	49.38
62240	49.38
62260	49.68
62290	49.38
62320	49.45
62330	49.45
62390	49.45
62400	50.97
62410	49.58
62420	49.58
62430	47.84
62440	49.58
62460	51.63
62490	52.43
62510	50.36
62520	50.50
62600	49.45
62610	49.47
62660	49.47
62690	49.45
62700	50.93
62720	52.11
62730	52.00
62740	52.52
62790	52.00
62800	49.45
62820	49.45
62920	52.52
62940	53.65
62950	52.52
62960	53.65
62970	53.65
62990	53.65
63100	50.38
63110	48.27
63120	50.29
63130	50.38
63140	50.38
63190	52.75
63200	52.58
63220	52.86
63230	52.58
63250	52.13
63290	51.81
64100	52.18
64120	52.18
64130	53.09
64900	52.29
64920	52.29
64930	52.29
64940	52.13
64960	54.15
64990	51.84
71100	46.09
71105	46.09
71110	49.45
71120	46.29
71125	46.09
71130	45.13
71150	46.29
71160	48.15
71170	46.29
71190	52.43
71200	46.09
71220	52.68
71250	48.15
71290	48.15
71300	48.15
71380	45.13
71390	46.09
72000	51.40
72100	50.93
72120	51.40
72130	51.40
72160	51.40
72170	51.81
72190	49.18
72200	56.84
72220	49.15
72230	51.81
72250	50.18
72260	49.15
72290	49.15
72320	51.40
72330	49.15
72390	51.81
72400	51.40
72420	52.41
72490	51.81
72500	51.81
72520	51.40
72530	49.15
72540	50.18
72555	51.81
72560	49.15
72590	51.81
72600	51.81
72620	49.15
72630	51.81
72640	49.15
72700	51.40
72725	51.81
72730	51.81
72740	51.81
72790	50.18
72800	51.81
72820	51.40
72830	51.40
72890	51.40
72900	51.40
72930	51.40
72940	51.81
72980	50.18
72990	50.41
73100	48.29
73130	50.08
73200	50.06
73210	50.06
73240	49.11
73270	50.06
73290	50.06
73320	50.08
73350	48.29
73360	48.29
73390	50.06
73400	50.11
73430	47.04
73460	47.04
73490	50.11
74100	50.72
74120	59.97
74140	50.38
74200	50.13
74220	50.13
74240	50.13
74400	55.00
74470	59.97
74490	55.00
74500	50.63
74900	55.00
74910	55.00
74920	55.00
74925	55.00
74930	55.00
74990	55.00
75000	50.47
75100	52.68
75115	52.68
75120	52.68
75130	52.68
75135	52.68
75140	52.68
75145	52.68
75150	52.68
75155	52.20
75190	52.68
75220	48.66
75230	49.50
75240	48.66
75250	48.66
75290	48.66
75300	47.24
75320	47.24
75340	44.72
75350	47.24
75390	47.58
75400	45.16
75415	47.58
75420	47.24
75422	45.16
75430	45.16
75432	49.88
75435	45.16
75440	47.58
75445	45.16
75450	47.24
75452	56.58
75455	47.24
75457	47.58
75465	43.25
75470	44.72
75475	47.24
75490	49.90
75500	56.36
75520	44.72
75530	45.16
75535	47.58
75540	47.58
75590	45.16
75600	54.74
75615	54.74
75620	53.34
75622	54.74
75625	54.74
75635	54.74
75650	53.34
75655	54.74
75660	54.74
75670	54.74
75690	54.74
75700	47.58
75710	51.20
75720	45.16
75922	45.16
75925	47.24
75990	58.97
76100	57.58
76125	57.58
76130	57.58
76132	57.58
76145	57.58
76150	57.58
76155	56.86
76190	57.58
76200	47.58
76220	47.24
76230	47.24
76290	45.16
77100	56.15
77120	54.86
77140	56.86
77190	57.31
77200	58.41
77250	57.31
77260	57.31
77290	58.59
77300	57.31
77310	58.95
77320	53.47
77330	64.55
77340	55.81
77390	57.97
77410	56.86
77415	55.81
77440	58.41
77450	55.81
77460	58.41
77490	55.81
77500	49.68
77510	49.68
77530	49.68
77540	49.68
77590	49.68
77600	60.11
77610	58.41
77620	57.77
77630	70.48
77640	56.86
77650	57.31
77660	63.75
77690	57.31
77700	58.41
77750	58.41
77790	55.81
77800	62.75
77810	62.75
77820	62.75
77830	62.75
77835	60.20
77840	60.20
77850	62.75
77860	60.20
77870	62.75
77880	62.75
77890	62.75
77900	57.31
77920	51.15
77940	57.31
77990	57.31
78100	51.24
78120	58.41
78130	58.41
78155	52.65
78170	58.41
78190	58.41
78200	47.58
78290	52.99
78390	48.47
79100	50.40
79120	50.70
79130	50.70
79140	50.00
79190	50.00
79200	50.88
79220	50.88
79290	50.00
79300	50.70
79310	57.16
79320	50.00
79390	58.38
79400	50.00
79420	50.00
79430	55.43
79440	55.43
79450	50.00
79475	50.00
79490	50.00
79500	50.00
79510	50.00
79520	50.00
79550	50.70
79560	50.70
79565	50.00
79590	50.00
79600	56.08
79620	50.88
79630	50.88
79640	50.00
79690	58.84
79900	50.88
79920	58.70
79930	50.88
79990	55.34
80110	50.00
80120	50.00
80130	55.90
80190	50.88
80200	55.66
80220	50.70
80222	50.00
80225	50.70
80245	50.70
80250	50.88
80255	50.00
80290	50.00
80300	50.88
80310	50.88
80320	50.88
80330	50.88
80340	50.70
80360	50.70
80390	50.88
81000	51.40
81100	59.68
81120	52.47
81190	57.45
81200	52.47
81208	51.79
81210	50.93
81220	49.38
81225	49.38
81230	52.95
81250	50.93
81275	52.00
81280	52.36
81290	52.18
81900	46.79
81920	57.88
81925	52.36
81930	52.00
81935	51.40
81940	51.40
81945	59.22
81955	46.79
81960	46.79
81990	46.79
82000	49.65
82020	48.36
82050	50.75
82060	50.75
82070	50.75
82080	59.97
82090	49.65
82710	60.52
83000	51.50
83020	51.15
83100	51.50
83110	51.50
83120	51.50
83130	51.50
83140	51.50
83190	51.50
83200	51.50
83210	53.47
83220	51.50
83240	51.84
83250	51.31
83290	51.50
83300	51.31
83305	51.50
83310	51.15
83320	53.29
83330	51.50
83350	51.50
83360	51.31
83390	51.50
83400	61.38
83410	61.38
83420	50.36
83440	51.31
83450	51.84
83460	51.31
83465	51.31
83490	48.84
83500	53.22
83510	51.50
83520	51.50
83530	51.84
83540	51.84
83550	51.50
83560	51.50
83590	52.47
83900	52.79
83910	51.50
83915	51.29
83920	55.18
83930	53.25
83940	51.31
83960	51.84
83990	46.58
84100	56.75
84105	56.75
84110	60.11
84115	56.50
84125	60.11
84145	58.25
84165	60.11
84170	58.25
84175	60.11
84185	56.50
84190	60.11
84220	63.93
84222	63.93
84225	63.93
84230	64.47
84235	56.75
84240	58.25
84245	58.25
84250	56.50
84300	69.04
84320	58.25
84390	50.59
84400	56.50
84410	56.50
84420	56.50
84900	58.34
84910	60.11
84970	60.11
84975	49.38
84980	49.77
84985	60.11
84990	51.25
85100	56.47
85110	62.72
85120	56.47
85150	55.20
85190	55.20
85200	56.47
85210	56.47
85220	55.41
85320	55.20
85340	56.47
85345	55.41
85420	56.47
85500	55.41
85510	55.41
85560	55.41
85570	55.20
85600	55.41
85620	58.02
85630	56.47
85700	55.41
85730	55.20
85740	55.41
85790	55.20
85990	63.47
86190	56.47
86240	56.47
87105	57.45
87110	56.20
87120	52.20
87130	53.84
87190	53.84
87200	56.20
87210	56.20
87215	53.84
87245	57.79
87250	53.84
87260	55.43
87300	56.33
87310	56.33
87330	57.79
87340	51.84
87350	49.02
87370	56.20
87390	55.43
87400	59.45
87430	53.84
87450	57.79
87462	48.00
87490	57.79
88000	73.63
88010	70.84
88030	67.08
88040	66.22
88050	66.01
88070	66.01
88080	66.01
88090	67.08
89100	53.11
89120	44.33
89128	45.47
89136	45.47
89148	41.58
89156	47.59
89160	48.34
89164	47.59
89190	48.34
89200	48.34
89210	47.84
89215	44.81
89220	47.59
89225	48.34
89230	45.47
89235	48.34
89240	47.59
89242	45.04
89245	47.59
89247	47.59
89290	48.34
89300	48.34
89320	48.34
89330	45.47
89350	48.88
89360	47.68
89390	48.34
89400	48.34
89420	47.59
89430	48.34
89440	45.47
89500	47.59
89520	47.59
89530	50.61
89540	48.34
89550	47.59
89560	48.34
89570	47.59
89590	48.34
89900	45.47
89940	47.59
89990	44.81
90000	52.56
90100	54.61
90200	54.61
91000	55.41
91025	55.41
91030	59.13
91050	59.13
91070	59.13
91075	55.41
91090	55.41
92000	56.97
92100	56.97
92110	60.22
92120	57.00
92130	56.97
92135	56.97
92140	60.22
92155	56.97
92190	60.22
92200	58.72
92225	56.97
92230	60.22
92240	56.97
92250	58.72
92270	58.72
92290	55.22
92300	58.72
92320	59.83
92330	56.97
92400	62.50
92415	60.22
92420	60.22
92430	58.72
92490	56.97
92500	56.97
92520	56.97
92600	58.72
92625	57.15
92690	58.72
92700	56.97
92900	58.72
92930	60.22
92940	56.97
92950	58.72
92990	56.97
93100	58.33
93120	54.09
93190	54.09
93900	54.66
93920	60.40
93950	54.09
93960	54.09
93990	62.16
94100	64.43
94120	48.47
94140	51.54
94160	52.09
94170	52.09
94180	48.47
94190	59.77
94200	53.68
94220	48.47
94230	54.40
94240	47.38
94250	46.41
94290	51.54
94320	51.54
94900	57.72
94920	48.00
94940	48.00
94960	52.09
94980	76.04
94990	55.88
95000	51.50
95100	52.79
95120	47.50
95125	51.50
95130	51.50
95135	47.45
95140	51.88
95145	51.50
95150	50.06
95155	51.27
95160	44.18
95190	51.50
95210	50.06
95220	50.06
95230	50.06
95240	49.68
95250	49.68
95290	51.27
95300	47.02
95320	42.45
95340	50.06
95350	51.50
95360	41.56
95390	49.68
95400	51.50
95410	51.50
95415	51.50
95420	51.50
95440	56.27
95445	51.27
95450	51.50
95455	53.36
95475	50.06
95490	51.50
95500	49.83
95510	48.13
95520	50.06
95530	49.68
95590	50.06
95600	51.27
95700	50.06
95720	55.49
95750	51.50
95790	51.27
95910	61.27
95920	51.50
95925	56.95
95930	51.50
95940	51.27
95945	50.06
95950	51.50
95955	50.06
95960	49.68
95970	51.50
95990	50.06
96100	47.22
96190	50.86
96900	47.61
96910	52.75
96925	48.95
96930	48.95
96940	50.86
96950	50.22
96990	48.95
97100	50.09
97105	50.09
97120	47.75
97125	48.02
97130	48.88
97145	51.38
97150	47.38
97152	55.52
97155	48.88
97160	48.02
97190	51.41
97200	48.02
97205	48.02
97210	48.02
97230	48.02
97300	47.38
97315	48.02
97340	48.02
97345	48.88
97350	48.88
97355	52.75
97390	47.88
97400	47.75
97415	46.22
97435	48.02
97440	46.00
97450	47.38
97460	48.88
97470	46.00
97475	48.88
97900	47.38
97990	47.38
98000	49.88
98100	54.84
98120	50.81
98130	52.31
98135	52.31
98140	52.31
98190	48.68
98220	54.04
98230	48.95
98290	48.95
98300	48.95
98320	53.70
98330	49.65
98390	49.88
98400	48.95
98420	50.81
98430	53.09
98440	52.31
98500	51.04
98520	50.81
98530	57.38
98540	53.77
98550	52.31
98555	51.18
98590	53.18
98600	55.84
98620	48.95
98630	48.95
98690	46.31
98840	49.22
98930	55.31
98940	56.81
98950	50.25
98990	51.83
99020	47.47
99900	48.68
99910	46.90
99920	41.95
99930	47.95
