hisco	hiscam
1100	75.36
1110	84.08
1190	84.08
1200	84.08
1210	80.44
1300	80.44
1340	84.08
1400	66.63
1420	80.44
1430	80.44
2000	66.77
2100	77.44
2120	66.00
2130	86.73
2140	66.01
2200	77.44
2210	65.00
2220	82.83
2230	82.83
2240	87.01
2245	82.83
2255	68.97
2290	93.73
2300	82.83
2305	63.65
2310	66.01
2400	82.83
2410	82.83
2430	82.83
2450	82.83
2460	82.83
2510	87.01
2620	66.01
2700	82.83
2710	82.83
2740	82.83
2900	64.93
2930	82.83
2990	82.83
3000	76.23
3010	81.61
3020	64.69
3022	82.83
3030	82.83
3040	81.76
3090	87.01
3100	64.08
3110	66.01
3120	63.59
3130	66.01
3140	66.01
3150	82.83
3160	66.01
3170	82.83
3180	66.01
3200	69.73
3300	63.65
3310	69.87
3320	82.83
3330	87.01
3340	82.83
3390	73.01
3405	76.75
3490	82.83
3510	71.73
3520	82.83
3540	82.83
3550	82.83
3590	66.01
3620	82.83
3720	82.83
3930	82.83
4100	50.29
4120	50.29
4125	50.29
4130	50.29
4140	50.29
4200	54.15
4215	61.88
4217	50.29
4220	61.88
4230	61.88
4240	61.88
4250	51.97
4290	50.29
4320	51.97
5100	65.00
5110	91.54
5120	91.54
5190	91.54
5230	91.54
5260	91.54
5320	91.54
5330	91.54
5340	91.54
5360	91.54
5390	91.54
5400	91.54
5420	91.54
6100	74.11
6105	74.11
6110	74.11
6120	99.00
6130	99.00
6140	74.11
6190	99.00
6210	55.18
6300	65.00
6310	74.11
6320	97.66
6420	55.18
6500	74.11
6510	74.11
6520	97.66
6590	97.66
6700	66.41
6710	66.41
6810	55.18
6910	55.18
6990	55.18
7100	55.18
7110	55.18
7130	55.18
7200	67.48
7210	55.18
7300	67.48
7310	55.18
7410	55.18
7500	67.95
7520	97.66
7530	74.11
7600	67.95
7620	55.18
7640	55.18
7900	67.95
7920	55.18
7930	55.18
7990	55.18
8110	91.54
8130	91.54
8200	65.00
8220	91.54
8230	91.54
8250	91.54
8490	91.54
9010	91.54
9150	91.54
9999	71.54
11000	65.00
11010	65.00
11020	71.36
12000	75.48
12100	75.48
12110	75.48
12200	75.48
12210	99.00
12310	99.00
12400	75.48
12410	75.48
12900	75.48
12910	75.48
13000	65.73
13020	58.13
13030	81.31
13100	71.37
13130	99.00
13140	99.00
13170	71.37
13175	99.00
13190	71.37
13200	65.73
13215	89.12
13220	89.12
13230	89.12
13250	82.48
13260	89.12
13270	89.12
13275	89.12
13280	89.12
13290	89.12
13320	64.22
13390	68.41
13420	82.19
13490	82.19
13590	82.19
13900	78.97
13940	77.76
13950	82.75
13960	82.19
13990	74.48
14100	74.23
14120	74.23
14130	63.86
14140	99.00
14190	74.23
14990	66.81
15120	71.93
15900	71.93
15915	71.93
15920	76.91
15930	71.93
15945	80.43
15950	71.93
15960	76.51
15990	80.43
16000	64.83
16100	59.83
16120	59.83
16130	76.81
16150	64.83
16160	71.79
16190	67.01
16200	59.83
16220	67.01
16230	59.83
16240	59.83
16250	59.83
16300	59.83
16310	59.83
16350	67.01
16360	64.83
17000	57.63
17100	63.61
17120	69.51
17130	57.63
17135	57.00
17140	57.56
17145	57.27
17150	57.00
17190	56.68
17200	57.63
17220	57.00
17230	57.00
17300	57.00
17320	57.63
17340	56.68
17420	57.00
17490	56.68
17530	56.68
17540	56.68
17590	56.68
17900	57.63
17920	43.27
17940	57.63
17990	57.31
18000	57.63
18020	57.63
18050	56.68
18090	57.00
19100	65.00
19120	91.54
19130	91.54
19140	65.00
19190	91.54
19200	65.00
19250	91.54
19290	91.54
19300	65.00
19320	65.00
19390	65.00
19400	65.00
19420	91.54
19430	91.54
19490	91.54
19500	91.54
19520	91.54
19530	65.00
19540	65.00
19900	65.00
19950	65.00
19960	91.54
19990	65.00
20100	99.00
20110	67.66
20200	70.40
20210	70.40
21000	66.98
21100	54.40
21110	54.40
21200	90.29
21220	58.70
21230	58.61
21240	67.87
21300	58.61
21320	63.18
21340	58.61
21420	58.61
21430	71.16
21490	84.75
21900	59.65
21940	58.70
21950	82.06
21960	58.70
21970	82.06
21980	82.06
21990	66.45
22000	60.84
22100	64.19
22110	82.12
22190	90.08
22200	49.81
22210	82.98
22220	60.75
22230	74.26
22235	74.26
22240	60.75
22245	68.80
22250	74.26
22265	74.26
22275	74.26
22280	74.26
22290	60.75
22300	64.19
22320	87.23
22330	87.23
22390	87.23
22420	64.15
22425	64.15
22430	63.43
22440	63.43
22450	56.61
22460	63.43
22490	60.06
22520	48.27
22600	52.41
22610	43.65
22620	59.38
22630	59.38
22640	59.38
22650	60.22
22651	59.38
22655	59.38
22660	52.41
22665	59.38
22670	47.43
22675	79.06
22680	69.88
22690	59.25
30000	58.68
31000	68.95
31020	58.68
31030	58.68
31040	61.50
31090	87.68
31940	52.68
32100	58.68
32110	61.38
32120	60.36
32140	67.23
32190	67.23
32220	67.23
33000	71.25
33100	62.86
33110	62.86
33120	78.76
33130	78.76
33135	78.76
33140	71.98
33150	78.76
33160	78.76
33170	74.23
33190	78.76
33900	60.36
33920	60.36
33930	60.36
33940	66.84
33990	74.87
34120	52.36
34230	52.36
36000	54.72
36020	54.72
36040	54.72
36090	50.09
37000	54.72
37010	52.36
37020	63.13
37030	45.47
37040	54.72
37090	54.72
38000	54.72
38020	52.36
38030	50.09
38040	54.72
38090	52.36
39100	57.45
39110	57.45
39120	57.45
39130	57.45
39140	57.45
39150	57.45
39190	59.63
39230	61.38
39310	58.68
39320	58.68
39340	78.16
39350	67.23
39390	67.23
39410	67.23
39440	67.23
39490	67.23
39520	67.23
39530	57.04
39900	67.23
39940	60.36
39960	58.68
39990	58.68
41000	58.04
41020	72.62
41025	60.31
41030	50.04
41035	62.75
41040	60.31
41525	53.43
42200	59.88
42220	59.88
42230	59.88
43100	70.23
43120	70.23
43200	59.88
43220	59.88
43230	59.88
43290	70.23
44100	71.33
44120	63.20
44130	79.48
44140	84.05
44190	77.15
44200	70.23
44220	70.23
44230	59.88
44300	62.72
44320	65.72
44330	62.72
45100	53.31
45120	64.93
45125	51.79
45130	53.33
45140	49.34
45150	49.34
45190	63.47
45220	46.09
45225	53.31
45230	51.74
45240	49.34
45250	49.34
45290	46.70
49020	53.31
49030	49.34
49090	63.02
51000	57.52
51020	53.50
51030	57.52
51040	60.56
51050	41.20
51090	57.52
52000	55.22
52290	53.43
53100	55.22
53120	56.22
53130	55.22
53140	56.22
53150	56.22
53190	55.22
53200	49.81
53210	49.81
53220	50.41
53240	50.41
53250	49.81
53290	49.81
53330	34.68
54000	41.56
54010	48.43
54020	34.68
54030	34.68
54035	38.70
54040	38.70
54050	34.68
54055	38.70
54060	38.70
54090	48.43
55100	58.56
55120	61.36
55125	57.61
55130	64.75
55140	61.20
55190	34.68
55200	44.11
55220	38.70
55230	38.70
55240	48.43
55290	41.52
56000	48.43
56010	48.43
56030	47.56
56040	47.56
56050	47.56
56060	47.56
56065	48.43
56070	47.56
56090	47.56
57000	54.13
57025	54.13
57030	54.13
57070	50.54
57090	50.54
58100	55.88
58110	55.88
58200	54.29
58220	44.68
58225	52.06
58230	56.79
58240	57.52
58300	57.72
58320	79.41
58330	49.22
58340	38.70
58490	57.52
58900	57.52
58920	56.79
58930	55.31
58940	48.09
58990	57.15
59100	52.97
59200	55.22
59220	55.22
59230	52.97
59290	55.22
59900	55.22
59920	55.22
59940	44.36
59950	55.04
59990	55.22
61100	51.54
61110	51.61
61115	42.52
61120	47.56
61220	56.59
61230	49.75
61235	47.72
61240	58.00
61250	49.75
61260	56.59
61270	55.84
61290	56.59
62100	52.02
62105	52.02
62110	44.86
62120	41.45
62200	50.24
62210	46.45
62220	46.45
62230	46.45
62240	46.45
62260	46.45
62290	50.24
62320	50.24
62330	46.20
62390	46.20
62400	52.72
62410	49.27
62420	46.27
62430	39.58
62440	46.27
62460	49.45
62490	47.83
62510	43.43
62520	47.40
62600	50.24
62610	46.20
62660	46.20
62690	50.24
62700	42.86
62720	49.25
62730	49.09
62740	53.54
62790	49.25
62800	50.24
62820	46.20
62920	49.70
62940	49.70
62950	49.70
62960	52.59
62970	52.59
62990	52.59
63100	50.88
63110	45.36
63120	47.16
63130	47.16
63140	47.16
63190	50.88
63200	43.36
63220	43.36
63230	43.36
63250	49.25
63290	43.36
64100	52.66
64120	48.13
64130	48.75
64900	41.08
64920	49.27
64930	50.68
64940	49.27
64960	41.08
64990	41.08
71100	41.22
71105	33.20
71110	47.22
71120	42.56
71125	41.22
71130	41.22
71150	42.56
71160	41.22
71170	42.56
71190	54.08
71200	39.47
71220	48.00
71250	41.22
71290	42.56
71300	41.22
71380	41.22
71390	39.47
72000	37.97
72100	42.15
72120	43.27
72130	43.27
72160	43.27
72170	43.27
72190	32.56
72200	44.66
72220	45.84
72230	43.27
72250	47.02
72260	43.27
72290	43.27
72320	43.27
72330	43.27
72390	47.02
72400	43.27
72420	46.65
72490	50.36
72500	46.65
72520	45.84
72530	43.27
72540	47.02
72555	43.27
72560	45.84
72590	43.27
72600	43.27
72620	45.84
72630	43.27
72640	43.27
72700	43.27
72725	46.65
72730	47.02
72740	43.27
72790	47.02
72800	43.27
72820	43.27
72830	43.27
72890	46.65
72900	43.27
72930	43.27
72940	43.27
72980	46.65
72990	51.38
73100	44.86
73130	44.86
73200	47.95
73210	47.95
73240	45.81
73270	45.81
73290	47.95
73320	45.81
73350	44.86
73360	44.86
73390	44.86
73400	49.52
73430	43.43
73460	43.43
73490	49.52
74100	48.00
74120	48.00
74140	47.25
74200	48.00
74220	48.00
74240	48.00
74400	50.50
74470	48.00
74490	50.50
74500	47.56
74900	48.00
74910	47.56
74920	48.00
74925	48.00
74930	48.00
74990	48.00
75000	45.72
75100	54.56
75115	54.56
75120	49.34
75130	49.34
75135	54.56
75140	49.34
75145	54.56
75150	49.34
75155	49.34
75190	54.56
75220	51.56
75230	46.25
75240	51.56
75250	51.56
75290	51.56
75300	43.65
75320	43.65
75340	40.77
75350	48.47
75390	43.65
75400	45.72
75415	48.47
75420	43.65
75422	43.65
75430	43.65
75432	41.16
75435	40.77
75440	43.65
75445	40.77
75450	48.47
75452	43.65
75455	48.47
75457	48.47
75465	40.93
75470	40.77
75475	43.65
75490	30.31
75500	58.29
75520	40.77
75530	40.77
75535	48.47
75540	48.47
75590	43.65
75600	50.95
75615	50.95
75620	50.65
75622	50.95
75625	50.95
75635	50.95
75650	50.95
75655	50.65
75660	50.65
75670	50.65
75690	50.95
75700	48.47
75710	50.20
75720	43.65
75922	40.77
75925	43.65
75990	56.00
76100	54.74
76125	54.74
76130	54.74
76132	54.74
76145	54.74
76150	54.74
76155	54.74
76190	54.74
76200	43.65
76220	43.65
76230	43.65
76290	43.65
77100	50.99
77120	36.61
77140	54.68
77190	54.33
77200	50.99
77250	50.99
77260	53.49
77290	52.13
77300	50.99
77310	50.81
77320	50.81
77330	53.49
77340	53.49
77390	50.81
77410	54.68
77415	53.49
77440	54.68
77450	50.99
77460	54.68
77490	53.49
77500	50.81
77510	46.45
77530	50.81
77540	46.45
77590	46.45
77600	50.99
77610	39.63
77620	55.25
77630	67.40
77640	54.68
77650	53.49
77660	50.81
77690	58.15
77700	50.99
77750	50.99
77790	50.99
77800	50.84
77810	50.84
77820	50.84
77830	58.52
77835	58.52
77840	58.52
77850	50.84
77860	50.84
77870	58.52
77880	50.84
77890	50.84
77900	50.99
77920	46.75
77940	53.49
77990	50.99
78100	50.81
78120	54.68
78130	54.68
78155	50.81
78170	54.68
78190	50.99
78200	50.81
78290	50.99
78390	45.08
79100	51.56
79120	47.61
79130	47.61
79140	47.38
79190	50.31
79200	47.61
79220	46.31
79290	46.31
79300	47.61
79310	47.38
79320	50.31
79390	53.09
79400	47.54
79420	53.06
79430	53.06
79440	53.06
79450	47.54
79475	47.54
79490	47.54
79500	47.38
79510	47.61
79520	47.61
79550	47.61
79560	47.61
79565	46.31
79590	47.38
79600	47.61
79620	56.45
79630	47.61
79640	47.38
79690	51.50
79900	50.31
79920	47.38
79930	50.31
79990	47.38
80110	47.38
80120	46.31
80130	56.25
80190	47.61
80200	57.90
80220	47.61
80222	50.31
80225	47.61
80245	50.31
80250	50.31
80255	50.31
80290	47.38
80300	50.31
80310	47.61
80320	50.31
80330	50.31
80340	47.61
80360	50.31
80390	50.31
81000	51.02
81100	49.95
81120	42.25
81190	59.27
81200	49.95
81208	48.88
81210	47.90
81220	43.88
81225	43.88
81230	47.61
81250	47.90
81275	49.95
81280	48.88
81290	49.95
81900	49.63
81920	53.20
81925	46.09
81930	49.24
81935	47.97
81940	48.88
81945	50.40
81955	49.63
81960	49.63
81990	49.63
82000	50.25
82020	50.25
82050	47.68
82060	47.68
82070	47.68
82080	59.72
82090	50.25
82710	58.90
83000	46.09
83020	48.15
83100	46.09
83110	46.09
83120	46.09
83130	46.09
83140	46.09
83190	46.09
83200	45.27
83210	46.09
83220	37.36
83240	48.31
83250	48.31
83290	46.09
83300	48.31
83305	45.27
83310	48.15
83320	51.50
83330	45.27
83350	45.27
83360	45.27
83390	46.09
83400	59.27
83410	59.90
83420	46.09
83440	48.31
83450	48.31
83460	48.31
83465	48.31
83490	45.49
83500	45.27
83510	46.09
83520	40.02
83530	46.09
83540	45.27
83550	45.27
83560	48.31
83590	39.45
83900	45.27
83910	46.09
83915	36.29
83920	44.95
83930	48.27
83940	48.31
83960	45.27
83990	35.63
84100	49.50
84105	49.50
84110	51.04
84115	54.27
84125	51.04
84145	51.04
84165	54.27
84170	51.04
84175	54.27
84185	54.27
84190	49.50
84220	55.13
84222	62.25
84225	55.13
84230	57.41
84235	51.04
84240	51.04
84245	56.29
84250	49.50
84300	62.20
84320	56.29
84390	47.49
84400	54.27
84410	54.27
84420	54.27
84900	55.04
84910	56.29
84970	51.04
84975	46.11
84980	49.50
84985	51.04
84990	48.25
85100	57.45
85110	61.41
85120	54.25
85150	52.79
85190	52.79
85200	57.45
85210	54.25
85220	54.25
85320	52.79
85340	54.25
85345	52.79
85420	54.25
85500	57.45
85510	57.47
85560	54.25
85570	52.79
85600	57.45
85620	57.52
85630	54.25
85700	48.27
85730	52.79
85740	57.45
85790	52.79
85990	62.27
86190	54.25
86240	54.25
87105	50.38
87110	58.38
87120	52.81
87130	51.22
87190	51.22
87200	52.45
87210	52.68
87215	51.22
87245	52.45
87250	51.22
87260	53.04
87300	54.97
87310	54.97
87330	52.90
87340	52.74
87350	40.15
87370	51.22
87390	53.04
87400	55.63
87430	51.22
87450	53.04
87462	50.38
87490	53.04
88000	52.33
88010	77.12
88030	60.65
88040	65.43
88050	55.65
88070	65.43
88080	63.95
88090	60.22
89100	56.27
89120	33.04
89128	37.40
89136	41.61
89148	37.40
89156	33.04
89160	41.61
89164	33.04
89190	41.61
89200	52.36
89210	33.04
89215	37.40
89220	33.04
89225	33.04
89230	37.40
89235	37.40
89240	37.40
89242	28.28
89245	37.40
89247	37.40
89290	45.25
89300	37.40
89320	37.40
89330	41.61
89350	39.90
89360	43.56
89390	33.50
89400	37.40
89420	41.61
89430	40.86
89440	41.61
89500	44.84
89520	37.40
89530	46.47
89540	37.40
89550	41.61
89560	37.40
89570	41.61
89590	33.04
89900	41.61
89940	37.40
89990	40.86
90000	49.75
90100	53.04
90200	51.33
91000	57.22
91025	57.22
91030	57.29
91050	57.22
91070	57.29
91075	57.22
91090	57.22
92000	54.81
92100	55.81
92110	54.04
92120	58.11
92130	54.81
92135	54.81
92140	58.09
92155	54.81
92190	55.81
92200	55.81
92225	55.81
92230	58.09
92240	54.81
92250	54.04
92270	54.81
92290	52.81
92300	55.81
92320	58.09
92330	55.81
92400	55.27
92415	59.77
92420	55.81
92430	54.81
92490	54.81
92500	54.81
92520	54.81
92600	61.63
92625	54.04
92690	54.81
92700	54.81
92900	55.75
92930	55.81
92940	55.81
92950	55.81
92990	55.81
93100	51.61
93120	38.33
93190	57.11
93900	51.61
93920	57.11
93950	51.61
93960	50.91
93990	56.63
94100	56.72
94120	44.54
94140	51.18
94160	48.58
94170	51.18
94180	51.18
94190	49.68
94200	51.18
94220	49.68
94230	49.68
94240	49.68
94250	49.68
94290	49.68
94320	48.58
94900	54.52
94920	44.54
94940	44.54
94960	51.18
94980	76.68
94990	49.68
95000	48.27
95100	49.90
95120	44.15
95125	48.27
95130	50.00
95135	43.86
95140	36.61
95145	49.90
95150	46.45
95155	48.27
95160	33.61
95190	51.18
95210	43.29
95220	46.45
95230	46.45
95240	46.45
95250	46.45
95290	48.27
95300	54.40
95320	42.84
95340	46.45
95350	46.45
95360	41.15
95390	46.45
95400	50.00
95410	50.00
95415	48.27
95420	50.00
95440	57.97
95445	48.27
95450	50.00
95455	50.00
95475	49.90
95490	50.00
95500	49.90
95510	50.00
95520	46.45
95530	46.45
95590	56.36
95600	48.27
95700	49.90
95720	50.00
95750	48.27
95790	48.27
95910	59.38
95920	49.90
95925	50.00
95930	49.90
95940	48.27
95945	46.45
95950	49.90
95955	49.90
95960	49.90
95970	49.90
95990	51.81
96100	45.34
96190	45.34
96900	44.06
96910	38.72
96925	43.75
96930	45.34
96940	43.65
96950	43.75
96990	45.34
97100	46.93
97105	46.93
97120	50.83
97125	40.95
97130	41.18
97145	47.15
97150	45.84
97152	45.79
97155	47.15
97160	45.84
97190	47.15
97200	45.84
97205	45.84
97210	45.84
97230	42.24
97300	43.83
97315	47.15
97340	45.84
97345	47.15
97350	45.84
97355	49.72
97390	42.24
97400	47.15
97415	47.15
97435	43.83
97440	42.24
97450	43.83
97460	45.84
97470	42.24
97475	43.83
97900	43.83
97990	43.83
98000	46.70
98100	57.20
98120	41.75
98130	50.99
98135	50.99
98140	50.99
98190	29.87
98220	44.56
98230	45.63
98290	46.70
98300	42.15
98320	42.54
98330	56.47
98390	46.70
98400	47.84
98420	44.61
98430	47.79
98440	47.52
98500	49.02
98520	46.70
98530	58.27
98540	43.77
98550	45.04
98555	57.34
98590	42.41
98600	54.88
98620	35.20
98630	47.84
98690	42.86
98840	45.93
98930	50.95
98940	51.63
98950	47.09
98990	58.61
99020	43.93
99900	53.49
99910	34.52
99920	34.52
99930	41.65
