hisco	hiscam
1100	87.58
1110	87.58
1190	87.58
1200	82.94
1210	82.94
1300	82.94
1340	87.58
1400	65.43
1420	82.94
1430	81.69
2000	99.00
2100	83.65
2120	92.27
2130	87.47
2140	68.41
2200	81.56
2210	82.34
2220	77.23
2230	81.76
2240	83.37
2245	81.76
2255	68.55
2290	85.88
2300	81.76
2305	84.80
2310	68.41
2400	81.76
2410	77.23
2430	81.76
2450	83.88
2460	83.88
2510	77.79
2620	68.41
2700	81.76
2710	77.23
2740	81.76
2900	81.76
2930	81.76
2990	83.88
3000	81.76
3010	81.76
3020	94.69
3022	83.88
3030	83.88
3040	82.90
3090	87.73
3100	73.80
3110	79.22
3120	63.09
3130	68.41
3140	71.51
3150	81.76
3160	68.41
3170	81.76
3180	68.41
3200	71.51
3300	68.69
3310	68.69
3320	81.76
3330	81.76
3340	81.76
3390	77.23
3405	81.76
3490	83.88
3510	72.27
3520	81.76
3540	81.76
3550	81.76
3590	68.41
3620	83.88
3720	83.88
3930	83.88
4100	51.33
4120	53.93
4125	51.33
4130	53.93
4140	51.33
4200	51.33
4215	73.61
4217	51.33
4220	59.79
4230	65.18
4240	68.36
4250	55.47
4290	53.93
4320	53.93
5100	82.87
5110	82.87
5120	91.90
5190	82.87
5230	91.90
5260	91.90
5320	82.87
5330	82.87
5340	82.87
5360	82.87
5390	91.90
5400	82.87
5420	91.90
6100	99.00
6105	99.00
6110	99.00
6120	99.00
6130	99.00
6140	99.00
6190	99.00
6210	60.74
6300	82.87
6310	99.00
6320	96.33
6420	58.43
6500	82.87
6510	82.87
6520	99.00
6590	96.33
6700	98.30
6710	98.30
6810	60.74
6910	58.43
6990	60.74
7100	60.74
7110	60.74
7130	58.43
7200	69.75
7210	51.65
7300	69.75
7310	58.43
7410	58.43
7500	68.70
7520	97.54
7530	99.00
7600	68.70
7620	58.43
7640	60.74
7900	68.70
7920	60.65
7930	58.43
7990	60.65
8110	91.90
8130	91.90
8200	71.79
8220	91.90
8230	71.79
8250	71.79
8490	71.79
9010	91.90
9150	91.90
9999	73.48
11000	71.79
11010	71.79
11020	73.31
12000	99.00
12100	99.00
12110	99.00
12200	99.00
12210	99.00
12310	99.00
12400	99.00
12410	99.00
12900	99.00
12910	99.00
13000	88.84
13020	68.76
13030	88.84
13100	96.16
13130	99.00
13140	99.00
13170	99.00
13175	96.16
13190	96.16
13200	87.16
13215	87.16
13220	87.16
13230	87.16
13250	87.16
13260	87.16
13270	87.16
13275	89.68
13280	87.16
13290	87.16
13320	66.08
13390	70.84
13420	83.30
13490	83.30
13590	83.30
13900	83.65
13940	83.65
13950	83.65
13960	83.30
13990	83.65
14100	98.91
14120	98.91
14130	66.43
14140	98.91
14190	98.91
14990	65.73
15120	78.05
15900	79.37
15915	93.16
15920	82.05
15930	81.66
15945	81.66
15950	86.37
15960	78.05
15990	86.37
16000	68.47
16100	68.47
16120	62.86
16130	75.88
16150	68.65
16160	68.47
16190	68.65
16200	68.47
16220	68.65
16230	68.65
16240	68.65
16250	68.47
16300	68.47
16310	68.47
16350	69.31
16360	68.47
17000	59.09
17100	71.62
17120	71.62
17130	59.09
17135	59.09
17140	60.58
17145	60.58
17150	60.11
17190	59.81
17200	59.09
17220	60.11
17230	60.11
17300	60.11
17320	59.09
17340	59.09
17420	60.11
17490	55.56
17530	59.81
17540	59.09
17590	59.09
17900	59.09
17920	51.34
17940	59.09
17990	55.86
18000	59.09
18020	59.09
18050	60.58
18090	60.11
19100	82.87
19120	82.87
19130	82.87
19140	82.87
19190	82.87
19200	82.87
19250	91.90
19290	82.87
19300	82.87
19320	82.87
19390	82.87
19400	82.87
19420	82.87
19430	91.90
19490	82.87
19500	82.87
19520	82.87
19530	82.87
19540	91.90
19900	82.87
19950	82.87
19960	91.90
19990	91.90
20100	99.00
20110	97.44
20200	91.27
20210	91.27
21000	75.95
21100	90.75
21110	87.50
21200	80.02
21220	69.80
21230	81.56
21240	68.76
21300	71.62
21320	64.88
21340	62.50
21420	82.87
21430	77.72
21490	80.30
21900	91.27
21940	80.02
21950	80.02
21960	87.50
21970	80.02
21980	80.02
21990	90.01
22000	67.41
22100	67.41
22110	77.95
22190	67.41
22200	74.01
22210	83.86
22220	76.12
22230	67.72
22235	76.01
22240	71.79
22245	66.86
22250	71.79
22265	71.79
22275	83.86
22280	71.79
22290	62.75
22300	65.09
22320	67.41
22330	67.41
22390	87.94
22420	66.13
22425	66.13
22430	66.02
22440	66.02
22450	57.90
22460	67.41
22490	67.41
22520	55.65
22600	55.88
22610	55.33
22620	60.36
22630	60.36
22640	60.36
22650	61.81
22651	60.36
22655	60.36
22660	55.33
22665	65.22
22670	55.33
22675	75.76
22680	66.16
22690	63.68
30000	68.08
31000	87.00
31020	87.77
31030	59.81
31040	67.79
31090	88.36
31940	56.49
32100	63.49
32110	63.49
32120	63.49
32140	69.52
32190	66.54
32220	66.54
33000	73.23
33100	73.00
33110	73.00
33120	82.94
33130	82.94
33135	82.94
33140	82.94
33150	82.94
33160	82.94
33170	82.94
33190	82.94
33900	66.54
33920	69.52
33930	66.54
33940	70.76
33990	71.83
34120	55.84
34230	55.84
36000	57.24
36020	55.22
36040	51.09
36090	54.52
37000	68.04
37010	55.84
37020	69.90
37030	53.34
37040	49.65
37090	57.50
38000	60.52
38020	53.34
38030	53.34
38040	57.45
38090	54.52
39100	60.83
39110	60.83
39120	60.83
39130	60.83
39140	60.83
39150	60.83
39190	60.83
39230	63.49
39310	63.49
39320	65.45
39340	78.30
39350	66.54
39390	63.49
39410	66.54
39440	69.52
39490	69.52
39520	66.54
39530	63.49
39900	63.49
39940	66.54
39960	56.49
39990	60.52
41000	77.04
41020	82.51
41025	59.83
41030	61.63
41035	59.83
41040	63.50
41525	56.81
42200	69.05
42220	69.05
42230	69.05
43100	69.83
43120	72.29
43200	69.83
43220	69.83
43230	69.05
43290	72.29
44100	69.83
44120	72.58
44130	86.30
44140	85.00
44190	75.72
44200	72.29
44220	70.38
44230	69.83
44300	72.00
44320	70.38
44330	70.38
45100	63.00
45120	67.41
45125	63.13
45130	50.09
45140	53.06
45150	53.06
45190	66.05
45220	47.16
45225	47.16
45230	49.31
45240	51.77
45250	53.06
45290	48.54
49020	53.06
49030	51.77
49090	64.09
51000	55.31
51020	56.90
51030	56.15
51040	64.41
51050	56.15
51090	65.51
52000	53.72
52290	53.72
53100	60.45
53120	60.45
53130	60.45
53140	59.38
53150	60.45
53190	60.45
53200	53.43
53210	53.43
53220	53.43
53240	53.43
53250	53.43
53290	53.43
53330	39.56
54000	45.77
54010	45.77
54020	45.77
54030	45.77
54035	46.04
54040	43.27
54050	45.77
54055	50.13
54060	50.13
54090	50.13
55100	58.75
55120	64.12
55125	62.59
55130	65.69
55140	63.06
55190	39.56
55200	50.02
55220	50.02
55230	50.02
55240	48.65
55290	50.13
56000	49.15
56010	49.15
56030	51.41
56040	49.15
56050	49.15
56060	49.15
56065	49.15
56070	49.15
56090	49.15
57000	54.41
57025	54.41
57030	54.41
57070	54.41
57090	54.41
58100	53.22
58110	53.22
58200	66.33
58220	53.22
58225	51.29
58230	53.22
58240	59.90
58300	63.97
58320	99.00
58330	55.79
58340	49.74
58490	59.34
58900	53.22
58920	59.90
58930	53.22
58940	46.47
58990	53.22
59100	57.18
59200	57.18
59220	55.59
59230	56.40
59290	53.72
59900	68.05
59920	57.18
59940	46.36
59950	57.38
59990	53.72
61100	51.58
61110	51.58
61115	51.79
61120	51.41
61220	54.77
61230	54.77
61235	56.63
61240	54.18
61250	53.43
61260	54.77
61270	61.65
61290	54.77
62100	48.81
62105	48.84
62110	48.81
62120	46.90
62200	49.54
62210	49.54
62220	49.54
62230	50.40
62240	50.40
62260	50.40
62290	49.54
62320	50.02
62330	50.02
62390	50.02
62400	51.72
62410	51.11
62420	51.11
62430	48.63
62440	50.24
62460	52.33
62490	52.50
62510	51.40
62520	51.40
62600	50.18
62610	50.02
62660	50.02
62690	50.02
62700	52.29
62720	53.02
62730	53.02
62740	53.36
62790	52.97
62800	50.02
62820	50.02
62920	53.38
62940	51.97
62950	53.38
62960	51.97
62970	51.97
62990	51.97
63100	50.49
63110	50.11
63120	50.49
63130	51.04
63140	50.49
63190	51.09
63200	52.97
63220	53.81
63230	48.08
63250	52.97
63290	51.93
64100	49.97
64120	50.02
64130	51.15
64900	51.72
64920	51.72
64930	51.61
64940	52.99
64960	51.25
64990	51.84
71100	43.06
71105	43.06
71110	49.15
71120	46.81
71125	43.06
71130	43.06
71150	46.81
71160	43.06
71170	46.81
71190	58.84
71200	44.13
71220	48.33
71250	43.06
71290	44.13
71300	43.06
71380	43.06
71390	46.81
72000	47.09
72100	40.86
72120	46.74
72130	46.74
72160	46.74
72170	49.84
72190	49.47
72200	49.47
72220	49.84
72230	46.74
72250	49.47
72260	46.74
72290	46.74
72320	46.74
72330	46.74
72390	49.47
72400	49.47
72420	48.77
72490	49.47
72500	49.47
72520	49.47
72530	46.74
72540	46.74
72555	46.74
72560	49.84
72590	46.74
72600	46.74
72620	49.84
72630	46.74
72640	46.74
72700	49.47
72725	46.74
72730	50.93
72740	46.74
72790	50.93
72800	46.74
72820	49.47
72830	46.74
72890	43.61
72900	54.13
72930	46.74
72940	46.74
72980	46.74
72990	46.74
73100	42.95
73130	48.93
73200	51.86
73210	51.86
73240	51.86
73270	49.79
73290	51.86
73320	42.95
73350	48.93
73360	48.93
73390	48.93
73400	42.95
73430	47.61
73460	42.95
73490	42.95
74100	52.11
74120	54.13
74140	52.11
74200	57.27
74220	57.27
74240	57.27
74400	52.20
74470	53.61
74490	52.11
74500	52.20
74900	52.11
74910	51.40
74920	52.11
74925	52.11
74930	52.11
74990	52.11
75000	46.11
75100	53.25
75115	53.25
75120	53.25
75130	53.06
75135	53.25
75140	53.25
75145	53.25
75150	53.06
75155	53.06
75190	53.25
75220	54.52
75230	50.20
75240	54.52
75250	54.52
75290	54.52
75300	47.81
75320	47.81
75340	46.11
75350	48.24
75390	48.24
75400	46.11
75415	46.11
75420	47.81
75422	48.24
75430	48.24
75432	44.93
75435	46.11
75440	46.11
75445	45.16
75450	48.24
75452	48.24
75455	48.24
75457	48.24
75465	48.24
75470	46.11
75475	47.81
75490	48.22
75500	53.25
75520	46.11
75530	45.16
75535	48.24
75540	48.24
75590	47.81
75600	51.20
75615	51.20
75620	51.20
75622	51.20
75625	51.20
75635	51.20
75650	51.20
75655	51.20
75660	54.25
75670	51.20
75690	51.20
75700	46.11
75710	50.13
75720	46.11
75922	46.11
75925	47.81
75990	61.20
76100	55.41
76125	55.41
76130	57.97
76132	57.97
76145	55.41
76150	55.41
76155	55.41
76190	55.41
76200	46.11
76220	46.11
76230	47.81
76290	46.11
77100	59.20
77120	56.34
77140	55.75
77190	54.63
77200	55.75
77250	55.75
77260	54.63
77290	55.75
77300	55.75
77310	58.43
77320	51.86
77330	68.23
77340	56.86
77390	56.68
77410	55.75
77415	56.86
77440	57.97
77450	54.63
77460	55.75
77490	54.63
77500	47.90
77510	47.90
77530	47.90
77540	47.90
77590	47.90
77600	63.13
77610	55.75
77620	58.33
77630	68.12
77640	55.75
77650	54.63
77660	54.84
77690	54.63
77700	54.63
77750	54.63
77790	54.63
77800	57.65
77810	57.65
77820	57.65
77830	57.65
77835	61.52
77840	57.65
77850	57.65
77860	57.65
77870	57.65
77880	57.65
77890	57.65
77900	54.63
77920	45.31
77940	54.63
77990	55.75
78100	48.16
78120	55.75
78130	55.75
78155	54.63
78170	54.63
78190	54.63
78200	45.06
78290	46.56
78390	49.13
79100	53.06
79120	51.47
79130	50.97
79140	50.97
79190	50.97
79200	50.97
79220	50.97
79290	50.97
79300	51.47
79310	51.04
79320	50.97
79390	59.52
79400	64.33
79420	64.33
79430	56.47
79440	64.33
79450	64.33
79475	64.33
79490	64.33
79500	50.97
79510	50.97
79520	51.47
79550	51.47
79560	51.47
79565	50.97
79590	50.25
79600	50.97
79620	60.24
79630	52.72
79640	52.72
79690	49.93
79900	50.97
79920	51.97
79930	52.72
79990	52.72
80110	50.97
80120	50.25
80130	50.97
80190	52.72
80200	56.93
80220	50.97
80222	52.72
80225	51.47
80245	52.72
80250	50.97
80255	52.72
80290	52.72
80300	52.72
80310	52.72
80320	52.72
80330	52.72
80340	51.47
80360	52.72
80390	52.72
81000	51.43
81100	51.72
81120	52.24
81190	63.77
81200	51.43
81208	52.24
81210	51.43
81220	48.04
81225	45.27
81230	51.72
81250	51.43
81275	51.43
81280	52.24
81290	52.24
81900	47.79
81920	67.95
81925	54.61
81930	50.50
81935	52.24
81940	52.63
81945	56.95
81955	47.79
81960	47.79
81990	47.79
82000	48.15
82020	51.15
82050	51.52
82060	51.52
82070	51.52
82080	62.66
82090	53.49
82710	61.86
83000	51.22
83020	51.95
83100	51.22
83110	51.22
83120	51.22
83130	51.22
83140	51.95
83190	51.22
83200	57.15
83210	49.08
83220	48.74
83240	50.75
83250	50.75
83290	50.75
83300	51.22
83305	50.75
83310	51.22
83320	47.99
83330	50.75
83350	50.75
83360	50.75
83390	50.75
83400	62.54
83410	62.54
83420	52.27
83440	50.75
83450	51.22
83460	50.75
83465	51.22
83490	45.50
83500	51.22
83510	51.95
83520	50.75
83530	50.75
83540	50.75
83550	50.75
83560	52.11
83590	44.09
83900	51.22
83910	51.22
83915	50.08
83920	51.81
83930	54.68
83940	52.11
83960	52.11
83990	43.93
84100	56.90
84105	56.90
84110	58.08
84115	56.90
84125	58.08
84145	58.08
84165	57.59
84170	58.08
84175	56.90
84185	56.90
84190	58.08
84220	66.31
84222	66.31
84225	66.31
84230	60.65
84235	59.45
84240	58.08
84245	59.45
84250	56.90
84300	73.90
84320	56.90
84390	50.09
84400	56.90
84410	56.90
84420	56.90
84900	58.20
84910	59.45
84970	58.08
84975	47.65
84980	56.90
84985	58.08
84990	56.90
85100	56.33
85110	58.52
85120	57.58
85150	56.93
85190	56.93
85200	56.93
85210	57.58
85220	56.93
85320	56.33
85340	57.58
85345	56.33
85420	57.58
85500	67.65
85510	56.33
85560	57.58
85570	56.33
85600	56.33
85620	56.93
85630	57.58
85700	49.47
85730	56.33
85740	56.33
85790	56.33
85990	64.97
86190	57.58
86240	57.58
87105	55.36
87110	53.61
87120	49.70
87130	51.88
87190	51.88
87200	51.88
87210	53.61
87215	51.88
87245	51.88
87250	51.88
87260	53.61
87300	51.31
87310	51.31
87330	53.61
87340	45.65
87350	47.65
87370	51.88
87390	53.61
87400	67.15
87430	51.88
87450	53.61
87462	45.24
87490	53.61
88000	67.90
88010	79.23
88030	62.04
88040	68.13
88050	67.90
88070	68.13
88080	67.90
88090	68.13
89100	48.15
89120	37.34
89128	42.36
89136	42.36
89148	42.36
89156	41.13
89160	41.13
89164	42.36
89190	41.04
89200	41.13
89210	46.31
89215	41.13
89220	41.65
89225	42.36
89230	42.36
89235	42.36
89240	42.36
89242	46.58
89245	42.36
89247	42.36
89290	41.13
89300	42.36
89320	42.36
89330	45.95
89350	44.84
89360	45.65
89390	41.13
89400	45.95
89420	41.13
89430	41.13
89440	45.95
89500	44.02
89520	42.36
89530	46.22
89540	42.36
89550	45.95
89560	42.36
89570	42.36
89590	48.02
89900	45.95
89940	42.36
89990	42.36
90000	52.31
90100	52.31
90200	54.88
91000	52.31
91025	52.31
91030	60.38
91050	52.31
91070	60.38
91075	52.31
91090	52.31
92000	58.09
92100	55.90
92110	60.84
92120	52.49
92130	55.90
92135	58.09
92140	60.84
92155	55.90
92190	58.09
92200	61.91
92225	55.90
92230	56.65
92240	58.09
92250	51.70
92270	60.84
92290	60.84
92300	55.90
92320	61.11
92330	55.90
92400	57.41
92415	59.27
92420	61.11
92430	58.09
92490	55.90
92500	52.49
92520	55.90
92600	57.75
92625	53.81
92690	60.84
92700	58.09
92900	57.75
92930	58.09
92940	55.90
92950	55.90
92990	55.90
93100	63.20
93120	52.43
93190	53.04
93900	53.04
93920	52.43
93950	53.04
93960	53.04
93990	63.90
94100	59.52
94120	49.09
94140	49.84
94160	49.84
94170	49.84
94180	49.09
94190	61.04
94200	45.88
94220	49.09
94230	48.75
94240	49.84
94250	40.04
94290	49.84
94320	49.84
94900	61.86
94920	49.09
94940	48.63
94960	49.09
94980	69.80
94990	49.50
95000	51.90
95100	56.90
95120	45.65
95125	51.90
95130	51.90
95135	51.06
95140	49.33
95145	49.58
95150	49.58
95155	51.90
95160	47.04
95190	49.58
95210	44.72
95220	50.40
95230	51.90
95240	50.40
95250	49.58
95290	51.90
95300	46.72
95320	49.58
95340	45.77
95350	51.90
95360	43.88
95390	49.58
95400	51.90
95410	51.90
95415	52.06
95420	51.90
95440	55.68
95445	51.90
95450	51.90
95455	48.68
95475	51.90
95490	46.97
95500	51.90
95510	46.75
95520	51.90
95530	50.40
95590	51.90
95600	51.90
95700	49.58
95720	49.58
95750	51.90
95790	51.90
95910	67.80
95920	49.58
95925	57.68
95930	49.58
95940	49.58
95945	49.58
95950	49.58
95955	49.58
95960	49.58
95970	50.40
95990	57.06
96100	43.70
96190	43.70
96900	48.20
96910	48.11
96925	44.45
96930	43.70
96940	47.81
96950	44.45
96990	43.20
97100	50.84
97105	50.84
97120	47.24
97125	46.65
97130	48.88
97145	46.49
97150	44.93
97152	46.56
97155	43.24
97160	47.97
97190	46.06
97200	43.24
97205	44.93
97210	47.97
97230	43.24
97300	47.97
97315	49.68
97340	44.93
97345	43.24
97350	43.24
97355	51.41
97390	43.24
97400	43.24
97415	42.47
97435	43.24
97440	43.24
97450	47.97
97460	44.93
97470	43.24
97475	47.97
97900	47.97
97990	44.93
98000	48.97
98100	58.65
98120	48.97
98130	48.02
98135	48.02
98140	48.02
98190	43.84
98220	55.41
98230	51.70
98290	48.97
98300	51.70
98320	51.70
98330	44.93
98390	48.97
98400	48.97
98420	46.74
98430	51.25
98440	47.86
98500	50.33
98520	46.72
98530	55.83
98540	49.74
98550	48.97
98555	51.74
98590	49.27
98600	60.47
98620	46.72
98630	48.97
98690	44.40
98840	49.70
98930	51.91
98940	50.34
98950	51.70
98990	50.00
99020	48.06
99900	46.00
99910	45.77
99920	43.02
99930	46.91
