hisco	hiscam
1100	93.69
1110	93.69
1190	93.69
1200	93.69
1210	89.90
1300	89.90
1340	93.69
1400	69.19
1420	89.90
1430	89.90
2000	93.75
2100	92.38
2120	91.09
2130	96.45
2140	74.83
2200	92.38
2210	93.75
2220	92.00
2230	92.38
2240	96.75
2245	92.38
2255	77.91
2290	99.00
2300	92.38
2305	97.23
2310	74.83
2400	92.38
2410	92.38
2430	92.38
2450	92.38
2460	92.38
2510	96.75
2620	74.83
2700	92.38
2710	92.38
2740	92.38
2900	99.00
2930	92.38
2990	92.38
3000	91.12
3010	91.12
3020	91.44
3022	92.38
3030	92.38
3040	91.26
3090	96.75
3100	74.83
3110	74.83
3120	72.30
3130	74.83
3140	74.83
3150	92.38
3160	74.83
3170	92.38
3180	74.83
3200	78.70
3300	78.86
3310	78.86
3320	92.38
3330	96.75
3340	92.38
3390	82.13
3405	86.04
3490	92.38
3510	84.59
3520	92.38
3540	92.38
3550	92.38
3590	74.83
3620	92.38
3720	92.38
3930	92.38
4100	58.40
4120	58.40
4125	58.40
4130	58.40
4140	58.40
4200	58.40
4215	84.55
4217	74.73
4220	62.59
4230	74.73
4240	74.73
4250	60.16
4290	58.40
4320	60.16
5100	99.00
5110	99.00
5120	99.00
5190	99.00
5230	99.00
5260	99.00
5320	99.00
5330	99.00
5340	99.00
5360	99.00
5390	99.00
5400	99.00
5420	99.00
6100	99.00
6105	97.98
6110	97.98
6120	97.98
6130	99.00
6140	97.98
6190	99.00
6210	63.50
6300	99.00
6310	99.00
6320	97.98
6420	63.50
6500	82.41
6510	82.41
6520	99.00
6590	99.00
6700	99.00
6710	97.98
6810	63.50
6910	63.50
6990	63.50
7100	63.50
7110	63.50
7130	63.50
7200	76.36
7210	63.50
7300	76.36
7310	63.50
7410	63.50
7500	76.36
7520	99.00
7530	99.00
7600	76.36
7620	63.50
7640	63.50
7900	76.36
7920	63.50
7930	63.50
7990	63.50
8110	99.00
8130	99.00
8200	99.00
8220	99.00
8230	99.00
8250	99.00
8490	99.00
9010	99.00
9150	99.00
9999	80.59
11000	80.41
11010	80.41
11020	80.41
12000	95.02
12100	99.00
12110	92.77
12200	99.00
12210	99.00
12310	96.05
12400	99.00
12410	94.95
12900	99.00
12910	96.47
13000	90.80
13020	75.23
13030	90.80
13100	88.90
13130	99.00
13140	99.00
13170	99.00
13175	99.00
13190	99.00
13200	88.90
13215	98.95
13220	98.95
13230	98.95
13250	88.90
13260	98.95
13270	98.95
13275	98.95
13280	98.95
13290	98.95
13320	77.63
13390	85.83
13420	91.72
13490	91.72
13590	91.72
13900	91.72
13940	88.90
13950	92.30
13960	91.72
13990	88.90
14100	99.00
14120	88.90
14130	72.58
14140	99.00
14190	99.00
14990	71.79
15120	98.11
15900	86.55
15915	99.00
15920	86.20
15930	89.87
15945	89.87
15950	89.87
15960	85.79
15990	89.87
16000	73.59
16100	72.37
16120	73.52
16130	86.11
16150	73.59
16160	80.86
16190	75.87
16200	73.59
16220	75.87
16230	73.59
16240	75.87
16250	73.56
16300	75.87
16310	73.59
16350	75.87
16360	73.59
17000	65.41
17100	78.48
17120	78.48
17130	65.08
17135	65.41
17140	70.44
17145	65.08
17150	65.41
17190	65.08
17200	65.41
17220	65.41
17230	65.41
17300	65.41
17320	65.41
17340	65.08
17420	65.41
17490	65.08
17530	65.08
17540	65.08
17590	65.08
17900	65.41
17920	51.09
17940	65.41
17990	64.06
18000	65.41
18020	65.41
18050	65.08
18090	65.41
19100	99.00
19120	99.00
19130	99.00
19140	99.00
19190	99.00
19200	99.00
19250	99.00
19290	99.00
19300	99.00
19320	99.00
19390	99.00
19400	99.00
19420	99.00
19430	99.00
19490	99.00
19500	99.00
19520	99.00
19530	99.00
19540	99.00
19900	99.00
19950	99.00
19960	99.00
19990	99.00
20100	99.00
20110	88.90
20200	99.00
20210	88.90
21000	80.19
21100	99.00
21110	81.69
21200	99.00
21220	84.19
21230	99.00
21240	80.16
21300	69.94
21320	71.87
21340	72.15
21420	99.00
21430	88.90
21490	94.38
21900	95.19
21940	99.00
21950	91.58
21960	99.00
21970	91.58
21980	91.58
21990	99.00
22000	77.26
22100	72.93
22110	86.05
22190	99.00
22200	72.93
22210	86.05
22220	99.00
22230	83.44
22235	83.44
22240	77.73
22245	77.73
22250	83.44
22265	83.44
22275	83.44
22280	83.44
22290	86.05
22300	72.93
22320	97.00
22330	97.00
22390	97.00
22420	72.87
22425	72.87
22430	72.12
22440	72.12
22450	65.01
22460	72.12
22490	74.72
22520	65.19
22600	60.63
22610	60.63
22620	67.91
22630	67.91
22640	67.91
22650	68.79
22651	67.91
22655	67.91
22660	60.63
22665	67.91
22670	61.22
22675	86.05
22680	78.87
22690	67.77
30000	88.30
31000	88.30
31020	88.30
31030	75.87
31040	70.29
31090	88.30
31940	60.90
32100	69.98
32110	69.98
32120	99.00
32140	76.09
32190	76.09
32220	76.09
33000	80.30
33100	80.30
33110	88.30
33120	88.15
33130	88.15
33135	88.30
33140	88.15
33150	88.15
33160	88.30
33170	88.15
33190	88.30
33900	76.09
33920	76.09
33930	76.09
33940	75.69
33990	88.30
34120	60.56
34230	60.56
36000	65.47
36020	66.88
36040	57.29
36090	58.20
37000	73.45
37010	60.56
37020	73.58
37030	65.52
37040	57.33
37090	59.83
38000	73.58
38020	60.56
38030	58.20
38040	73.58
38090	60.56
39100	68.16
39110	68.16
39120	68.16
39130	68.16
39140	68.16
39150	68.16
39190	68.16
39230	69.98
39310	76.72
39320	72.30
39340	88.30
39350	76.09
39390	76.09
39410	76.09
39440	76.09
39490	76.09
39520	76.09
39530	65.44
39900	76.09
39940	76.09
39960	69.80
39990	71.79
41000	70.23
41020	92.08
41025	72.65
41030	73.27
41035	71.43
41040	73.00
41525	61.68
42200	77.01
42220	66.00
42230	77.01
43100	79.23
43120	79.23
43200	76.19
43220	76.19
43230	77.01
43290	79.23
44100	80.37
44120	80.40
44130	99.00
44140	93.66
44190	86.44
44200	79.23
44220	79.23
44230	76.65
44300	79.23
44320	81.84
44330	79.23
45100	57.41
45120	73.69
45125	63.68
45130	64.04
45140	57.41
45150	57.41
45190	63.31
45220	63.11
45225	57.41
45230	55.09
45240	57.41
45250	57.41
45290	54.65
49020	57.41
49030	57.41
49090	67.97
51000	59.97
51020	61.65
51030	59.97
51040	76.48
51050	65.37
51090	65.37
52000	61.68
52290	61.68
53100	71.50
53120	64.59
53130	64.59
53140	64.59
53150	64.59
53190	64.59
53200	58.54
53210	58.54
53220	58.54
53240	58.54
53250	58.54
53290	58.54
53330	42.11
54000	42.11
54010	43.13
54020	43.13
54030	42.11
54035	46.31
54040	46.31
54050	43.13
54055	46.31
54060	46.31
54090	57.79
55100	63.88
55120	69.98
55125	69.73
55130	73.51
55140	68.70
55190	42.11
55200	46.31
55220	44.22
55230	46.31
55240	51.11
55290	49.24
56000	55.54
56010	60.86
56030	55.54
56040	55.54
56050	55.54
56060	55.54
56065	55.54
56070	55.54
56090	55.54
57000	58.66
57025	61.22
57030	61.22
57070	61.22
57090	58.66
58100	57.09
58110	57.09
58200	69.51
58220	72.91
58225	60.25
58230	65.19
58240	65.19
58300	70.44
58320	72.91
58330	61.84
58340	60.20
58490	65.19
58900	65.19
58920	65.19
58930	70.61
58940	52.45
58990	72.41
59100	61.22
59200	61.22
59220	61.06
59230	61.22
59290	61.68
59900	61.22
59920	61.22
59940	52.20
59950	63.36
59990	64.95
61100	55.56
61110	59.59
61115	52.95
61120	55.56
61220	51.22
61230	51.22
61235	55.72
61240	51.22
61250	57.84
61260	59.31
61270	51.22
61290	57.81
62100	52.74
62105	52.95
62110	52.95
62120	52.95
62200	54.40
62210	53.84
62220	54.40
62230	54.40
62240	53.84
62260	54.40
62290	54.40
62320	54.15
62330	54.15
62390	54.15
62400	52.65
62410	54.22
62420	52.65
62430	52.43
62440	52.65
62460	56.43
62490	52.84
62510	53.79
62520	55.40
62600	54.15
62610	54.15
62660	54.15
62690	54.15
62700	61.43
62720	57.33
62730	57.33
62740	61.43
62790	57.33
62800	54.15
62820	54.15
62920	57.79
62940	57.79
62950	57.79
62960	57.79
62970	57.79
62990	57.79
63100	55.13
63110	53.25
63120	55.13
63130	55.13
63140	55.13
63190	57.06
63200	57.33
63220	52.40
63230	52.40
63250	57.33
63290	55.00
64100	60.70
64120	56.15
64130	56.81
64900	57.34
64920	57.34
64930	58.81
64940	57.34
64960	54.00
64990	54.00
71100	48.95
71105	48.95
71110	52.99
71120	50.34
71125	48.95
71130	48.95
71150	50.34
71160	48.95
71170	50.34
71190	58.86
71200	50.34
71220	61.29
71250	48.95
71290	50.34
71300	48.95
71380	48.95
71390	50.34
72000	54.11
72100	49.47
72120	53.77
72130	53.77
72160	53.77
72170	53.77
72190	49.34
72200	59.52
72220	53.77
72230	53.77
72250	55.00
72260	53.77
72290	53.77
72320	53.77
72330	53.77
72390	55.00
72400	53.77
72420	56.49
72490	58.49
72500	55.00
72520	53.77
72530	53.77
72540	55.00
72555	53.77
72560	53.77
72590	53.77
72600	53.77
72620	53.77
72630	53.77
72640	53.77
72700	53.77
72725	55.00
72730	55.00
72740	53.77
72790	55.00
72800	53.77
72820	55.00
72830	53.77
72890	51.99
72900	53.77
72930	53.77
72940	53.77
72980	55.00
72990	59.00
73100	52.75
73130	52.75
73200	53.72
73210	51.22
73240	53.72
73270	53.72
73290	53.72
73320	53.72
73350	52.75
73360	52.75
73390	52.75
73400	51.22
73430	51.24
73460	51.24
73490	51.24
74100	55.63
74120	58.63
74140	55.22
74200	54.88
74220	54.88
74240	54.88
74400	58.63
74470	70.41
74490	58.63
74500	55.54
74900	55.54
74910	55.54
74920	55.54
74925	55.54
74930	55.54
74990	55.54
75000	54.20
75100	49.68
75115	49.68
75120	57.41
75130	49.68
75135	57.41
75140	57.41
75145	49.68
75150	57.41
75155	57.41
75190	57.41
75220	52.24
75230	54.18
75240	52.24
75250	52.24
75290	52.24
75300	51.47
75320	51.47
75340	48.47
75350	50.50
75390	50.50
75400	49.68
75415	51.47
75420	51.47
75422	51.47
75430	51.47
75432	49.68
75435	49.68
75440	51.47
75445	49.68
75450	51.47
75452	50.50
75455	51.47
75457	51.47
75465	48.63
75470	48.47
75475	51.47
75490	49.68
75500	61.68
75520	48.47
75530	48.47
75535	51.47
75540	51.47
75590	51.47
75600	58.77
75615	49.68
75620	58.77
75622	49.68
75625	49.68
75635	58.77
75650	58.77
75655	58.77
75660	58.77
75670	58.77
75690	58.77
75700	51.47
75710	61.54
75720	50.50
75922	48.47
75925	51.47
75990	66.66
76100	58.56
76125	63.00
76130	63.00
76132	63.00
76145	63.00
76150	63.00
76155	63.00
76190	63.00
76200	51.47
76220	51.47
76230	51.47
76290	51.47
77100	61.75
77120	67.44
77140	63.00
77190	62.63
77200	61.75
77250	61.75
77260	61.75
77290	60.34
77300	61.75
77310	71.48
77320	69.19
77330	67.08
77340	61.75
77390	63.22
77410	63.00
77415	61.75
77440	63.00
77450	61.75
77460	63.00
77490	61.75
77500	54.38
77510	54.38
77530	54.38
77540	54.38
77590	54.38
77600	61.75
77610	76.55
77620	78.25
77630	76.55
77640	63.00
77650	61.75
77660	64.90
77690	67.58
77700	61.75
77750	61.75
77790	61.75
77800	73.87
77810	73.87
77820	67.01
77830	73.87
77835	67.01
77840	67.01
77850	73.87
77860	67.01
77870	67.01
77880	67.01
77890	73.87
77900	61.75
77920	65.94
77940	61.75
77990	61.75
78100	53.20
78120	63.00
78130	63.00
78155	54.61
78170	63.00
78190	61.75
78200	51.54
78290	61.75
78390	52.97
79100	65.26
79120	55.61
79130	55.61
79140	54.25
79190	55.61
79200	64.44
79220	54.25
79290	54.25
79300	55.61
79310	64.29
79320	54.25
79390	64.04
79400	61.29
79420	61.29
79430	61.29
79440	61.29
79450	63.63
79475	63.63
79490	61.29
79500	54.25
79510	55.61
79520	64.44
79550	55.61
79560	55.61
79565	54.25
79590	54.25
79600	64.44
79620	64.51
79630	55.61
79640	54.25
79690	59.66
79900	55.61
79920	64.36
79930	64.44
79990	60.09
80110	63.63
80120	54.25
80130	64.63
80190	55.61
80200	65.08
80220	55.61
80222	55.61
80225	55.61
80245	55.61
80250	55.61
80255	55.61
80290	54.77
80300	55.61
80310	55.61
80320	64.44
80330	55.61
80340	55.61
80360	55.61
80390	55.61
81000	64.16
81100	55.90
81120	72.30
81190	69.58
81200	55.90
81208	56.93
81210	55.90
81220	53.33
81225	53.33
81230	59.84
81250	55.90
81275	55.90
81280	56.93
81290	56.93
81900	50.83
81920	67.48
81925	66.69
81930	71.88
81935	56.93
81940	56.93
81945	67.19
81955	50.83
81960	50.83
81990	64.33
82000	56.11
82020	52.20
82050	55.68
82060	55.68
82070	55.68
82080	68.25
82090	55.68
82710	67.40
83000	56.16
83020	56.16
83100	56.16
83110	67.72
83120	56.16
83130	56.16
83140	56.16
83190	56.16
83200	56.34
83210	55.90
83220	54.06
83240	56.34
83250	56.34
83290	56.16
83300	56.34
83305	56.34
83310	56.16
83320	56.08
83330	56.34
83350	56.34
83360	56.34
83390	60.00
83400	68.44
83410	68.44
83420	54.25
83440	56.34
83450	56.34
83460	56.34
83465	56.34
83490	53.40
83500	56.34
83510	56.16
83520	54.86
83530	54.09
83540	56.34
83550	56.34
83560	56.34
83590	52.11
83900	56.34
83910	56.16
83915	54.29
83920	67.72
83930	66.93
83940	56.34
83960	56.34
83990	50.79
84100	62.56
84105	62.56
84110	64.66
84115	62.56
84125	64.66
84145	64.66
84165	62.56
84170	64.66
84175	62.56
84185	62.56
84190	57.72
84220	79.79
84222	79.79
84225	79.79
84230	69.98
84235	64.66
84240	64.66
84245	64.66
84250	62.56
84300	77.58
84320	64.66
84390	55.49
84400	62.56
84410	62.56
84420	62.56
84900	67.83
84910	64.66
84970	64.66
84975	54.04
84980	54.52
84985	64.66
84990	56.27
85100	62.54
85110	70.02
85120	62.54
85150	61.00
85190	61.00
85200	62.54
85210	62.54
85220	62.54
85320	61.00
85340	62.54
85345	61.00
85420	62.54
85500	62.54
85510	61.00
85560	62.54
85570	61.00
85600	61.00
85620	64.41
85630	62.54
85700	56.29
85730	61.00
85740	62.54
85790	61.00
85990	70.93
86190	62.54
86240	62.54
87105	67.63
87110	66.81
87120	56.40
87130	59.38
87190	59.38
87200	59.38
87210	56.83
87215	59.38
87245	59.38
87250	59.38
87260	61.29
87300	59.81
87310	59.81
87330	74.05
87340	54.31
87350	54.45
87370	59.38
87390	61.29
87400	66.37
87430	59.38
87450	61.29
87462	52.38
87490	65.56
88000	74.22
88010	86.43
88030	75.37
88040	74.22
88050	77.23
88070	74.22
88080	79.79
88090	77.94
89100	62.41
89120	45.15
89128	49.34
89136	49.34
89148	49.34
89156	48.56
89160	49.34
89164	49.09
89190	49.34
89200	48.56
89210	50.47
89215	48.56
89220	48.56
89225	48.56
89230	49.34
89235	49.34
89240	49.34
89242	48.11
89245	49.34
89247	49.34
89290	53.13
89300	49.34
89320	49.34
89330	49.34
89350	56.59
89360	59.59
89390	49.15
89400	49.34
89420	49.34
89430	48.56
89440	49.34
89500	52.72
89520	49.34
89530	54.41
89540	49.34
89550	49.34
89560	49.34
89570	49.34
89590	48.56
89900	49.34
89940	49.34
89990	48.56
90000	57.84
90100	59.49
90200	59.49
91000	65.73
91025	65.73
91030	65.73
91050	65.73
91070	65.73
91075	65.73
91090	65.73
92000	63.13
92100	63.13
92110	72.41
92120	59.29
92130	63.13
92135	63.13
92140	66.55
92155	63.13
92190	63.13
92200	63.13
92225	63.13
92230	66.55
92240	63.13
92250	60.50
92270	63.13
92290	61.04
92300	63.13
92320	66.55
92330	63.13
92400	70.33
92415	68.30
92420	66.55
92430	63.13
92490	63.13
92500	63.13
92520	63.13
92600	63.29
92625	61.38
92690	63.13
92700	63.13
92900	62.56
92930	63.13
92940	63.13
92950	63.13
92990	63.13
93100	59.06
93120	63.38
93190	71.87
93900	59.06
93920	63.95
93950	59.06
93960	59.06
93990	69.72
94100	71.54
94120	52.40
94140	56.61
94160	56.61
94170	56.61
94180	52.40
94190	66.48
94200	56.61
94220	58.77
94230	56.66
94240	49.11
94250	48.61
94290	57.79
94320	56.61
94900	67.40
94920	52.40
94940	52.40
94960	56.61
94980	85.97
94990	65.06
95000	56.75
95100	60.90
95120	59.31
95125	56.29
95130	60.65
95135	56.75
95140	55.18
95145	54.40
95150	54.40
95155	56.29
95160	55.91
95190	59.33
95210	51.09
95220	54.40
95230	54.40
95240	54.40
95250	54.40
95290	56.29
95300	51.13
95320	46.88
95340	54.40
95350	54.40
95360	47.38
95390	54.40
95400	56.29
95410	64.55
95415	56.29
95420	56.29
95440	59.34
95445	56.29
95450	56.29
95455	72.08
95475	60.90
95490	56.29
95500	54.40
95510	63.93
95520	54.40
95530	54.40
95590	59.41
95600	56.29
95700	54.40
95720	62.09
95750	56.75
95790	56.29
95910	70.44
95920	54.40
95925	57.72
95930	54.40
95940	56.29
95945	54.40
95950	54.40
95955	54.40
95960	54.40
95970	54.40
95990	62.34
96100	51.47
96190	49.63
96900	51.90
96910	54.81
96925	51.90
96930	60.43
96940	51.47
96950	51.90
96990	51.47
97100	54.90
97105	54.90
97120	58.29
97125	60.02
97130	54.15
97145	50.65
97150	51.65
97152	50.65
97155	50.00
97160	51.65
97190	57.70
97200	51.65
97205	51.65
97210	51.65
97230	50.00
97300	51.65
97315	56.00
97340	51.65
97345	50.04
97350	50.00
97355	60.84
97390	50.00
97400	56.04
97415	54.99
97435	51.65
97440	50.00
97450	51.65
97460	51.65
97470	50.00
97475	58.83
97900	51.65
97990	51.65
98000	54.65
98100	67.81
98120	53.47
98130	55.08
98135	69.19
98140	55.08
98190	50.84
98220	69.19
98230	53.54
98290	54.65
98300	53.52
98320	66.72
98330	52.11
98390	54.65
98400	54.65
98420	52.49
98430	57.61
98440	54.22
98500	57.08
98520	54.65
98530	67.58
98540	53.75
98550	56.58
98555	56.20
98590	53.95
98600	62.79
98620	65.06
98630	54.65
98690	50.65
98840	53.84
98930	66.30
98940	65.06
98950	55.08
98990	62.20
99020	51.75
99900	50.00
99910	49.11
99920	49.11
99930	65.19
