hisco	hiscam
1100	77.04
1110	77.04
1190	75.54
1200	77.04
1210	74.54
1300	74.54
1340	77.04
1400	60.83
1420	74.54
1430	74.54
2000	56.02
2100	76.19
2120	84.12
2130	78.87
2140	64.55
2200	76.19
2210	93.59
2220	76.19
2230	76.19
2240	79.06
2245	76.19
2255	66.59
2290	83.72
2300	76.19
2305	80.31
2310	64.55
2400	76.19
2410	76.19
2430	76.19
2450	76.19
2460	76.19
2510	65.52
2620	64.55
2700	76.19
2710	76.19
2740	76.19
2900	82.76
2930	76.19
2990	76.19
3000	75.33
3010	75.33
3020	85.38
3022	76.19
3030	76.19
3040	75.44
3090	79.06
3100	64.55
3110	61.95
3120	62.88
3130	64.55
3140	64.55
3150	76.19
3160	64.55
3170	76.19
3180	64.55
3200	67.12
3300	67.23
3310	67.23
3320	76.19
3330	56.02
3340	76.19
3390	69.40
3405	71.98
3490	76.19
3510	59.70
3520	76.19
3540	76.19
3550	76.19
3590	64.55
3620	76.19
3720	76.19
3930	76.19
4100	53.68
4120	53.68
4125	51.52
4130	53.68
4140	51.52
4200	51.52
4215	71.00
4217	59.88
4220	56.45
4230	62.79
4240	61.16
4250	54.84
4290	53.68
4320	54.84
5100	82.19
5110	75.54
5120	83.58
5190	82.19
5230	77.73
5260	82.19
5320	86.79
5330	82.19
5340	86.79
5360	83.58
5390	83.58
5400	82.19
5420	82.19
6100	91.97
6105	91.97
6110	91.97
6120	91.97
6130	89.91
6140	91.97
6190	91.97
6210	57.06
6300	82.19
6310	96.38
6320	91.12
6420	57.06
6500	69.58
6510	76.87
6520	86.44
6590	86.44
6700	86.69
6710	85.23
6810	57.06
6910	57.06
6990	57.06
7100	57.06
7110	57.06
7130	57.06
7200	65.56
7210	57.06
7300	65.56
7310	57.06
7410	57.06
7500	65.56
7520	91.12
7530	80.37
7600	65.56
7620	57.06
7640	57.06
7900	65.56
7920	57.06
7930	57.06
7990	57.06
8110	71.05
8130	71.05
8200	82.19
8220	82.19
8230	82.19
8250	82.19
8490	82.19
9010	82.19
9150	82.19
9999	63.13
11000	68.25
11010	71.73
11020	71.73
12000	80.01
12100	89.91
12110	95.33
12200	89.91
12210	92.54
12310	87.33
12400	89.91
12410	89.91
12900	89.91
12910	89.91
13000	77.29
13020	64.81
13030	77.29
13100	89.91
13130	89.91
13140	89.91
13170	89.91
13175	89.91
13190	89.91
13200	81.51
13215	67.30
13220	80.52
13230	80.52
13250	71.62
13260	80.52
13270	80.52
13275	80.52
13280	80.52
13290	80.52
13320	60.75
13390	66.22
13420	75.73
13490	75.73
13590	75.73
13900	75.73
13940	76.12
13950	78.61
13960	75.73
13990	70.41
14100	87.97
14120	75.54
14130	63.06
14140	89.91
14190	87.97
14990	62.54
15120	71.80
15900	73.04
15915	87.02
15920	72.08
15930	74.51
15945	74.51
15950	74.51
15960	71.80
15990	74.51
16000	64.48
16100	62.93
16120	62.50
16130	68.16
16150	60.84
16160	60.84
16190	65.25
16200	63.74
16220	61.36
16230	60.84
16240	65.25
16250	60.84
16300	65.25
16310	60.27
16350	65.25
16360	63.74
17000	58.33
17100	66.98
17120	67.37
17130	58.11
17135	58.33
17140	67.37
17145	58.11
17150	58.33
17190	58.11
17200	58.33
17220	58.33
17230	58.33
17300	58.33
17320	58.33
17340	58.11
17420	58.33
17490	58.11
17530	58.11
17540	58.11
17590	61.20
17900	58.33
17920	48.84
17940	58.33
17990	57.43
18000	58.33
18020	58.33
18050	58.11
18090	58.33
19100	82.19
19120	75.54
19130	75.54
19140	75.54
19190	82.19
19200	82.19
19250	82.19
19290	75.54
19300	82.19
19320	82.19
19390	82.19
19400	82.19
19420	82.19
19430	75.54
19490	82.19
19500	82.19
19520	82.19
19530	82.19
19540	82.19
19900	82.19
19950	82.19
19960	82.19
19990	82.19
20100	89.91
20110	94.51
20200	84.95
20210	78.73
21000	66.37
21100	81.33
21110	73.45
21200	73.45
21220	68.33
21230	82.19
21240	66.37
21300	61.33
21320	62.59
21340	66.59
21420	71.37
21430	71.37
21490	71.37
21900	78.05
21940	82.26
21950	70.44
21960	57.79
21970	70.44
21980	70.44
21990	82.04
22000	63.40
22100	63.29
22110	75.69
22190	63.40
22200	63.29
22210	73.55
22220	70.69
22230	70.26
22235	72.06
22240	66.48
22245	66.48
22250	70.26
22265	70.26
22275	70.26
22280	70.26
22290	66.48
22300	63.29
22320	79.23
22330	63.40
22390	79.23
22420	63.27
22425	63.27
22430	63.40
22440	63.40
22450	58.04
22460	62.77
22490	63.40
22520	55.75
22600	55.15
22610	55.75
22620	59.97
22630	59.97
22640	59.97
22650	55.75
22651	59.97
22655	59.97
22660	55.15
22665	59.97
22670	55.54
22675	73.58
22680	67.23
22690	55.75
30000	56.79
31000	77.87
31020	58.97
31030	65.97
31040	66.54
31090	74.18
31940	55.34
32100	61.34
32110	59.16
32120	65.97
32140	61.34
32190	65.40
32220	65.40
33000	68.18
33100	68.18
33110	64.59
33120	65.97
33130	73.37
33135	65.97
33140	65.97
33150	73.37
33160	73.37
33170	73.37
33190	70.91
33900	65.40
33920	65.40
33930	65.40
33940	69.94
33990	65.45
34120	55.11
34230	55.11
36000	58.36
36020	57.50
36040	52.93
36090	53.56
37000	69.09
37010	55.11
37020	65.48
37030	54.52
37040	56.13
37090	58.63
38000	61.34
38020	55.11
38030	53.56
38040	66.05
38090	55.11
39100	60.13
39110	60.13
39120	52.31
39130	60.13
39140	52.31
39150	60.13
39190	60.13
39230	61.34
39310	58.81
39320	62.88
39340	64.88
39350	61.34
39390	65.40
39410	61.34
39440	61.34
39490	61.34
39520	65.40
39530	58.34
39900	65.40
39940	61.34
39960	63.90
39990	62.54
41000	68.37
41020	72.75
41025	69.51
41030	58.22
41035	62.31
41040	58.22
41525	55.86
42200	66.00
42220	66.00
42230	66.00
43100	67.48
43120	67.48
43200	55.61
43220	55.61
43230	68.33
43290	67.48
44100	75.87
44120	73.04
44130	73.81
44140	77.01
44190	72.25
44200	67.48
44220	67.48
44230	65.76
44300	67.48
44320	69.20
44330	67.48
45100	57.77
45120	58.31
45125	58.61
45130	59.38
45140	53.02
45150	57.77
45190	62.79
45220	50.49
45225	53.02
45230	51.59
45240	53.02
45250	53.02
45290	51.20
49020	53.02
49030	57.77
49090	60.00
51000	54.72
51020	62.27
51030	54.72
51040	65.65
51050	58.50
51090	62.68
52000	55.86
52290	55.86
53100	51.27
53120	57.77
53130	54.52
53140	57.77
53150	57.77
53190	57.77
53200	53.77
53210	51.65
53220	51.65
53240	53.77
53250	51.65
53290	51.65
53330	42.88
54000	42.88
54010	42.91
54020	42.91
54030	42.91
54035	45.68
54040	45.68
54050	45.06
54055	50.66
54060	45.68
54090	53.27
55100	54.54
55120	61.34
55125	56.75
55130	63.68
55140	49.52
55190	42.88
55200	45.68
55220	45.68
55230	45.68
55240	49.52
55290	49.43
56000	51.79
56010	49.43
56030	51.79
56040	51.79
56050	51.79
56060	51.79
56065	49.43
56070	51.79
56090	49.43
57000	53.86
57025	51.16
57030	51.16
57070	53.86
57090	51.16
58100	52.81
58110	51.49
58200	61.04
58220	56.74
58225	54.90
58230	56.88
58240	56.88
58300	48.33
58320	78.45
58330	52.13
58340	48.38
58490	58.18
58900	56.88
58920	56.74
58930	63.68
58940	47.93
58990	52.02
59100	61.20
59200	55.54
59220	61.20
59230	61.20
59290	55.86
59900	55.54
59920	55.54
59940	49.58
59950	56.97
59990	61.20
61100	51.79
61110	52.61
61115	50.41
61120	51.79
61220	53.31
61230	58.20
61235	51.90
61240	58.20
61250	53.31
61260	59.41
61270	58.20
61290	57.16
62100	49.93
62105	52.45
62110	52.45
62120	47.56
62200	52.45
62210	51.02
62220	51.02
62230	51.02
62240	51.02
62260	51.02
62290	51.02
62320	50.86
62330	50.86
62390	50.86
62400	52.11
62410	50.90
62420	52.45
62430	49.20
62440	50.90
62460	52.38
62490	52.45
62510	52.45
62520	51.68
62600	50.86
62610	50.86
62660	50.86
62690	50.86
62700	52.45
62720	52.97
62730	52.97
62740	52.45
62790	52.97
62800	50.86
62820	50.86
62920	52.45
62940	53.27
62950	53.27
62960	53.27
62970	53.27
62990	53.27
63100	51.52
63110	52.29
63120	51.52
63130	51.52
63140	52.29
63190	53.13
63200	52.97
63220	54.54
63230	54.54
63250	54.54
63290	51.43
64100	51.77
64120	52.18
64130	51.77
64900	52.97
64920	52.97
64930	53.95
64940	50.33
64960	49.25
64990	53.50
71100	47.41
71105	49.99
71110	45.18
71120	48.34
71125	45.18
71130	47.41
71150	48.34
71160	47.41
71170	46.84
71190	53.99
71200	48.34
71220	52.09
71250	47.41
71290	48.34
71300	45.18
71380	47.41
71390	48.34
72000	47.50
72100	53.74
72120	50.61
72130	50.61
72160	50.61
72170	50.61
72190	47.68
72200	54.41
72220	50.61
72230	50.61
72250	51.43
72260	50.61
72290	50.61
72320	50.61
72330	50.61
72390	51.43
72400	50.61
72420	52.40
72490	53.74
72500	47.50
72520	48.11
72530	50.61
72540	51.43
72555	50.61
72560	48.11
72590	50.61
72600	50.61
72620	50.61
72630	50.61
72640	50.61
72700	50.61
72725	51.43
72730	51.43
72740	50.61
72790	51.43
72800	50.61
72820	51.43
72830	48.11
72890	49.43
72900	50.61
72930	50.61
72940	50.61
72980	51.43
72990	54.08
73100	49.93
73130	49.93
73200	50.58
73210	48.83
73240	50.58
73270	48.83
73290	50.58
73320	50.58
73350	49.93
73360	51.75
73390	51.75
73400	52.75
73430	48.93
73460	48.93
73490	56.56
74100	51.86
74120	53.84
74140	51.58
74200	51.34
74220	51.34
74240	49.99
74400	49.99
74470	56.63
74490	49.99
74500	51.79
74900	51.79
74910	51.79
74920	51.79
74925	51.79
74930	51.79
74990	51.79
75000	51.04
75100	53.02
75115	53.02
75120	53.02
75130	53.02
75135	51.43
75140	53.02
75145	53.02
75150	53.02
75155	53.02
75190	51.43
75220	46.63
75230	50.88
75240	50.88
75250	50.88
75290	46.63
75300	49.09
75320	49.09
75340	47.09
75350	49.09
75390	49.09
75400	44.99
75415	48.25
75420	49.09
75422	49.09
75430	49.09
75432	49.00
75435	47.09
75440	49.09
75445	47.09
75450	49.09
75452	49.09
75455	49.09
75457	49.09
75465	47.20
75470	47.09
75475	49.09
75490	51.15
75500	55.86
75520	47.09
75530	47.09
75535	49.09
75540	49.09
75590	49.09
75600	53.93
75615	53.93
75620	53.93
75622	48.47
75625	53.93
75635	53.93
75650	53.93
75655	53.93
75660	53.93
75670	53.93
75690	53.93
75700	49.09
75710	48.47
75720	49.09
75922	47.09
75925	49.09
75990	59.15
76100	56.72
76125	56.72
76130	56.72
76132	56.72
76145	48.47
76150	48.47
76155	56.72
76190	48.47
76200	48.25
76220	49.09
76230	49.09
76290	49.09
77100	55.88
77120	51.38
77140	56.72
77190	56.47
77200	55.88
77250	55.88
77260	52.34
77290	54.95
77300	55.88
77310	53.15
77320	53.02
77330	55.88
77340	55.88
77390	52.56
77410	56.72
77415	55.88
77440	56.72
77450	55.88
77460	56.72
77490	55.88
77500	51.02
77510	51.02
77530	55.83
77540	55.83
77590	55.83
77600	55.88
77610	51.65
77620	61.29
77630	60.40
77640	56.72
77650	52.34
77660	49.86
77690	59.75
77700	55.88
77750	55.88
77790	55.88
77800	59.38
77810	60.54
77820	59.38
77830	59.38
77835	59.38
77840	59.38
77850	59.38
77860	59.38
77870	59.38
77880	59.38
77890	59.38
77900	55.88
77920	51.24
77940	52.34
77990	55.88
78100	50.24
78120	56.72
78130	56.72
78155	51.16
78170	56.72
78190	55.88
78200	47.61
78290	55.88
78390	50.08
79100	55.50
79120	51.84
79130	48.81
79140	49.31
79190	48.81
79200	48.81
79220	46.97
79290	50.93
79300	51.84
79310	49.70
79320	50.93
79390	57.31
79400	55.59
79420	55.59
79430	55.59
79440	55.59
79450	51.49
79475	51.49
79490	55.59
79500	50.93
79510	48.81
79520	51.84
79550	51.84
79560	51.84
79565	50.93
79590	50.93
79600	48.81
79620	59.16
79630	51.84
79640	46.97
79690	54.52
79900	51.84
79920	56.22
79930	51.84
79990	54.81
80110	46.97
80120	50.93
80130	56.13
80190	48.81
80200	53.25
80220	51.84
80222	51.84
80225	51.84
80245	51.84
80250	51.84
80255	51.84
80290	51.29
80300	51.84
80310	48.81
80320	48.81
80330	48.81
80340	51.84
80360	51.84
80390	51.84
81000	54.20
81100	52.02
81120	51.72
81190	61.09
81200	52.02
81208	52.70
81210	52.02
81220	49.25
81225	49.25
81230	51.52
81250	52.02
81275	52.02
81280	52.70
81290	52.70
81900	48.66
81920	62.63
81925	50.02
81930	46.00
81935	52.70
81940	58.02
81945	59.50
81955	48.66
81960	47.56
81990	47.56
82000	52.16
82020	49.72
82050	51.88
82060	51.88
82070	51.88
82080	60.20
82090	49.72
82710	59.63
83000	50.52
83020	50.52
83100	52.20
83110	50.52
83120	52.20
83130	52.20
83140	52.20
83190	52.20
83200	52.31
83210	50.52
83220	50.52
83240	52.31
83250	52.31
83290	52.20
83300	50.72
83305	52.31
83310	52.20
83320	52.15
83330	52.31
83350	52.31
83360	52.31
83390	54.75
83400	60.33
83410	51.63
83420	50.93
83440	52.31
83450	52.31
83460	52.31
83465	52.31
83490	50.36
83500	52.31
83510	52.20
83520	51.34
83530	50.52
83540	50.72
83550	52.31
83560	52.31
83590	51.90
83900	52.31
83910	52.20
83915	50.52
83920	50.52
83930	50.52
83940	52.31
83960	52.31
83990	45.09
84100	54.36
84105	54.36
84110	57.83
84115	56.43
84125	57.83
84145	57.83
84165	56.43
84170	57.83
84175	56.43
84185	56.43
84190	53.24
84220	61.04
84222	61.95
84225	61.95
84230	61.34
84235	57.83
84240	57.83
84245	57.83
84250	59.61
84300	66.38
84320	54.75
84390	51.75
84400	56.43
84410	56.43
84420	56.43
84900	59.93
84910	57.83
84970	57.83
84975	50.79
84980	54.36
84985	57.83
84990	52.27
85100	55.50
85110	55.33
85120	55.50
85150	55.40
85190	55.40
85200	56.43
85210	56.43
85220	55.50
85320	55.40
85340	56.43
85345	55.40
85420	55.50
85500	56.43
85510	61.02
85560	56.43
85570	55.40
85600	55.40
85620	57.65
85630	55.50
85700	52.29
85730	55.40
85740	56.43
85790	55.40
85990	61.97
86190	56.43
86240	55.50
87105	51.22
87110	59.25
87120	52.36
87130	54.33
87190	54.33
87200	54.33
87210	51.16
87215	54.33
87245	54.33
87250	50.95
87260	55.59
87300	54.61
87310	49.08
87330	51.16
87340	51.04
87350	51.15
87370	50.95
87390	55.59
87400	52.83
87430	54.33
87450	51.09
87462	51.95
87490	55.59
88000	64.15
88010	61.72
88030	61.72
88040	64.15
88050	59.29
88070	64.15
88080	60.83
88090	66.62
89100	52.58
89120	51.70
89128	47.68
89136	47.68
89148	47.68
89156	51.70
89160	47.68
89164	50.36
89190	49.75
89200	47.16
89210	48.41
89215	47.16
89220	47.16
89225	47.16
89230	47.68
89235	47.68
89240	47.68
89242	51.70
89245	47.68
89247	47.68
89290	50.20
89300	47.68
89320	47.68
89330	47.68
89350	48.88
89360	49.02
89390	47.54
89400	47.68
89420	47.68
89430	47.16
89440	47.68
89500	50.25
89520	47.68
89530	51.04
89540	47.68
89550	49.75
89560	47.68
89570	49.75
89590	45.22
89900	47.68
89940	47.68
89990	47.16
90000	53.31
90100	54.40
90200	51.68
91000	58.52
91025	55.47
91030	58.52
91050	58.52
91070	58.52
91075	58.52
91090	58.52
92000	56.81
92100	56.81
92110	54.77
92120	54.77
92130	54.54
92135	56.81
92140	59.08
92155	56.81
92190	56.81
92200	56.81
92225	56.81
92230	59.08
92240	56.81
92250	55.06
92270	56.81
92290	55.43
92300	56.81
92320	59.08
92330	56.81
92400	61.58
92415	54.77
92420	59.08
92430	54.54
92490	56.81
92500	54.54
92520	54.54
92600	56.91
92625	52.84
92690	56.81
92700	56.81
92900	56.43
92930	56.81
92940	56.81
92950	56.81
92990	56.81
93100	50.47
93120	50.47
93190	58.88
93900	54.11
93920	50.47
93950	54.11
93960	54.11
93990	61.16
94100	59.79
94120	55.47
94140	52.50
94160	55.47
94170	55.47
94180	55.47
94190	59.04
94200	55.47
94220	55.47
94230	55.47
94240	47.52
94250	47.20
94290	53.27
94320	52.50
94900	59.63
94920	49.70
94940	49.70
94960	55.47
94980	71.93
94990	55.47
95000	50.00
95100	49.43
95120	49.15
95125	52.29
95130	50.00
95135	45.90
95140	46.13
95145	51.02
95150	49.43
95155	52.29
95160	51.18
95190	54.29
95210	50.00
95220	51.02
95230	51.02
95240	49.43
95250	51.02
95290	52.29
95300	44.84
95320	50.00
95340	51.02
95350	51.02
95360	44.29
95390	51.02
95400	52.29
95410	50.00
95415	52.29
95420	50.00
95440	46.34
95445	52.29
95450	49.18
95455	50.00
95475	51.02
95490	52.29
95500	51.02
95510	48.97
95520	51.02
95530	51.02
95590	51.06
95600	52.29
95700	51.02
95720	50.00
95750	52.29
95790	52.29
95910	61.65
95920	51.02
95925	56.99
95930	51.02
95940	52.29
95945	49.43
95950	49.43
95955	51.02
95960	49.43
95970	51.02
95990	56.29
96100	49.09
96190	47.88
96900	47.38
96910	47.38
96925	49.38
96930	47.54
96940	49.09
96950	49.38
96990	49.09
97100	51.36
97105	50.22
97120	50.22
97125	51.25
97130	50.86
97145	50.22
97150	49.22
97152	50.22
97155	50.22
97160	49.22
97190	50.45
97200	49.22
97205	49.22
97210	49.22
97230	48.11
97300	49.22
97315	52.09
97340	49.22
97345	48.15
97350	48.11
97355	53.29
97390	48.11
97400	48.11
97415	50.22
97435	50.45
97440	48.11
97450	49.22
97460	49.22
97470	48.11
97475	49.22
97900	49.22
97990	49.22
98000	51.20
98100	56.61
98120	50.41
98130	51.47
98135	44.59
98140	51.47
98190	44.81
98220	49.25
98230	50.45
98290	51.20
98300	50.45
98320	53.63
98330	47.36
98390	51.20
98400	51.20
98420	51.93
98430	47.36
98440	53.31
98500	52.81
98520	48.02
98530	56.31
98540	47.36
98550	52.47
98555	48.70
98590	50.22
98600	56.59
98620	47.36
98630	51.20
98690	47.36
98840	50.66
98930	51.81
98940	50.99
98950	51.47
98990	47.36
99020	49.27
99900	54.50
99910	47.88
99920	47.29
99930	51.43
