ISCO88	STDEMPST	MCAMSIS	FCAMSIS	ISEI	TREI
0	0	54.35	-999	-999	-999
0	1	54.35	-999	-999	-999
0	6	54.35	-999	-999	-999
1	0	80.77	94.1	-999	-999
1	1	76.97	95.17	-999	-999
1	6	82.17	93.86	-999	-999
2	0	89.91	85.2	-999	-999
2	1	94.77	97.24	-999	-999
2	6	89.22	84.78	-999	-999
3	0	61.32	62.51	-999	-999
3	1	67.08	66.18	-999	-999
3	6	60.72	62.32	-999	-999
4	0	47.39	55	-999	-999
4	1	50.95	67.11	-999	-999
4	6	47.34	54.67	-999	-999
5	0	49.32	45.44	-999	-999
5	1	55.01	53.24	-999	-999
5	6	48.01	44.52	-999	-999
6	0	40.13	36.16	-999	-999
6	1	40.45	36.23	-999	-999
6	6	37.66	35.49	-999	-999
7	0	44.02	40.98	-999	-999
7	1	51.5	47.55	-999	-999
7	6	43.09	40.3	-999	-999
8	0	40.52	40.05	-999	-999
8	1	49.75	52.67	-999	-999
8	6	39.56	39.71	-999	-999
9	0	37.7	38.81	-999	-999
9	1	38.15	37.07	-999	-999
9	6	37.69	38.85	-999	-999
10	0	80.77	94.1	-999	-999
10	1	76.97	95.17	-999	-999
10	6	82.17	93.86	-999	-999
11	0	82.6	97.06	-999	-999
11	1	82.6	97.06	-999	-999
11	6	82.6	97.06	-999	-999
12	0	80.8	94.1	-999	-999
12	1	77.22	96.79	-999	-999
12	6	81	94.05	-999	-999
13	0	80.49	93.41	-999	-999
13	1	76.95	95.1	-999	-999
13	6	83.39	92.13	-999	-999
20	0	89.91	85.2	-999	-999
20	1	94.77	97.24	-999	-999
20	6	89.22	84.78	-999	-999
21	0	88.8	94.95	-999	-999
21	1	99	94.95	-999	-999
21	6	86.33	94.95	-999	-999
22	0	99	95.09	-999	-999
22	1	99	93.83	-999	-999
22	6	99	95.11	-999	-999
23	0	80.53	76.9	-999	-999
23	1	74.04	82.02	-999	-999
23	6	80.75	76.84	-999	-999
24	0	93.89	97.1	-999	-999
24	1	88.73	99	-999	-999
24	6	95.47	96.57	-999	-999
30	0	61.32	62.51	-999	-999
30	1	67.08	66.18	-999	-999
30	6	60.72	62.32	-999	-999
31	0	59.48	60.1	-999	-999
31	1	69.35	58.4	-999	-999
31	6	58.76	60.16	-999	-999
32	0	54.48	62.1	-999	-999
32	1	54.44	65.56	-999	-999
32	6	54.49	62.04	-999	-999
33	0	60.01	58.7	-999	-999
33	1	60.01	60.61	-999	-999
33	6	60.01	58.66	-999	-999
34	0	64.35	63.66	-999	-999
34	1	67	67.43	-999	-999
34	6	63.97	63.41	-999	-999
40	0	47.39	55	-999	-999
40	1	50.95	67.11	-999	-999
40	6	47.34	54.67	-999	-999
41	0	46.36	55.74	-999	-999
41	1	48.88	67.11	-999	-999
41	6	46.33	55.38	-999	-999
42	0	53.14	52.12	-999	-999
42	1	55.09	67.11	-999	-999
42	6	53.08	51.92	-999	-999
50	0	49.32	45.44	-999	-999
50	1	55.01	53.24	-999	-999
50	6	48.01	44.52	-999	-999
51	0	45.32	44.46	-999	-999
51	1	46.77	50.81	-999	-999
51	6	45.01	43.53	-999	-999
52	0	58.15	46.83	-999	-999
52	1	69.48	58.96	-999	-999
52	6	54.98	45.82	-999	-999
60	0	40.13	36.16	-999	-999
60	1	40.45	36.23	-999	-999
60	6	37.66	35.49	-999	-999
61	0	40.13	36.16	-999	-999
61	1	40.45	36.23	-999	-999
61	6	37.66	35.49	-999	-999
62	0	40.13	36.16	-999	-999
62	1	40.45	36.23	-999	-999
62	6	37.66	35.49	-999	-999
70	0	44.02	40.98	-999	-999
70	1	51.5	47.55	-999	-999
70	6	43.09	40.3	-999	-999
71	0	40.39	40.41	-999	-999
71	1	48.33	48.64	-999	-999
71	6	39.03	39.55	-999	-999
72	0	46.03	39.22	-999	-999
72	1	53.93	48.64	-999	-999
72	6	45.39	38.55	-999	-999
73	0	44.13	43.79	-999	-999
73	1	55.11	48.64	-999	-999
73	6	42.26	43.38	-999	-999
74	0	43.68	40.92	-999	-999
74	1	51.78	46.95	-999	-999
74	6	42.22	40.18	-999	-999
75	0	44.02	40.98	-999	-999
75	1	51.5	47.55	-999	-999
75	6	43.09	40.3	-999	-999
80	0	40.52	40.05	-999	-999
80	1	49.75	52.67	-999	-999
80	6	39.56	39.71	-999	-999
81	0	38.76	42.4	-999	-999
81	1	54.77	52.67	-999	-999
81	6	38.27	42.01	-999	-999
82	0	39.41	39.88	-999	-999
82	1	54.77	52.67	-999	-999
82	6	38.59	39.64	-999	-999
83	0	42.12	45.72	-999	-999
83	1	47.88	52.67	-999	-999
83	6	41.07	39.27	-999	-999
84	0	40.52	40.05	-999	-999
84	1	49.75	52.67	-999	-999
84	6	39.56	39.71	-999	-999
90	0	37.7	38.81	-999	-999
90	1	38.15	37.07	-999	-999
90	6	37.69	38.85	-999	-999
91	0	37.91	38.29	-999	-999
91	1	38.23	38.86	-999	-999
91	6	37.91	38.27	-999	-999
92	0	30.9	32.46	-999	-999
92	1	30.9	32.46	-999	-999
92	6	30.9	32.46	-999	-999
93	0	38.06	39.67	-999	-999
93	1	38.11	39.43	-999	-999
93	6	38.05	39.67	-999	-999
100	0	80.77	94.1	-999	-999
100	1	76.97	95.17	-999	-999
100	6	82.17	93.86	-999	-999
110	0	54.35	-999	-999	-999
110	1	54.35	-999	-999	-999
110	6	54.35	-999	-999	-999
111	0	82.6	97.06	-999	-999
111	1	82.6	95.17	-999	-999
111	6	82.6	97.06	-999	-999
112	0	82.6	97.06	-999	-999
112	1	82.6	97.06	-999	-999
112	6	82.6	97.06	-999	-999
113	0	82.6	97.06	-999	-999
113	1	82.6	97.06	-999	-999
113	6	82.6	97.06	-999	-999
114	0	82.6	97.06	-999	-999
114	1	82.6	97.06	-999	-999
114	6	82.6	97.06	-999	-999
115	0	82.6	97.06	-999	-999
115	1	76.97	95.17	-999	-999
115	6	82.6	97.06	-999	-999
116	0	82.6	97.06	-999	-999
116	1	76.97	95.17	-999	-999
116	6	82.6	97.06	-999	-999
120	0	80.8	94.1	-999	-999
120	1	77.22	96.79	-999	-999
120	6	81	94.05	-999	-999
121	0	80.8	94.1	-999	-999
121	1	77.22	96.79	-999	-999
121	6	81	94.05	-999	-999
122	0	73.85	98.25	-999	-999
122	1	74.16	96.79	-999	-999
122	6	73.84	98.33	-999	-999
123	0	90.76	92.21	-999	-999
123	1	78.45	92.21	-999	-999
123	6	92.05	92.21	-999	-999
124	0	80.8	94.1	-999	-999
124	1	77.22	96.79	-999	-999
124	6	81	94.05	-999	-999
125	0	80.8	94.1	-999	-999
125	1	77.22	96.79	-999	-999
125	6	81	94.05	-999	-999
130	0	80.49	93.41	-999	-999
130	1	76.95	95.1	-999	-999
130	6	83.39	92.13	-999	-999
131	0	80.49	93.41	-999	-999
131	1	76.95	95.1	-999	-999
131	6	83.39	92.13	-999	-999
200	0	89.91	85.2	-999	-999
200	1	94.77	97.24	-999	-999
200	6	89.22	84.78	-999	-999
210	0	88.8	94.95	-999	-999
210	1	99	94.95	-999	-999
210	6	86.33	94.95	-999	-999
211	0	77.34	94.95	-999	-999
211	1	77.34	94.95	-999	-999
211	6	77.34	94.95	-999	-999
212	0	77.34	94.95	-999	-999
212	1	77.34	94.95	-999	-999
212	6	77.34	94.95	-999	-999
213	0	90.01	94.95	-999	-999
213	1	99	94.95	-999	-999
213	6	87.75	94.95	-999	-999
214	0	89.04	94.95	-999	-999
214	1	99	94.95	-999	-999
214	6	86.48	94.95	-999	-999
220	0	99	95.09	-999	-999
220	1	99	93.83	-999	-999
220	6	99	95.11	-999	-999
221	0	99	96.32	-999	-999
221	1	99	96.32	-999	-999
221	6	99	96.32	-999	-999
222	0	96.69	94.73	-999	-999
222	1	96.69	93.83	-999	-999
222	6	96.69	94.74	-999	-999
223	0	99	96.32	-999	-999
223	1	99	96.32	-999	-999
223	6	99	96.32	-999	-999
230	0	80.53	76.9	-999	-999
230	1	74.04	82.02	-999	-999
230	6	80.75	76.84	-999	-999
231	0	99	99	-999	-999
231	1	99	99	-999	-999
231	6	99	99	-999	-999
232	0	65.91	99	-999	-999
232	1	65.91	99	-999	-999
232	6	65.91	99	-999	-999
233	0	78.39	71.24	-999	-999
233	1	82.18	74.89	-999	-999
233	6	78.29	71.2	-999	-999
234	0	65.91	99	-999	-999
234	1	65.91	99	-999	-999
234	6	65.91	99	-999	-999
235	0	65.91	99	-999	-999
235	1	65.91	99	-999	-999
235	6	65.91	99	-999	-999
240	0	93.89	97.1	-999	-999
240	1	88.73	99	-999	-999
240	6	95.47	96.57	-999	-999
241	0	89.25	97.26	-999	-999
241	1	89.25	97.26	-999	-999
241	6	89.25	97.26	-999	-999
242	0	89.18	97.06	-999	-999
242	1	89.18	97.06	-999	-999
242	6	89.18	97.06	-999	-999
243	0	92.81	90.42	-999	-999
243	1	92.81	90.42	-999	-999
243	6	92.81	90.42	-999	-999
244	0	92.81	88.46	-999	-999
244	1	92.81	90.42	-999	-999
244	6	92.81	88.38	-999	-999
245	0	99	99	-999	-999
245	1	87.33	99	-999	-999
245	6	99	99	-999	-999
246	0	87.33	97.1	-999	-999
246	1	87.33	99	-999	-999
246	6	87.33	96.57	-999	-999
247	0	93.89	97.1	-999	-999
247	1	88.73	99	-999	-999
247	6	95.47	96.57	-999	-999
300	0	61.32	62.51	-999	-999
300	1	67.08	66.18	-999	-999
300	6	60.72	62.32	-999	-999
310	0	59.48	60.1	-999	-999
310	1	69.35	58.4	-999	-999
310	6	58.76	60.16	-999	-999
311	0	58.18	59.95	-999	-999
311	1	69.01	55.32	-999	-999
311	6	57.49	60.04	-999	-999
312	0	64.98	61.47	-999	-999
312	1	70.35	61.47	-999	-999
312	6	64.09	61.47	-999	-999
313	0	73.4	61.47	-999	-999
313	1	70.35	61.47	-999	-999
313	6	73.93	61.47	-999	-999
314	0	58.96	54.24	-999	-999
314	1	58.96	54.24	-999	-999
314	6	58.96	54.24	-999	-999
315	0	66.16	54.24	-999	-999
315	1	66.16	54.24	-999	-999
315	6	66.16	54.24	-999	-999
316	0	59.48	60.1	-999	-999
316	1	69.35	58.4	-999	-999
316	6	58.76	60.16	-999	-999
320	0	54.48	62.1	-999	-999
320	1	54.44	65.56	-999	-999
320	6	54.49	62.04	-999	-999
321	0	47.68	54.24	-999	-999
321	1	47.68	54.24	-999	-999
321	6	47.68	54.24	-999	-999
322	0	57.82	68.62	-999	-999
322	1	57.82	75.02	-999	-999
322	6	57.82	68.39	-999	-999
323	0	57.82	59.86	-999	-999
323	1	57.82	59.86	-999	-999
323	6	57.82	59.86	-999	-999
324	0	57.82	62.1	-999	-999
324	1	57.82	65.56	-999	-999
324	6	57.82	62.04	-999	-999
330	0	60.01	58.7	-999	-999
330	1	60.01	60.61	-999	-999
330	6	60.01	58.66	-999	-999
331	0	60.01	75.61	-999	-999
331	1	60.01	75.61	-999	-999
331	6	60.01	75.61	-999	-999
332	0	60.01	55.61	-999	-999
332	1	60.01	55.61	-999	-999
332	6	60.01	55.61	-999	-999
333	0	60.01	75.61	-999	-999
333	1	60.01	75.61	-999	-999
333	6	60.01	75.61	-999	-999
334	0	60.01	75.61	-999	-999
334	1	60.01	75.61	-999	-999
334	6	60.01	75.61	-999	-999
340	0	64.35	63.66	-999	-999
340	1	67	67.43	-999	-999
340	6	63.97	63.41	-999	-999
341	0	68.38	64.82	-999	-999
341	1	73.59	61.64	-999	-999
341	6	67.46	65.11	-999	-999
342	0	60.39	59.31	-999	-999
342	1	59.95	64.37	-999	-999
342	6	60.48	58.38	-999	-999
343	0	64.45	62.82	-999	-999
343	1	59.95	76.16	-999	-999
343	6	64.73	62.33	-999	-999
344	0	60.33	66.74	-999	-999
344	1	60.33	66.74	-999	-999
344	6	60.33	66.74	-999	-999
345	0	57.61	66.74	-999	-999
345	1	57.61	66.74	-999	-999
345	6	57.61	66.74	-999	-999
346	0	57.61	62.64	-999	-999
346	1	57.61	62.64	-999	-999
346	6	57.61	62.64	-999	-999
347	0	61.38	81.39	-999	-999
347	1	61.38	81.39	-999	-999
347	6	61.38	81.39	-999	-999
348	0	64.35	63.66	-999	-999
348	1	67	67.43	-999	-999
348	6	63.97	63.41	-999	-999
349	0	64.35	63.66	-999	-999
349	1	67	67.43	-999	-999
349	6	63.97	63.41	-999	-999
400	0	47.39	55	-999	-999
400	1	50.95	67.11	-999	-999
400	6	47.34	54.67	-999	-999
410	0	46.36	55.74	-999	-999
410	1	48.88	67.11	-999	-999
410	6	46.33	55.38	-999	-999
411	0	52.05	55.93	-999	-999
411	1	52.06	67.11	-999	-999
411	6	52.05	55.52	-999	-999
412	0	51.34	58.79	-999	-999
412	1	51.34	67.11	-999	-999
412	6	51.34	58.6	-999	-999
413	0	45.7	47.79	-999	-999
413	1	45.7	67.11	-999	-999
413	6	45.7	47.42	-999	-999
414	0	41.64	55.71	-999	-999
414	1	41.64	67.11	-999	-999
414	6	41.64	55.2	-999	-999
419	0	46.36	61.35	-999	-999
419	1	48.88	61.35	-999	-999
419	6	46.33	61.35	-999	-999
420	0	53.14	52.12	-999	-999
420	1	55.09	67.11	-999	-999
420	6	53.08	51.92	-999	-999
421	0	55.09	52.35	-999	-999
421	1	55.09	67.11	-999	-999
421	6	55.09	52.07	-999	-999
422	0	49.15	51.51	-999	-999
422	1	49.15	51.51	-999	-999
422	6	49.15	51.51	-999	-999
500	0	49.32	45.44	-999	-999
500	1	55.01	53.24	-999	-999
500	6	48.01	44.52	-999	-999
510	0	45.32	44.46	-999	-999
510	1	46.77	50.81	-999	-999
510	6	45.01	43.53	-999	-999
511	0	43.98	45.82	-999	-999
511	1	43.98	45.82	-999	-999
511	6	43.98	45.82	-999	-999
512	0	45.61	43.09	-999	-999
512	1	44.95	41.13	-999	-999
512	6	45.98	43.3	-999	-999
513	0	43.98	43.9	-999	-999
513	1	43.98	58.96	-999	-999
513	6	43.98	42.87	-999	-999
514	0	55.25	55.91	-999	-999
514	1	57.13	66.27	-999	-999
514	6	43.98	46.7	-999	-999
515	0	45.32	44.46	-999	-999
515	1	46.77	50.81	-999	-999
515	6	45.01	43.53	-999	-999
516	0	44.6	66.74	-999	-999
516	1	42.27	66.74	-999	-999
516	6	44.61	66.74	-999	-999
520	0	58.15	46.83	-999	-999
520	1	69.48	58.96	-999	-999
520	6	54.98	45.82	-999	-999
521	0	58.15	50.2	-999	-999
521	1	69.48	58.96	-999	-999
521	6	54.98	45.82	-999	-999
522	0	58.03	46.78	-999	-999
522	1	69.48	58.96	-999	-999
522	6	54.98	45.82	-999	-999
523	0	62.23	50.2	-999	-999
523	1	69.48	58.96	-999	-999
523	6	54.98	45.82	-999	-999
600	0	40.13	36.16	-999	-999
600	1	40.45	36.23	-999	-999
600	6	37.66	35.49	-999	-999
610	0	40.13	36.16	-999	-999
610	1	40.45	36.23	-999	-999
610	6	37.66	35.49	-999	-999
611	0	36.64	36.82	-999	-999
611	1	34.89	37.69	-999	-999
611	6	43.22	35.16	-999	-999
612	0	35.16	35.2	-999	-999
612	1	35.36	35.04	-999	-999
612	6	34.08	36.08	-999	-999
613	0	42.71	36.16	-999	-999
613	1	42.82	36.16	-999	-999
613	6	34.08	36.08	-999	-999
614	0	36.86	36.1	-999	-999
614	1	42.82	36.16	-999	-999
614	6	35.51	36.08	-999	-999
615	0	40.38	36.16	-999	-999
615	1	42.82	36.16	-999	-999
615	6	35.51	36.16	-999	-999
620	0	40.13	36.16	-999	-999
620	1	40.45	36.23	-999	-999
620	6	37.66	35.49	-999	-999
621	0	40.13	36.16	-999	-999
621	1	40.45	36.23	-999	-999
621	6	37.66	35.49	-999	-999
625	0	40.13	36.16	-999	-999
625	1	40.45	36.23	-999	-999
625	6	37.66	35.49	-999	-999
700	0	44.02	40.98	-999	-999
700	1	51.5	47.55	-999	-999
700	6	43.09	40.3	-999	-999
710	0	40.39	40.41	-999	-999
710	1	48.33	48.64	-999	-999
710	6	39.03	39.55	-999	-999
711	0	38.95	42.58	-999	-999
711	1	47.2	48.64	-999	-999
711	6	38.21	39.55	-999	-999
712	0	37.77	39.55	-999	-999
712	1	47.2	39.55	-999	-999
712	6	36.62	39.55	-999	-999
713	0	43.22	39.55	-999	-999
713	1	50.67	39.55	-999	-999
713	6	41.49	39.55	-999	-999
714	0	42.22	40.06	-999	-999
714	1	46.08	48.64	-999	-999
714	6	41.29	39.55	-999	-999
720	0	46.03	39.22	-999	-999
720	1	53.93	48.64	-999	-999
720	6	45.39	38.55	-999	-999
721	0	40.49	35.01	-999	-999
721	1	49.87	48.64	-999	-999
721	6	39.7	34.51	-999	-999
722	0	44.59	38.61	-999	-999
722	1	57.91	38.61	-999	-999
722	6	42.48	38.61	-999	-999
723	0	46.23	34.24	-999	-999
723	1	50.07	48.64	-999	-999
723	6	46.02	33.28	-999	-999
724	0	51.44	44.95	-999	-999
724	1	58.18	48.64	-999	-999
724	6	50.85	44.37	-999	-999
730	0	44.13	43.79	-999	-999
730	1	55.11	48.64	-999	-999
730	6	42.26	43.38	-999	-999
731	0	43.87	41.94	-999	-999
731	1	55.11	48.64	-999	-999
731	6	40.5	40.59	-999	-999
732	0	39.19	40.59	-999	-999
732	1	55.11	40.59	-999	-999
732	6	36.92	40.59	-999	-999
733	0	55.11	44.62	-999	-999
733	1	55.11	48.64	-999	-999
733	6	55.11	40.59	-999	-999
734	0	50.73	46.62	-999	-999
734	1	55.11	48.64	-999	-999
734	6	50.23	46.5	-999	-999
740	0	43.68	40.92	-999	-999
740	1	51.78	46.95	-999	-999
740	6	42.22	40.18	-999	-999
741	0	44.8	36.37	-999	-999
741	1	47.56	36.37	-999	-999
741	6	44.6	36.37	-999	-999
742	0	43.55	41.02	-999	-999
742	1	54.6	48.64	-999	-999
742	6	41.24	39.45	-999	-999
743	0	42.5	43.65	-999	-999
743	1	42.5	48.64	-999	-999
743	6	42.5	43.04	-999	-999
744	0	42.5	33.08	-999	-999
744	1	42.5	48.64	-999	-999
744	6	42.5	32.49	-999	-999
750	0	44.02	40.98	-999	-999
750	1	51.5	47.55	-999	-999
750	6	43.09	40.3	-999	-999
751	0	44.02	40.98	-999	-999
751	1	51.5	47.55	-999	-999
751	6	43.09	40.3	-999	-999
752	0	44.02	40.98	-999	-999
752	1	51.5	47.55	-999	-999
752	6	43.09	40.3	-999	-999
753	0	44.02	40.98	-999	-999
753	1	51.5	47.55	-999	-999
753	6	43.09	40.3	-999	-999
800	0	40.52	40.05	-999	-999
800	1	49.75	52.67	-999	-999
800	6	39.56	39.71	-999	-999
810	0	38.76	42.4	-999	-999
810	1	54.77	52.67	-999	-999
810	6	38.27	42.01	-999	-999
811	0	35.56	39.27	-999	-999
811	1	35.56	39.27	-999	-999
811	6	35.56	39.27	-999	-999
812	0	35.56	39.27	-999	-999
812	1	35.56	39.27	-999	-999
812	6	35.56	39.27	-999	-999
813	0	36.97	39.27	-999	-999
813	1	36.97	39.27	-999	-999
813	6	36.97	39.27	-999	-999
814	0	37.86	45.38	-999	-999
814	1	54.77	52.67	-999	-999
814	6	37.37	45.09	-999	-999
815	0	36.97	41.95	-999	-999
815	1	36.97	52.67	-999	-999
815	6	36.97	39.27	-999	-999
816	0	42.92	39.27	-999	-999
816	1	54.77	39.27	-999	-999
816	6	41.87	39.27	-999	-999
817	0	44.27	42.4	-999	-999
817	1	44.27	52.67	-999	-999
817	6	44.27	42.01	-999	-999
818	0	38.76	42.4	-999	-999
818	1	54.77	52.67	-999	-999
818	6	38.27	42.01	-999	-999
820	0	39.41	39.88	-999	-999
820	1	54.77	52.67	-999	-999
820	6	38.59	39.64	-999	-999
821	0	38.06	38.62	-999	-999
821	1	54.77	52.67	-999	-999
821	6	37.24	37.68	-999	-999
822	0	37.26	42.47	-999	-999
822	1	37.26	52.67	-999	-999
822	6	37.26	41.98	-999	-999
823	0	39.46	43.51	-999	-999
823	1	54.77	52.67	-999	-999
823	6	36.52	43.27	-999	-999
824	0	41.76	36.67	-999	-999
824	1	54.77	36.67	-999	-999
824	6	41.09	36.67	-999	-999
825	0	44.8	42.91	-999	-999
825	1	54.77	52.67	-999	-999
825	6	44.27	42.47	-999	-999
826	0	38.89	39.6	-999	-999
826	1	54.77	52.67	-999	-999
826	6	37.58	39.44	-999	-999
827	0	42.26	35.92	-999	-999
827	1	42.26	52.67	-999	-999
827	6	42.26	35.04	-999	-999
828	0	39.59	41.12	-999	-999
828	1	54.77	52.67	-999	-999
828	6	39.11	41.05	-999	-999
829	0	37.24	41.2	-999	-999
829	1	37.24	52.67	-999	-999
829	6	37.24	40.92	-999	-999
830	0	42.12	45.72	-999	-999
830	1	47.88	52.67	-999	-999
830	6	41.07	39.27	-999	-999
831	0	42.03	39.27	-999	-999
831	1	50.9	39.27	-999	-999
831	6	41.91	39.27	-999	-999
832	0	45.33	46.64	-999	-999
832	1	50.9	52.67	-999	-999
832	6	43.83	39.27	-999	-999
833	0	35.57	44.63	-999	-999
833	1	32.08	52.67	-999	-999
833	6	35.89	39.27	-999	-999
834	0	42.27	45.72	-999	-999
834	1	42.27	52.67	-999	-999
834	6	42.27	39.27	-999	-999
840	0	40.52	40.05	-999	-999
840	1	49.75	52.67	-999	-999
840	6	39.56	39.71	-999	-999
900	0	37.7	38.81	-999	-999
900	1	38.15	37.07	-999	-999
900	6	37.69	38.85	-999	-999
910	0	37.91	38.29	-999	-999
910	1	38.23	38.86	-999	-999
910	6	37.91	38.27	-999	-999
911	0	37.91	38	-999	-999
911	1	38.23	38	-999	-999
911	6	37.91	38	-999	-999
912	0	37.91	38.29	-999	-999
912	1	38.23	38.86	-999	-999
912	6	37.91	38.27	-999	-999
913	0	41.37	38.2	-999	-999
913	1	41.37	38.86	-999	-999
913	6	41.37	38.18	-999	-999
914	0	38.36	39.49	-999	-999
914	1	38.36	39.49	-999	-999
914	6	38.36	39.49	-999	-999
915	0	37.15	39.49	-999	-999
915	1	37.96	39.49	-999	-999
915	6	37.13	39.49	-999	-999
916	0	35.37	38	-999	-999
916	1	35.37	38	-999	-999
916	6	35.37	38	-999	-999
920	0	30.9	32.46	-999	-999
920	1	38.15	32.46	-999	-999
920	6	30.9	32.46	-999	-999
921	0	30.9	32.46	-999	-999
921	1	30.9	32.46	-999	-999
921	6	30.9	32.46	-999	-999
930	0	38.06	39.67	-999	-999
930	1	38.11	39.43	-999	-999
930	6	38.05	39.67	-999	-999
931	0	39.55	38	-999	-999
931	1	38.72	38	-999	-999
931	6	39.57	38	-999	-999
932	0	39.26	39.85	-999	-999
932	1	39.13	39.43	-999	-999
932	6	39.26	39.86	-999	-999
933	0	35.16	38	-999	-999
933	1	30.13	38	-999	-999
933	6	35.2	38	-999	-999
1000	0	80.77	94.1	55	51
1000	1	76.97	95.17	55	51
1000	6	82.17	93.86	55	51
1100	0	82.6	97.06	70	67
1100	1	76.97	95.17	70	67
1100	6	82.6	97.06	70	67
1110	0	82.6	97.06	77	64
1110	1	82.6	95.17	77	64
1110	6	82.6	97.06	77	64
1120	0	82.6	97.06	77	71
1120	1	82.6	97.06	77	71
1120	6	82.6	97.06	77	71
1130	0	82.6	97.06	66	63
1130	1	82.6	97.06	66	63
1130	6	82.6	97.06	66	63
1140	0	82.6	97.06	58	63
1140	1	82.6	97.06	58	63
1140	6	82.6	97.06	58	63
1141	0	82.6	97.06	58	63
1141	1	82.6	97.06	58	63
1141	6	82.6	97.06	58	63
1142	0	82.6	97.06	58	63
1142	1	82.6	97.06	58	63
1142	6	82.6	97.06	58	63
1143	0	82.6	97.06	58	63
1143	1	82.6	97.06	58	63
1143	6	82.6	97.06	58	63
1150	0	82.6	97.06	-999	-999
1150	1	76.97	95.17	-999	-999
1150	6	82.6	97.06	-999	-999
1160	0	82.6	97.06	-999	-999
1160	1	76.97	95.17	-999	-999
1160	6	82.6	97.06	-999	-999
1200	0	80.8	94.1	68	60
1200	1	77.22	96.79	68	60
1200	6	81	94.05	68	60
1210	0	80.8	94.1	70	70
1210	1	77.22	96.79	70	70
1210	6	81	94.05	70	70
1220	0	73.85	98.25	67	63
1220	1	74.16	96.79	67	63
1220	6	73.84	98.33	67	63
1221	0	75.17	98.25	67	60
1221	1	74.16	96.79	67	60
1221	6	75.17	98.33	67	60
1222	0	74.74	98.42	67	60
1222	1	78.45	96.79	67	60
1222	6	74.64	98.42	67	60
1223	0	75.17	98.25	67	60
1223	1	74.16	96.79	67	60
1223	6	75.17	98.33	67	60
1224	0	68.72	96.79	59	60
1224	1	69.86	96.79	59	60
1224	6	68.56	98.33	59	60
1225	0	68.56	96.79	59	60
1225	1	74.16	96.79	59	60
1225	6	68.56	96.79	59	60
1226	0	75.17	98.42	59	60
1226	1	74.16	96.79	59	60
1226	6	75.17	98.42	59	60
1227	0	75.17	98.42	87	60
1227	1	74.16	96.79	87	60
1227	6	75.17	98.42	87	60
1228	0	75.17	98.25	59	60
1228	1	74.16	96.79	59	60
1228	6	75.17	98.33	59	60
1229	0	75.17	98.42	67	60
1229	1	74.16	96.79	67	60
1229	6	75.17	98.42	67	60
1230	0	90.76	92.21	61	60
1230	1	78.45	96.79	61	60
1230	6	92.05	92.21	61	60
1231	0	92.05	92.21	69	60
1231	1	78.45	92.21	69	60
1231	6	92.05	92.21	69	60
1232	0	92.05	92.21	69	60
1232	1	78.45	92.21	69	60
1232	6	92.05	92.21	69	60
1233	0	83.89	92.21	56	60
1233	1	78.45	92.21	56	60
1233	6	92.05	92.21	56	60
1234	0	92.05	92.21	69	60
1234	1	78.45	96.79	69	60
1234	6	92.05	92.21	69	60
1235	0	87.52	92.21	69	60
1235	1	78.45	96.79	69	60
1235	6	92.05	92.21	69	60
1236	0	92.05	92.21	69	60
1236	1	78.45	92.21	69	60
1236	6	92.05	92.21	69	60
1237	0	92.05	92.21	69	60
1237	1	78.45	92.21	69	60
1237	6	92.05	92.21	69	60
1239	0	90.81	92.21	69	60
1239	1	78.45	92.21	69	60
1239	6	92.05	92.21	69	60
1240	0	80.8	94.1	58	55
1240	1	77.22	96.79	58	55
1240	6	81	94.05	58	55
1250	0	80.8	94.1	64	65
1250	1	77.22	96.79	64	65
1250	6	81	94.05	64	65
1251	0	80.8	94.1	70	73
1251	1	77.22	96.79	70	73
1251	6	81	94.05	70	73
1252	0	80.8	94.1	60	63
1252	1	77.22	96.79	60	63
1252	6	81	94.05	60	63
1300	0	80.49	93.41	51	50
1300	1	76.95	95.1	51	50
1300	6	83.39	92.13	51	50
1310	0	80.49	93.41	51	50
1310	1	76.95	95.1	51	50
1310	6	83.39	92.13	51	50
1311	0	81.52	92.13	43	47
1311	1	76.95	95.1	43	47
1311	6	81.52	92.13	43	47
1312	0	87.07	92.13	56	52
1312	1	78.45	92.13	56	52
1312	6	92.3	92.13	56	52
1313	0	79.57	92.13	51	52
1313	1	78.45	92.13	51	52
1313	6	81.52	92.13	51	52
1314	0	69.54	96.79	49	46
1314	1	69.86	96.79	49	46
1314	6	68.56	92.13	49	46
1315	0	68.91	96.79	44	38
1315	1	69.86	96.79	44	38
1315	6	68.56	92.13	44	38
1316	0	80.5	92.13	51	52
1316	1	78.45	95.1	51	52
1316	6	81.52	92.13	51	52
1317	0	91.23	92.13	51	52
1317	1	91.23	92.13	51	52
1317	6	91.23	92.13	51	52
1318	0	79.33	93.41	51	52
1318	1	78.45	95.1	51	52
1318	6	81.52	92.13	51	52
1319	0	81.52	92.13	51	52
1319	1	76.95	92.13	51	52
1319	6	81.52	92.13	51	52
2000	0	89.91	85.2	70	62
2000	1	94.77	97.24	70	62
2000	6	89.22	84.78	70	62
2100	0	88.8	94.95	69	63
2100	1	99	94.95	69	63
2100	6	86.33	94.95	69	63
2110	0	77.34	94.95	74	69
2110	1	99	94.95	74	69
2110	6	77.34	94.95	74	69
2111	0	77.34	94.95	74	75
2111	1	77.34	94.95	74	75
2111	6	77.34	94.95	74	75
2112	0	77.34	94.95	74	72
2112	1	99	94.95	74	72
2112	6	77.34	94.95	74	72
2113	0	77.34	94.95	74	69
2113	1	77.34	94.95	74	69
2113	6	77.34	94.95	74	69
2114	0	77.34	94.95	74	67
2114	1	77.34	94.95	74	67
2114	6	77.34	94.95	74	67
2120	0	77.34	94.95	71	56
2120	1	99	94.95	71	56
2120	6	77.34	94.95	71	56
2121	0	77.34	94.95	71	69
2121	1	77.34	94.95	71	69
2121	6	77.34	94.95	71	69
2122	0	77.34	94.95	71	55
2122	1	99	94.95	71	55
2122	6	77.34	94.95	71	55
2130	0	90.01	94.95	71	51
2130	1	99	94.95	71	51
2130	6	87.75	94.95	71	51
2131	0	87.75	94.95	71	51
2131	1	99	94.95	71	51
2131	6	87.75	94.95	71	51
2132	0	90.61	94.95	71	51
2132	1	99	94.95	71	51
2132	6	87.75	94.95	71	51
2139	0	89.56	94.95	71	51
2139	1	99	94.95	71	51
2139	6	87.75	94.95	71	51
2140	0	89.04	94.95	73	63
2140	1	99	94.95	73	63
2140	6	86.48	94.95	73	63
2141	0	92.16	94.95	69	72
2141	1	99	94.95	69	72
2141	6	87.61	94.95	69	72
2142	0	93.89	94.95	69	70
2142	1	99	94.95	69	70
2142	6	92.7	94.95	69	70
2143	0	90.15	94.95	68	65
2143	1	99	94.95	68	65
2143	6	88.01	94.95	68	65
2144	0	89.79	94.95	68	65
2144	1	99	94.95	68	65
2144	6	88.01	94.95	68	65
2145	0	88.06	94.95	67	66
2145	1	99	94.95	67	66
2145	6	85.69	94.95	67	66
2146	0	77.34	94.95	71	66
2146	1	99	94.95	71	66
2146	6	77.34	94.95	71	66
2147	0	77.34	94.95	67	61
2147	1	99	94.95	67	61
2147	6	77.34	94.95	67	61
2148	0	89.04	94.95	56	58
2148	1	99	94.95	56	58
2148	6	86.48	94.95	56	58
2149	0	80.5	94.95	69	56
2149	1	99	94.95	69	56
2149	6	77.34	94.95	69	56
2200	0	99	95.09	80	70
2200	1	99	93.83	80	70
2200	6	99	95.11	80	70
2210	0	99	96.32	78	62
2210	1	99	93.83	78	62
2210	6	99	96.32	78	62
2211	0	99	96.32	77	69
2211	1	99	96.32	77	69
2211	6	99	96.32	77	69
2212	0	99	96.32	77	68
2212	1	99	96.32	77	68
2212	6	99	96.32	77	68
2213	0	99	96.32	79	56
2213	1	99	96.32	79	56
2213	6	99	96.32	79	56
2220	0	96.69	94.73	85	73
2220	1	99	93.83	85	73
2220	6	96.69	94.74	85	73
2221	0	90.89	93.83	88	78
2221	1	90.89	93.83	88	78
2221	6	90.89	93.83	88	78
2222	0	99	96.32	85	70
2222	1	99	93.83	85	70
2222	6	99	96.32	85	70
2223	0	99	96.32	83	61
2223	1	99	93.83	83	61
2223	6	99	96.32	83	61
2224	0	99	96.32	74	64
2224	1	99	93.83	74	64
2224	6	99	96.32	74	64
2229	0	99	96.32	85	73
2229	1	99	93.83	85	73
2229	6	99	96.32	85	73
2230	0	99	96.32	43	54
2230	1	99	96.32	43	54
2230	6	99	96.32	43	54
2300	0	80.53	76.9	69	61
2300	1	74.04	82.02	69	61
2300	6	80.75	76.84	69	61
2310	0	99	99	77	78
2310	1	99	99	77	78
2310	6	99	99	77	78
2320	0	65.91	99	69	60
2320	1	65.91	99	69	60
2320	6	65.91	99	69	60
2321	0	65.91	99	70	60
2321	1	65.91	99	70	60
2321	6	65.91	99	70	60
2322	0	65.91	99	66	57
2322	1	65.91	99	66	57
2322	6	65.91	99	66	57
2323	0	65.91	99	-999	-999
2323	1	65.91	99	-999	-999
2323	6	65.91	99	-999	-999
2330	0	78.39	71.24	66	57
2330	1	82.18	74.89	66	57
2330	6	78.29	71.2	66	57
2331	0	82.18	74.89	66	57
2331	1	82.18	74.89	66	57
2331	6	82.18	74.89	66	57
2332	0	72.58	65.8	43	49
2332	1	82.18	74.89	43	49
2332	6	72.58	65.8	43	49
2340	0	65.91	99	66	62
2340	1	65.91	99	66	62
2340	6	65.91	99	66	62
2350	0	65.91	99	66	62
2350	1	74.04	82.02	66	62
2350	6	65.91	99	66	62
2351	0	65.91	99	70	68
2351	1	65.91	99	70	68
2351	6	65.91	99	70	68
2352	0	65.91	99	70	68
2352	1	74.04	99	70	68
2352	6	65.91	99	70	68
2359	0	65.91	99	65	62
2359	1	74.04	99	65	62
2359	6	65.91	99	65	62
2400	0	93.89	97.1	68	60
2400	1	88.73	99	68	60
2400	6	95.47	96.57	68	60
2410	0	89.25	97.26	69	57
2410	1	89.25	97.26	69	57
2410	6	89.25	97.26	69	57
2411	0	89.25	97.26	69	62
2411	1	89.25	97.26	69	62
2411	6	89.25	97.26	69	62
2412	0	89.25	97.26	69	56
2412	1	89.25	97.26	69	56
2412	6	89.25	97.26	69	56
2419	0	89.25	97.26	69	57
2419	1	89.25	97.26	69	57
2419	6	89.25	97.26	69	57
2420	0	89.18	97.06	85	73
2420	1	89.18	97.06	85	73
2420	6	89.18	97.06	85	73
2421	0	89.18	97.06	85	73
2421	1	89.18	97.06	85	73
2421	6	89.18	97.06	85	73
2422	0	89.18	97.06	90	76
2422	1	89.18	97.06	90	76
2422	6	89.18	97.06	90	76
2429	0	89.18	97.06	82	71
2429	1	89.18	97.06	82	71
2429	6	89.18	97.06	82	71
2430	0	92.81	90.42	65	54
2430	1	88.73	99	65	54
2430	6	92.81	90.42	65	54
2431	0	92.81	90.42	65	54
2431	1	88.73	90.42	65	54
2431	6	92.81	90.42	65	54
2432	0	92.81	90.42	65	54
2432	1	92.81	90.42	65	54
2432	6	92.81	90.42	65	54
2440	0	92.81	88.46	65	58
2440	1	92.81	90.42	65	58
2440	6	92.81	88.38	65	58
2441	0	92.81	86.5	78	60
2441	1	92.81	90.42	78	60
2441	6	92.81	86.5	78	60
2442	0	92.81	90.42	71	67
2442	1	92.81	90.42	71	67
2442	6	92.81	90.42	71	67
2443	0	92.81	90.42	71	67
2443	1	92.81	90.42	71	67
2443	6	92.81	90.42	71	67
2444	0	92.81	90.42	65	62
2444	1	92.81	90.42	65	62
2444	6	92.81	90.42	65	62
2445	0	92.81	90.42	71	67
2445	1	92.81	90.42	71	67
2445	6	92.81	90.42	71	67
2446	0	92.81	90.42	51	52
2446	1	92.81	90.42	51	52
2446	6	92.81	90.42	51	52
2450	0	99	99	61	57
2450	1	87.33	99	61	57
2450	6	99	99	61	57
2451	0	99	99	65	58
2451	1	87.33	99	65	58
2451	6	99	99	65	58
2452	0	95.46	99	54	57
2452	1	87.33	99	54	57
2452	6	99	99	54	57
2453	0	99	99	64	45
2453	1	87.33	99	64	45
2453	6	99	99	64	45
2454	0	99	99	64	40
2454	1	87.33	99	64	40
2454	6	99	99	64	40
2455	0	99	99	64	57
2455	1	87.33	99	64	57
2455	6	99	99	64	57
2460	0	87.33	97.1	53	60
2460	1	87.33	99	53	60
2460	6	87.33	96.57	53	60
2470	0	93.89	97.1	-999	-999
2470	1	88.73	99	-999	-999
2470	6	95.47	96.57	-999	-999
3000	0	61.32	62.51	54	48
3000	1	67.08	66.18	54	48
3000	6	60.72	62.32	54	48
3100	0	59.48	60.1	50	48
3100	1	69.35	58.4	50	48
3100	6	58.76	60.16	50	48
3110	0	58.18	59.95	49	47
3110	1	69.01	55.32	49	47
3110	6	57.49	60.04	49	47
3111	0	62.28	54.24	45	46
3111	1	70.35	55.32	45	46
3111	6	61.38	54.24	45	46
3112	0	59.18	78.32	45	39
3112	1	70.35	55.32	45	39
3112	6	58.56	78.32	45	39
3113	0	55.04	59.65	46	46
3113	1	70.35	59.65	46	46
3113	6	54.01	59.65	46	46
3114	0	58.45	59.65	46	46
3114	1	70.35	55.32	46	46
3114	6	57.21	59.65	46	46
3115	0	58.74	66.52	54	46
3115	1	70.35	55.32	54	46
3115	6	58.2	66.52	54	46
3116	0	56.25	57.9	54	46
3116	1	70.35	55.32	54	46
3116	6	55.85	57.9	54	46
3117	0	55.95	54.24	54	53
3117	1	69.01	55.32	54	53
3117	6	55.95	54.24	54	53
3118	0	59.91	56.77	51	55
3118	1	59.91	55.32	51	55
3118	6	59.91	56.77	51	55
3119	0	59.86	54.24	53	46
3119	1	70.35	54.24	53	46
3119	6	58.96	54.24	53	46
3120	0	64.98	61.47	52	53
3120	1	70.35	61.47	52	53
3120	6	64.09	61.47	52	53
3121	0	68.58	61.47	52	53
3121	1	70.35	61.47	52	53
3121	6	68.2	61.47	52	53
3122	0	57.81	61.47	52	53
3122	1	70.35	61.47	52	53
3122	6	56.67	61.47	52	53
3123	0	56.67	61.47	52	53
3123	1	70.35	61.47	52	53
3123	6	56.67	61.47	52	53
3130	0	73.4	61.47	52	46
3130	1	70.35	61.47	52	46
3130	6	73.93	61.47	52	46
3131	0	73.08	61.47	48	46
3131	1	70.35	61.47	48	46
3131	6	73.93	61.47	48	46
3132	0	73.93	61.47	57	49
3132	1	70.35	61.47	57	49
3132	6	73.93	61.47	57	49
3133	0	73.93	61.47	57	58
3133	1	70.35	61.47	57	58
3133	6	73.93	61.47	57	58
3139	0	73.93	61.47	52	44
3139	1	70.35	61.47	52	44
3139	6	73.93	61.47	52	44
3140	0	58.96	54.24	57	57
3140	1	69.35	58.4	57	57
3140	6	58.96	54.24	57	57
3141	0	58.96	54.24	52	60
3141	1	58.96	54.24	52	60
3141	6	58.96	54.24	52	60
3142	0	58.96	54.24	52	55
3142	1	58.96	54.24	52	55
3142	6	58.96	54.24	52	55
3143	0	58.96	54.24	69	60
3143	1	58.96	58.4	69	60
3143	6	58.96	54.24	69	60
3144	0	58.96	54.24	69	50
3144	1	69.35	58.4	69	50
3144	6	58.96	54.24	69	50
3145	0	58.96	54.24	50	46
3145	1	69.35	58.4	50	46
3145	6	58.96	54.24	50	46
3150	0	66.16	54.24	50	54
3150	1	69.35	58.4	50	54
3150	6	66.16	54.24	50	54
3151	0	66.16	54.24	50	54
3151	1	66.16	58.4	50	54
3151	6	66.16	54.24	50	54
3152	0	66.16	54.24	50	54
3152	1	66.16	54.24	50	54
3152	6	66.16	54.24	50	54
3160	0	59.48	60.1	-999	-999
3160	1	69.35	58.4	-999	-999
3160	6	58.76	60.16	-999	-999
3200	0	54.48	62.1	48	51
3200	1	54.44	65.56	48	51
3200	6	54.49	62.04	48	51
3210	0	47.68	54.24	50	52
3210	1	47.68	54.24	50	52
3210	6	47.68	54.24	50	52
3211	0	47.68	54.24	50	52
3211	1	47.68	54.24	50	52
3211	6	47.68	54.24	50	52
3212	0	47.68	54.24	50	47
3212	1	47.68	54.24	50	47
3212	6	47.68	54.24	50	47
3213	0	47.68	54.24	50	55
3213	1	47.68	54.24	50	55
3213	6	47.68	54.24	50	55
3220	0	57.82	68.62	55	51
3220	1	57.82	75.02	55	51
3220	6	57.82	68.39	55	51
3221	0	57.82	57.22	51	53
3221	1	57.82	75.02	51	53
3221	6	57.82	57.22	51	53
3222	0	57.82	57.22	51	48
3222	1	57.82	75.02	51	48
3222	6	57.82	57.22	51	48
3223	0	57.82	75.02	51	52
3223	1	57.82	75.02	51	52
3223	6	57.82	75.02	51	52
3224	0	57.82	75.02	60	60
3224	1	57.82	75.02	60	60
3224	6	57.82	75.02	60	60
3225	0	57.82	75.02	51	44
3225	1	57.82	75.02	51	44
3225	6	57.82	75.02	51	44
3226	0	57.82	75.02	60	51
3226	1	57.82	75.02	60	51
3226	6	57.82	75.02	60	51
3227	0	57.82	75.02	51	48
3227	1	57.82	75.02	51	48
3227	6	57.82	75.02	51	48
3228	0	57.82	75.02	51	44
3228	1	57.82	75.02	51	44
3228	6	57.82	75.02	51	44
3229	0	57.82	75.02	51	45
3229	1	57.82	75.02	51	45
3229	6	57.82	68.39	51	45
3230	0	57.82	59.86	38	44
3230	1	54.44	59.86	38	44
3230	6	57.82	59.86	38	44
3231	0	57.82	59.86	38	44
3231	1	57.82	59.86	38	44
3231	6	57.82	59.86	38	44
3232	0	57.82	59.86	38	44
3232	1	54.44	59.86	38	44
3232	6	57.82	59.86	38	44
3240	0	57.82	62.1	49	29
3240	1	54.44	65.56	49	29
3240	6	57.82	62.04	49	29
3241	0	57.82	62.1	51	29
3241	1	54.44	65.56	51	29
3241	6	57.82	62.04	51	29
3242	0	57.82	62.1	38	22
3242	1	57.82	65.56	38	22
3242	6	57.82	62.04	38	22
3300	0	60.01	58.7	38	50
3300	1	60.01	60.61	38	50
3300	6	60.01	58.66	38	50
3310	0	60.01	75.61	38	50
3310	1	60.01	75.61	38	50
3310	6	60.01	75.61	38	50
3320	0	60.01	55.61	38	50
3320	1	60.01	55.61	38	50
3320	6	60.01	55.61	38	50
3330	0	60.01	75.61	38	50
3330	1	60.01	75.61	38	50
3330	6	60.01	75.61	38	50
3340	0	60.01	75.61	38	50
3340	1	60.01	75.61	38	50
3340	6	60.01	75.61	38	50
3400	0	64.35	63.66	55	48
3400	1	67	67.43	55	48
3400	6	63.97	63.41	55	48
3410	0	68.38	64.82	55	47
3410	1	73.59	61.64	55	47
3410	6	67.46	65.11	55	47
3411	0	55.78	70.91	61	50
3411	1	73.59	61.64	61	50
3411	6	55.78	70.91	61	50
3412	0	58.08	70.91	54	44
3412	1	73.59	61.64	54	44
3412	6	55.78	70.91	54	44
3413	0	73.59	61.64	59	49
3413	1	73.59	61.64	59	49
3413	6	67.46	65.11	59	49
3414	0	68.38	64.82	56	43
3414	1	73.59	61.64	56	43
3414	6	67.46	65.11	56	43
3415	0	73.29	62.65	56	46
3415	1	73.59	61.64	56	46
3415	6	73.23	62.76	56	46
3416	0	58.99	61.86	50	49
3416	1	73.59	61.64	50	49
3416	6	56.56	61.92	50	49
3417	0	69.46	63.82	56	46
3417	1	73.59	61.64	56	46
3417	6	69.46	63.82	56	46
3419	0	69.91	63.65	55	46
3419	1	73.59	61.64	55	46
3419	6	69.46	63.82	55	46
3420	0	60.39	59.31	55	42
3420	1	59.95	64.37	55	42
3420	6	60.48	58.38	55	42
3421	0	54.52	57.43	55	55
3421	1	59.95	64.37	55	55
3421	6	52.96	55.43	55	55
3422	0	60.92	62.43	55	50
3422	1	59.95	64.37	55	50
3422	6	61	62.43	55	50
3423	0	72.41	62.43	55	49
3423	1	59.95	64.37	55	49
3423	6	72.41	62.43	55	49
3429	0	69.43	62.57	55	42
3429	1	59.95	64.37	55	42
3429	6	72.41	62.43	55	42
3430	0	64.45	62.82	54	49
3430	1	59.95	76.16	54	49
3430	6	64.73	62.33	54	49
3431	0	71.72	63.26	54	53
3431	1	59.95	76.16	54	53
3431	6	71.72	63.15	54	53
3432	0	71.72	63.15	59	49
3432	1	59.95	76.16	59	49
3432	6	71.72	63.15	59	49
3433	0	57.62	62.71	51	49
3433	1	59.95	76.16	51	49
3433	6	57.36	62.1	51	49
3434	0	57.36	63.25	61	51
3434	1	59.95	76.16	61	51
3434	6	57.36	63.25	61	51
3439	0	58.01	63.25	54	53
3439	1	59.95	76.16	54	53
3439	6	57.36	63.25	54	53
3440	0	60.33	66.74	56	52
3440	1	67	67.43	56	52
3440	6	60.33	66.74	56	52
3441	0	60.33	66.74	56	44
3441	1	60.33	66.74	56	44
3441	6	60.33	66.74	56	44
3442	0	60.33	66.74	57	52
3442	1	60.33	66.74	57	52
3442	6	60.33	66.74	57	52
3443	0	60.33	66.74	56	55
3443	1	67	67.43	56	55
3443	6	60.33	66.74	56	55
3444	0	60.33	66.74	46	54
3444	1	67	67.43	46	54
3444	6	60.33	66.74	46	54
3449	0	60.33	66.74	56	55
3449	1	60.33	66.74	56	55
3449	6	60.33	66.74	56	55
3450	0	57.61	66.74	56	45
3450	1	57.61	66.74	56	45
3450	6	57.61	66.74	56	45
3451	0	57.61	66.74	55	60
3451	1	67	67.43	55	60
3451	6	57.61	66.74	55	60
3452	0	57.61	66.74	56	44
3452	1	67	67.43	56	44
3452	6	57.61	66.74	56	44
3460	0	57.61	62.64	43	49
3460	1	57.61	62.64	43	49
3460	6	57.61	62.64	43	49
3470	0	61.38	81.39	52	45
3470	1	61.38	81.39	52	45
3470	6	61.38	81.39	52	45
3471	0	61.38	81.39	53	49
3471	1	61.38	81.39	53	49
3471	6	61.38	81.39	53	49
3472	0	61.38	81.39	64	50
3472	1	61.38	81.39	64	50
3472	6	61.38	81.39	64	50
3473	0	61.38	81.39	50	32
3473	1	61.38	81.39	50	32
3473	6	61.38	81.39	50	32
3474	0	61.38	81.39	50	33
3474	1	61.38	81.39	50	33
3474	6	61.38	81.39	50	33
3475	0	61.38	81.39	54	49
3475	1	61.38	81.39	54	49
3475	6	61.38	81.39	54	49
3480	0	64.35	63.66	38	50
3480	1	67	67.43	38	50
3480	6	63.97	63.41	38	50
3490	0	64.35	63.66	-999	-999
3490	1	67	67.43	-999	-999
3490	6	63.97	63.41	-999	-999
4000	0	47.39	55	45	37
4000	1	50.95	67.11	45	37
4000	6	47.34	54.67	45	37
4100	0	46.36	55.74	45	37
4100	1	48.88	67.11	45	37
4100	6	46.33	55.38	45	37
4110	0	52.05	55.93	51	45
4110	1	52.06	67.11	51	45
4110	6	52.05	55.52	51	45
4111	0	52.1	61.35	51	42
4111	1	52.06	67.11	51	42
4111	6	52.1	61.35	51	42
4112	0	52.1	61.35	50	42
4112	1	52.06	67.11	50	42
4112	6	52.1	61.35	50	42
4113	0	52.1	51	50	45
4113	1	52.1	67.11	50	45
4113	6	52.1	50.52	50	45
4114	0	52.1	51.63	51	45
4114	1	52.06	67.11	51	45
4114	6	52.1	50.52	51	45
4115	0	52.02	56.22	53	53
4115	1	52.02	67.11	53	53
4115	6	52.02	55.79	53	53
4120	0	51.34	58.79	51	44
4120	1	48.88	67.11	51	44
4120	6	51.34	58.6	51	44
4121	0	51.34	58.59	51	45
4121	1	51.34	67.11	51	45
4121	6	51.34	58.41	51	45
4122	0	51.34	59.91	51	36
4122	1	51.34	67.11	51	36
4122	6	51.34	59.69	51	36
4130	0	45.7	47.79	36	32
4130	1	45.7	67.11	36	32
4130	6	45.7	47.42	36	32
4131	0	45.7	47.86	32	30
4131	1	45.7	67.11	32	30
4131	6	45.7	47.42	32	30
4132	0	45.7	47.42	43	44
4132	1	45.7	67.11	43	44
4132	6	45.7	47.42	43	44
4133	0	45.7	47.42	45	37
4133	1	45.7	67.11	45	37
4133	6	45.7	47.42	45	37
4140	0	41.64	55.71	39	37
4140	1	48.88	67.11	39	37
4140	6	41.64	55.2	39	37
4141	0	41.64	56.71	39	36
4141	1	41.64	67.11	39	36
4141	6	41.64	56.71	39	36
4142	0	41.64	51.89	39	33
4142	1	41.64	67.11	39	33
4142	6	41.64	51.89	39	33
4143	0	41.64	57.32	39	41
4143	1	41.64	67.11	39	41
4143	6	41.64	56.71	39	41
4144	0	41.64	67.11	39	37
4144	1	48.88	67.11	39	37
4144	6	41.64	55.2	39	37
4190	0	46.36	61.35	39	37
4190	1	48.88	61.35	39	37
4190	6	46.33	61.35	39	37
4200	0	53.14	52.12	49	39
4200	1	55.09	67.11	49	39
4200	6	53.08	51.92	49	39
4210	0	55.09	52.35	48	37
4210	1	55.09	67.11	48	37
4210	6	55.09	52.07	48	37
4211	0	55.09	51.86	53	34
4211	1	55.09	67.11	53	34
4211	6	55.09	51.61	53	34
4212	0	55.09	53.87	46	42
4212	1	55.09	67.11	46	42
4212	6	55.09	53.87	46	42
4213	0	55.09	51.61	40	34
4213	1	55.09	67.11	40	34
4213	6	55.09	51.61	40	34
4214	0	55.09	67.11	40	15
4214	1	55.09	67.11	40	15
4214	6	55.09	52.07	40	15
4215	0	55.09	51.61	40	27
4215	1	55.09	67.11	40	27
4215	6	55.09	51.61	40	27
4220	0	49.15	51.51	52	38
4220	1	55.09	67.11	52	38
4220	6	49.15	51.51	52	38
4221	0	49.15	51.69	52	38
4221	1	49.15	51.69	52	38
4221	6	49.15	51.69	52	38
4222	0	49.15	51.69	52	38
4222	1	49.15	51.69	52	38
4222	6	49.15	51.69	52	38
4223	0	49.15	51.42	52	38
4223	1	49.15	51.42	52	38
4223	6	49.15	51.42	52	38
5000	0	49.32	45.44	40	32
5000	1	55.01	53.24	40	32
5000	6	48.01	44.52	40	32
5100	0	45.32	44.46	38	32
5100	1	46.77	50.81	38	32
5100	6	45.01	43.53	38	32
5110	0	43.98	45.82	34	32
5110	1	46.77	50.81	34	32
5110	6	43.98	45.82	34	32
5111	0	43.98	45.82	34	50
5111	1	46.77	45.82	34	50
5111	6	43.98	45.82	34	50
5112	0	43.98	45.82	34	32
5112	1	43.98	50.81	34	32
5112	6	43.98	45.82	34	32
5113	0	43.98	45.82	34	29
5113	1	43.98	45.82	34	29
5113	6	43.98	45.82	34	29
5120	0	45.61	43.09	32	26
5120	1	44.95	41.13	32	26
5120	6	45.98	43.3	32	26
5121	0	46.7	41.59	30	37
5121	1	57.13	40.66	30	37
5121	6	44.96	41.94	30	37
5122	0	46.76	42.97	30	31
5122	1	57.13	40.66	30	31
5122	6	44.96	43.07	30	31
5123	0	44.95	43.67	34	21
5123	1	42.78	41.6	34	21
5123	6	46.92	44.03	34	21
5130	0	43.98	43.9	25	27
5130	1	46.77	58.96	25	27
5130	6	43.98	42.87	25	27
5131	0	43.98	52.92	25	23
5131	1	46.77	58.96	25	23
5131	6	43.98	51.71	25	23
5132	0	43.98	37.58	25	42
5132	1	43.98	58.96	25	42
5132	6	43.98	36.75	25	42
5133	0	43.98	52.07	25	17
5133	1	46.77	58.96	25	17
5133	6	43.98	51.71	25	17
5139	0	43.98	51.71	25	29
5139	1	43.98	58.96	25	29
5139	6	43.98	51.71	25	29
5140	0	55.25	55.91	30	29
5140	1	57.13	66.27	30	29
5140	6	43.98	46.7	30	29
5141	0	57.13	55.91	29	32
5141	1	57.13	66.27	29	32
5141	6	43.98	46.7	29	32
5142	0	55.25	55.91	19	17
5142	1	57.13	66.27	19	17
5142	6	43.98	46.7	19	17
5143	0	55.25	55.91	54	34
5143	1	57.13	66.27	54	34
5143	6	43.98	46.7	54	34
5149	0	43.98	55.91	19	29
5149	1	57.13	66.27	19	29
5149	6	43.98	46.7	19	29
5150	0	45.32	44.46	43	37
5150	1	46.77	50.81	43	37
5150	6	45.01	43.53	43	37
5151	0	45.32	44.46	43	37
5151	1	46.77	50.81	43	37
5151	6	45.01	43.53	43	37
5152	0	45.32	44.46	43	37
5152	1	46.77	50.81	43	37
5152	6	45.01	43.53	43	37
5160	0	44.6	66.74	47	37
5160	1	42.27	50.81	47	37
5160	6	44.61	66.74	47	37
5161	0	47.53	66.74	42	35
5161	1	42.27	50.81	42	35
5161	6	47.53	66.74	42	35
5162	0	48.14	66.74	50	40
5162	1	42.27	66.74	50	40
5162	6	48.14	66.74	50	40
5163	0	47.53	66.74	40	39
5163	1	42.27	50.81	40	39
5163	6	47.53	66.74	40	39
5164	0	44.6	66.74	40	39
5164	1	42.27	50.81	40	39
5164	6	44.61	66.74	40	39
5169	0	42.27	66.74	40	30
5169	1	42.27	50.81	40	30
5169	6	42.27	66.74	40	30
5200	0	58.15	46.83	43	31
5200	1	69.48	58.96	43	31
5200	6	54.98	45.82	43	31
5210	0	58.15	50.2	43	28
5210	1	69.48	58.96	43	28
5210	6	54.98	45.82	43	28
5220	0	58.03	46.78	43	32
5220	1	69.48	58.96	43	32
5220	6	54.98	45.82	43	32
5230	0	62.23	50.2	37	24
5230	1	69.48	58.96	37	24
5230	6	54.98	45.82	37	24
6000	0	40.13	36.16	23	37
6000	1	40.45	36.23	23	37
6000	6	37.66	35.49	23	37
6100	0	40.13	36.16	23	38
6100	1	40.45	36.23	23	38
6100	6	37.66	35.49	23	38
6110	0	36.64	36.82	23	40
6110	1	34.89	37.69	23	40
6110	6	43.22	35.16	23	40
6111	0	32.64	36.72	23	40
6111	1	32.38	37.69	23	40
6111	6	43.22	31.99	23	40
6112	0	42.52	37.05	23	40
6112	1	42.08	37.69	23	40
6112	6	43.22	36.67	23	40
6113	0	43.04	36.82	23	40
6113	1	42.08	37.69	23	40
6113	6	43.22	36.67	23	40
6114	0	42.08	37.55	23	40
6114	1	42.08	37.69	23	40
6114	6	43.22	36.67	23	40
6120	0	35.16	35.2	23	40
6120	1	35.36	35.04	23	40
6120	6	34.08	36.08	23	40
6121	0	35.65	35.17	23	40
6121	1	35.91	35.04	23	40
6121	6	34.08	36.08	23	40
6122	0	34.49	35.51	23	40
6122	1	35.91	35.04	23	40
6122	6	34.08	36.08	23	40
6123	0	35.16	36.08	23	40
6123	1	35.36	35.04	23	40
6123	6	34.08	36.08	23	40
6124	0	32.95	35.13	23	40
6124	1	32.95	35.04	23	40
6124	6	34.08	36.08	23	40
6129	0	35.16	35.2	23	40
6129	1	35.36	35.04	23	40
6129	6	34.08	36.08	23	40
6130	0	42.71	36.16	23	38
6130	1	42.82	36.16	23	38
6130	6	34.08	36.08	23	38
6131	0	42.71	36.16	23	40
6131	1	42.82	36.16	23	40
6131	6	34.08	36.08	23	40
6132	0	42.71	36.16	27	41
6132	1	42.82	36.16	27	41
6132	6	34.08	36.08	27	41
6133	0	42.71	36.16	28	40
6133	1	42.82	36.16	28	40
6133	6	34.08	36.08	28	40
6134	0	42.71	36.16	28	30
6134	1	42.82	36.16	28	30
6134	6	34.08	36.08	28	30
6140	0	36.86	36.1	22	24
6140	1	42.82	36.16	22	24
6140	6	35.51	36.08	22	24
6141	0	36.86	36.08	22	24
6141	1	42.82	36.16	22	24
6141	6	35.51	36.08	22	24
6142	0	36.86	36.16	22	16
6142	1	42.82	36.16	22	16
6142	6	35.51	36.08	22	16
6150	0	40.38	36.16	28	28
6150	1	42.82	36.16	28	28
6150	6	35.51	35.49	28	28
6151	0	40.38	36.16	28	23
6151	1	42.82	36.16	28	23
6151	6	35.51	35.49	28	23
6152	0	39.17	36.16	28	23
6152	1	42.82	36.16	28	23
6152	6	35.51	35.49	28	23
6153	0	42.82	36.16	28	28
6153	1	42.82	36.16	28	28
6153	6	35.51	36.16	28	28
6154	0	40.38	36.16	28	6
6154	1	42.82	36.16	28	6
6154	6	35.51	35.49	28	6
6200	0	40.13	36.16	16	38
6200	1	40.45	36.23	16	38
6200	6	37.66	35.49	16	38
6210	0	40.13	36.16	16	38
6210	1	40.45	36.23	16	38
6210	6	37.66	35.49	16	38
6254	0	40.13	36.16	-999	-999
6254	1	40.45	36.23	-999	-999
6254	6	37.66	35.49	-999	-999
7000	0	44.02	40.98	34	38
7000	1	51.5	47.55	34	38
7000	6	43.09	40.3	34	38
7100	0	40.39	40.41	31	34
7100	1	48.33	48.64	31	34
7100	6	39.03	39.55	31	34
7110	0	38.95	42.58	30	34
7110	1	47.2	48.64	30	34
7110	6	38.21	39.55	30	34
7111	0	38.69	42.58	30	34
7111	1	47.2	48.64	30	34
7111	6	38.21	39.55	30	34
7112	0	38.21	44.1	30	36
7112	1	47.2	48.64	30	36
7112	6	38.21	39.55	30	36
7113	0	40.9	39.55	27	34
7113	1	47.2	48.64	27	34
7113	6	38.21	39.55	27	34
7120	0	37.77	39.55	30	34
7120	1	47.2	48.64	30	34
7120	6	36.62	39.55	30	34
7121	0	36.06	39.55	29	36
7121	1	47.2	48.64	29	36
7121	6	36.06	39.55	29	36
7122	0	37.11	39.55	29	34
7122	1	47.2	48.64	29	34
7122	6	36.06	39.55	29	34
7123	0	32.26	39.55	26	34
7123	1	47.2	39.55	26	34
7123	6	31.01	39.55	26	34
7124	0	46.88	39.55	29	37
7124	1	47.2	39.55	29	37
7124	6	46.8	39.55	29	37
7129	0	32.81	39.55	30	28
7129	1	47.2	39.55	30	28
7129	6	31.01	39.55	30	28
7130	0	43.22	39.55	34	37
7130	1	50.67	48.64	34	37
7130	6	41.49	39.55	34	37
7131	0	39.59	39.55	19	31
7131	1	50.67	48.64	19	31
7131	6	36.82	39.55	19	31
7132	0	39.38	39.55	30	31
7132	1	50.67	48.64	30	31
7132	6	36.82	39.55	30	31
7133	0	36.82	39.55	31	31
7133	1	50.67	48.64	31	31
7133	6	36.82	39.55	31	31
7134	0	39.59	39.55	34	28
7134	1	50.67	48.64	34	28
7134	6	36.82	39.55	34	28
7135	0	36.82	39.55	26	26
7135	1	50.67	39.55	26	26
7135	6	36.82	39.55	26	26
7136	0	43.77	39.55	33	34
7136	1	50.67	39.55	33	34
7136	6	41.58	39.55	33	34
7137	0	48.36	39.55	37	44
7137	1	50.67	48.64	37	44
7137	6	48.02	39.55	37	44
7139	0	43.22	39.55	-999	-999
7139	1	50.67	48.64	-999	-999
7139	6	41.49	39.55	-999	-999
7140	0	42.22	40.06	29	31
7140	1	46.08	48.64	29	31
7140	6	41.29	39.55	29	31
7141	0	40.2	39.55	29	31
7141	1	46.08	48.64	29	31
7141	6	38.99	39.55	29	31
7142	0	45.45	39.55	32	29
7142	1	46.08	48.64	32	29
7142	6	45.34	39.55	32	29
7143	0	45.66	40.69	29	20
7143	1	46.08	48.64	29	20
7143	6	45.34	39.55	29	20
7200	0	46.03	39.22	34	40
7200	1	53.93	48.64	34	40
7200	6	45.39	38.55	34	40
7210	0	40.49	35.01	31	38
7210	1	49.87	48.64	31	38
7210	6	39.7	34.51	31	38
7211	0	43.83	34.51	29	38
7211	1	49.87	48.64	29	38
7211	6	43.55	34.51	29	38
7212	0	37.11	34.51	30	39
7212	1	49.87	48.64	30	39
7212	6	36.59	34.51	30	39
7213	0	42.27	37.33	33	34
7213	1	49.87	48.64	33	34
7213	6	40.42	34.51	33	34
7214	0	43.53	34.51	30	44
7214	1	49.87	48.64	30	44
7214	6	43.11	34.51	30	44
7215	0	40.49	35.01	30	32
7215	1	49.87	48.64	30	32
7215	6	39.7	34.51	30	32
7216	0	40.49	35.01	30	26
7216	1	49.87	48.64	30	26
7216	6	39.7	34.51	30	26
7220	0	44.59	38.61	35	37
7220	1	57.91	48.64	35	37
7220	6	42.48	38.61	35	37
7221	0	47.19	38.61	33	35
7221	1	57.91	38.61	33	35
7221	6	43.41	38.61	33	35
7222	0	47.46	38.61	40	40
7222	1	57.91	38.61	40	40
7222	6	45.68	38.61	40	40
7223	0	45.58	38.61	34	38
7223	1	57.91	38.61	34	38
7223	6	43.41	38.61	34	38
7224	0	40.51	38.61	24	27
7224	1	57.91	38.61	24	27
7224	6	39.01	38.61	24	27
7230	0	46.23	34.24	34	43
7230	1	50.07	48.64	34	43
7230	6	46.02	33.28	34	43
7231	0	46.51	41.96	34	43
7231	1	51.41	48.64	34	43
7231	6	45.89	38.61	34	43
7232	0	46.99	34.24	42	50
7232	1	51.41	48.64	42	50
7232	6	45.89	33.28	42	50
7233	0	46.08	32.46	33	42
7233	1	46.08	48.64	33	42
7233	6	46.08	32.46	33	42
7234	0	46.23	34.24	23	20
7234	1	50.07	48.64	23	20
7234	6	46.02	33.28	23	20
7240	0	51.44	44.95	40	38
7240	1	58.18	48.64	40	38
7240	6	50.85	44.37	40	38
7241	0	51.35	44.64	40	38
7241	1	58.18	48.64	40	38
7241	6	50.52	44.37	40	38
7242	0	50.52	44.37	39	48
7242	1	58.18	48.64	39	48
7242	6	50.52	44.37	39	48
7243	0	56.83	44.37	41	42
7243	1	58.18	48.64	41	42
7243	6	56.75	44.37	41	42
7244	0	45.49	44.37	40	35
7244	1	58.18	48.64	40	35
7244	6	45.49	44.37	40	35
7245	0	45.49	48.64	38	36
7245	1	58.18	48.64	38	36
7245	6	45.49	44.37	38	36
7300	0	44.13	43.79	34	39
7300	1	55.11	48.64	34	39
7300	6	42.26	43.38	34	39
7310	0	43.87	41.94	38	45
7310	1	55.11	48.64	38	45
7310	6	40.5	40.59	38	45
7311	0	45.37	42.2	38	47
7311	1	55.11	48.64	38	47
7311	6	40.5	40.59	38	47
7312	0	40.5	41.94	38	33
7312	1	55.11	48.64	38	33
7312	6	40.5	40.59	38	33
7313	0	47.81	40.59	38	43
7313	1	55.11	48.64	38	43
7313	6	40.5	40.59	38	43
7320	0	39.19	40.59	28	28
7320	1	55.11	48.64	28	28
7320	6	36.92	40.59	28	28
7321	0	44.98	40.59	27	25
7321	1	55.11	40.59	27	25
7321	6	34.84	40.59	27	25
7322	0	34.84	40.59	29	37
7322	1	55.11	40.59	29	37
7322	6	34.84	40.59	29	37
7323	0	40.5	40.59	29	31
7323	1	55.11	40.59	29	31
7323	6	40.5	40.59	29	31
7324	0	38.22	40.59	29	31
7324	1	55.11	40.59	29	31
7324	6	34.84	40.59	29	31
7330	0	55.11	44.62	29	31
7330	1	55.11	48.64	29	31
7330	6	42.26	40.59	29	31
7331	0	55.11	45.96	29	31
7331	1	55.11	48.64	29	31
7331	6	55.11	40.59	29	31
7332	0	55.11	40.59	29	31
7332	1	55.11	48.64	29	31
7332	6	55.11	40.59	29	31
7340	0	50.73	46.62	40	42
7340	1	55.11	48.64	40	42
7340	6	50.23	46.5	40	42
7341	0	50.23	46.62	40	42
7341	1	55.11	48.64	40	42
7341	6	50.23	46.5	40	42
7342	0	50.73	46.62	40	41
7342	1	55.11	48.64	40	41
7342	6	50.23	46.5	40	41
7343	0	50.23	47.57	42	41
7343	1	55.11	48.64	42	41
7343	6	50.23	46.5	42	41
7344	0	50.92	46.5	40	42
7344	1	55.11	48.64	40	42
7344	6	50.23	46.5	40	42
7345	0	50.23	46.5	37	32
7345	1	55.11	48.64	37	32
7345	6	50.23	46.5	37	32
7346	0	50.89	46.62	38	52
7346	1	55.11	48.64	38	52
7346	6	50.23	46.5	38	52
7400	0	43.68	40.92	33	33
7400	1	51.78	46.95	33	33
7400	6	42.22	40.18	33	33
7410	0	44.8	36.37	30	28
7410	1	47.56	36.37	30	28
7410	6	44.6	36.37	30	28
7411	0	42.21	36.37	30	24
7411	1	42.21	36.37	30	24
7411	6	42.21	36.37	30	24
7412	0	48.63	36.37	31	33
7412	1	48.63	36.37	31	33
7412	6	48.63	36.37	31	33
7413	0	48.63	36.37	30	34
7413	1	47.56	36.37	30	34
7413	6	48.63	36.37	30	34
7414	0	48.63	36.37	30	35
7414	1	47.56	36.37	30	35
7414	6	48.63	36.37	30	35
7415	0	44.8	36.37	30	34
7415	1	47.56	36.37	30	34
7415	6	44.6	36.37	30	34
7416	0	44.8	36.37	30	34
7416	1	47.56	36.37	30	34
7416	6	44.6	36.37	30	34
7420	0	43.55	41.02	33	29
7420	1	54.6	48.64	33	29
7420	6	41.24	39.45	33	29
7421	0	42.4	39.45	33	29
7421	1	54.6	48.64	33	29
7421	6	41.24	39.45	33	29
7422	0	43.83	41.42	33	40
7422	1	54.6	48.64	33	40
7422	6	41.24	39.45	33	40
7423	0	41.24	42.51	33	36
7423	1	54.6	48.64	33	36
7423	6	41.24	39.45	33	36
7424	0	43.55	39.45	33	21
7424	1	54.6	48.64	33	21
7424	6	41.24	39.45	33	21
7430	0	42.5	43.65	36	34
7430	1	42.5	48.64	36	34
7430	6	42.5	43.04	36	34
7431	0	42.5	42.41	29	29
7431	1	42.5	48.64	29	29
7431	6	42.5	42.41	29	29
7432	0	42.5	43.19	29	32
7432	1	42.5	48.64	29	32
7432	6	42.5	42.41	29	32
7433	0	42.5	43.86	45	40
7433	1	42.5	48.64	45	40
7433	6	42.5	43.27	45	40
7434	0	42.5	43.27	36	35
7434	1	42.5	48.64	36	35
7434	6	42.5	43.27	36	35
7435	0	42.5	43.27	36	40
7435	1	42.5	48.64	36	40
7435	6	42.5	43.27	36	40
7436	0	42.5	43.27	33	26
7436	1	42.5	48.64	33	26
7436	6	42.5	43.27	33	26
7437	0	42.5	44.46	28	31
7437	1	42.5	48.64	28	31
7437	6	42.5	43.27	28	31
7440	0	42.5	33.08	31	27
7440	1	42.5	48.64	31	27
7440	6	42.5	32.49	31	27
7441	0	42.5	32.49	31	22
7441	1	42.5	48.64	31	22
7441	6	42.5	32.49	31	22
7442	0	42.5	33.25	31	27
7442	1	42.5	48.64	31	27
7442	6	42.5	32.49	31	27
7500	0	44.02	40.98	42	48
7500	1	51.5	47.55	42	48
7500	6	43.09	40.3	42	48
7510	0	44.02	40.98	42	46
7510	1	51.5	47.55	42	46
7510	6	43.09	40.3	42	46
7520	0	44.02	40.98	39	46
7520	1	51.5	47.55	39	46
7520	6	43.09	40.3	39	46
7530	0	44.02	40.98	26	37
7530	1	51.5	47.55	26	37
7530	6	43.09	40.3	26	37
8000	0	40.52	40.05	31	34
8000	1	49.75	52.67	31	34
8000	6	39.56	39.71	31	34
8100	0	38.76	42.4	30	36
8100	1	54.77	52.67	30	36
8100	6	38.27	42.01	30	36
8110	0	35.56	39.27	35	31
8110	1	54.77	52.67	35	31
8110	6	35.56	39.27	35	31
8111	0	35.56	39.27	35	34
8111	1	35.56	39.27	35	34
8111	6	35.56	39.27	35	34
8112	0	35.56	39.27	35	32
8112	1	35.56	52.67	35	32
8112	6	35.56	39.27	35	32
8113	0	35.56	39.27	35	31
8113	1	35.56	52.67	35	31
8113	6	35.56	39.27	35	31
8120	0	35.56	39.27	30	40
8120	1	54.77	52.67	30	40
8120	6	35.56	39.27	30	40
8121	0	35.56	39.27	31	45
8121	1	35.56	39.27	31	45
8121	6	35.56	39.27	31	45
8122	0	35.56	39.27	30	36
8122	1	35.56	39.27	30	36
8122	6	35.56	39.27	30	36
8123	0	35.56	39.27	28	38
8123	1	35.56	39.27	28	38
8123	6	35.56	39.27	28	38
8124	0	35.56	39.27	30	28
8124	1	35.56	39.27	30	28
8124	6	35.56	39.27	30	28
8129	0	35.56	39.27	-999	-999
8129	1	54.77	52.67	-999	-999
8129	6	35.56	39.27	-999	-999
8130	0	36.97	39.27	22	31
8130	1	54.77	52.67	22	31
8130	6	36.97	39.27	22	31
8131	0	36.97	39.27	22	31
8131	1	36.97	39.27	22	31
8131	6	36.97	39.27	22	31
8139	0	36.97	39.27	22	31
8139	1	54.77	39.27	22	31
8139	6	36.97	39.27	22	31
8140	0	37.86	45.38	27	28
8140	1	54.77	52.67	27	28
8140	6	37.37	45.09	27	28
8141	0	37.97	45.42	27	29
8141	1	54.77	52.67	27	29
8141	6	37.37	45.09	27	29
8142	0	37.37	45.09	27	28
8142	1	54.77	52.67	27	28
8142	6	37.37	45.09	27	28
8143	0	37.37	45.38	27	28
8143	1	54.77	52.67	27	28
8143	6	37.37	45.09	27	28
8150	0	36.97	41.95	35	42
8150	1	54.77	52.67	35	42
8150	6	36.97	39.27	35	42
8151	0	36.97	52.67	35	43
8151	1	36.97	52.67	35	43
8151	6	36.97	39.27	35	43
8152	0	36.97	41.95	35	43
8152	1	36.97	52.67	35	43
8152	6	36.97	39.27	35	43
8153	0	36.97	41.95	35	43
8153	1	36.97	52.67	35	43
8153	6	36.97	39.27	35	43
8154	0	36.97	41.95	35	43
8154	1	36.97	52.67	35	43
8154	6	36.97	39.27	35	43
8155	0	36.97	41.95	35	37
8155	1	54.77	52.67	35	37
8155	6	36.97	39.27	35	37
8159	0	36.97	39.27	35	43
8159	1	36.97	52.67	35	43
8159	6	36.97	39.27	35	43
8160	0	42.92	39.27	32	38
8160	1	54.77	52.67	32	38
8160	6	41.87	39.27	32	38
8161	0	43.3	39.27	33	42
8161	1	54.77	39.27	33	42
8161	6	41.87	39.27	33	42
8162	0	42.88	39.27	27	35
8162	1	54.77	39.27	27	35
8162	6	41.87	39.27	27	35
8163	0	41.87	39.27	33	34
8163	1	54.77	52.67	33	34
8163	6	41.87	39.27	33	34
8170	0	44.27	42.4	26	30
8170	1	54.77	52.67	26	30
8170	6	44.27	42.01	26	30
8171	0	44.27	42.4	26	30
8171	1	44.27	52.67	26	30
8171	6	44.27	42.01	26	30
8172	0	44.27	42.4	26	30
8172	1	44.27	52.67	26	30
8172	6	44.27	42.01	26	30
8180	0	38.76	42.4	-999	-999
8180	1	54.77	52.67	-999	-999
8180	6	38.27	42.01	-999	-999
8200	0	39.41	39.88	32	34
8200	1	54.77	52.67	32	34
8200	6	38.59	39.64	32	34
8210	0	38.06	38.62	36	37
8210	1	54.77	52.67	36	37
8210	6	37.24	37.68	36	37
8211	0	38.09	39.78	36	38
8211	1	54.77	52.67	36	38
8211	6	37.24	38.67	36	38
8212	0	37.24	34.26	30	30
8212	1	54.77	52.67	30	30
8212	6	37.24	34.26	30	30
8220	0	37.26	42.47	30	43
8220	1	54.77	52.67	30	43
8220	6	37.26	41.98	30	43
8221	0	37.26	41.98	30	43
8221	1	37.26	52.67	30	43
8221	6	37.26	41.98	30	43
8222	0	37.26	41.98	30	43
8222	1	37.26	52.67	30	43
8222	6	37.26	41.98	30	43
8223	0	37.26	41.98	30	28
8223	1	37.26	52.67	30	28
8223	6	37.26	41.98	30	28
8224	0	37.26	42.47	30	43
8224	1	54.77	52.67	30	43
8224	6	37.26	41.98	30	43
8229	0	37.26	44.12	30	43
8229	1	37.26	52.67	30	43
8229	6	37.26	41.98	30	43
8230	0	39.46	43.51	30	30
8230	1	54.77	52.67	30	30
8230	6	36.52	43.27	30	30
8231	0	41.39	44.31	30	30
8231	1	54.77	52.67	30	30
8231	6	40.23	43.27	30	30
8232	0	38.16	43.27	30	30
8232	1	54.77	52.67	30	30
8232	6	33.58	43.27	30	30
8240	0	41.76	36.67	29	31
8240	1	54.77	36.67	29	31
8240	6	41.09	36.67	29	31
8250	0	44.8	42.91	38	41
8250	1	54.77	52.67	38	41
8250	6	44.27	42.47	38	41
8251	0	45.67	43.15	38	41
8251	1	54.77	52.67	38	41
8251	6	44.27	42.47	38	41
8252	0	44.27	42.47	38	32
8252	1	54.77	52.67	38	32
8252	6	44.27	42.47	38	32
8253	0	44.27	42.92	38	28
8253	1	54.77	52.67	38	28
8253	6	44.27	42.47	38	28
8260	0	38.89	39.6	30	28
8260	1	54.77	52.67	30	28
8260	6	37.58	39.44	30	28
8261	0	37.68	40.51	29	29
8261	1	54.77	52.67	29	29
8261	6	37.68	40.51	29	29
8262	0	37.68	43.22	29	29
8262	1	54.77	52.67	29	29
8262	6	37.68	42.8	29	29
8263	0	39.51	39.06	32	25
8263	1	54.77	52.67	32	25
8263	6	37.68	38.9	32	25
8264	0	34.36	34.2	24	25
8264	1	54.77	52.67	24	25
8264	6	34.36	33.69	24	25
8265	0	39.22	40.17	32	26
8265	1	54.77	52.67	32	26
8265	6	39.22	40.17	32	26
8266	0	42.1	40.17	32	28
8266	1	54.77	52.67	32	28
8266	6	39.22	40.17	32	28
8269	0	39.22	40.17	32	26
8269	1	54.77	52.67	32	26
8269	6	39.22	40.17	32	26
8270	0	42.26	35.92	29	33
8270	1	54.77	52.67	29	33
8270	6	42.26	35.04	29	33
8271	0	37.58	35.04	29	31
8271	1	37.58	52.67	29	31
8271	6	37.58	35.04	29	31
8272	0	37.58	35.04	29	34
8272	1	37.58	52.67	29	34
8272	6	37.58	35.04	29	34
8273	0	37.58	42.09	29	33
8273	1	37.58	52.67	29	33
8273	6	37.58	35.04	29	33
8274	0	37.58	35.04	29	33
8274	1	37.58	52.67	29	33
8274	6	37.58	35.04	29	33
8275	0	37.58	35.04	29	35
8275	1	37.58	52.67	29	35
8275	6	37.58	35.04	29	35
8276	0	42.26	35.92	29	45
8276	1	54.77	52.67	29	45
8276	6	42.26	35.04	29	45
8277	0	48.29	35.92	29	34
8277	1	48.29	52.67	29	34
8277	6	48.29	35.04	29	34
8278	0	48.29	35.04	29	34
8278	1	48.29	52.67	29	34
8278	6	48.29	35.04	29	34
8279	0	48.29	35.04	29	39
8279	1	48.29	52.67	29	39
8279	6	48.29	35.04	29	39
8280	0	39.59	41.12	31	33
8280	1	54.77	52.67	31	33
8280	6	39.11	41.05	31	33
8281	0	42.52	41.24	30	30
8281	1	54.77	52.67	30	30
8281	6	42.52	40.82	30	30
8282	0	37.43	44.5	34	48
8282	1	54.77	52.67	34	48
8282	6	37.43	44.44	34	48
8283	0	37.43	37.49	34	48
8283	1	54.77	52.67	34	48
8283	6	37.43	37.49	34	48
8284	0	38.45	39.16	30	30
8284	1	54.77	52.67	30	30
8284	6	38.02	39.16	30	30
8285	0	40.25	36.2	30	31
8285	1	54.77	52.67	30	31
8285	6	38.99	36.2	30	31
8286	0	38.99	36.2	30	28
8286	1	54.77	52.67	30	28
8286	6	38.99	36.2	30	28
8290	0	37.24	41.2	26	33
8290	1	37.24	52.67	26	33
8290	6	37.24	40.92	26	33
8300	0	42.12	45.72	32	33
8300	1	47.88	52.67	32	33
8300	6	41.07	39.27	32	33
8310	0	42.03	39.27	36	36
8310	1	50.9	52.67	36	36
8310	6	41.91	39.27	36	36
8311	0	43.4	39.27	41	43
8311	1	50.9	52.67	41	43
8311	6	43.24	39.27	41	43
8312	0	40.12	39.27	32	29
8312	1	50.9	39.27	32	29
8312	6	40.12	39.27	32	29
8320	0	45.33	46.64	34	32
8320	1	50.9	52.67	34	32
8320	6	43.83	39.27	34	32
8321	0	45.33	46.64	30	31
8321	1	50.9	52.67	30	31
8321	6	43.83	39.27	30	31
8322	0	46.56	47.64	30	31
8322	1	50.9	52.67	30	31
8322	6	45.7	39.27	30	31
8323	0	44.18	52.67	30	32
8323	1	50.9	52.67	30	32
8323	6	43.66	39.27	30	32
8324	0	45.28	44.63	34	33
8324	1	50.9	52.67	34	33
8324	6	43.45	39.27	34	33
8330	0	35.57	44.63	26	32
8330	1	32.08	52.67	26	32
8330	6	35.89	39.27	26	32
8331	0	31.46	44.63	26	31
8331	1	32.08	52.67	26	31
8331	6	31.16	39.27	26	31
8332	0	39.79	44.63	26	32
8332	1	32.08	52.67	26	32
8332	6	40.31	39.27	26	32
8333	0	35.66	45.97	28	33
8333	1	32.08	52.67	28	33
8333	6	35.7	39.27	28	33
8334	0	35.7	39.27	28	28
8334	1	32.08	52.67	28	28
8334	6	35.7	39.27	28	28
8340	0	42.27	45.72	32	29
8340	1	42.27	52.67	32	29
8340	6	42.27	39.27	32	29
8400	0	40.52	40.05	24	33
8400	1	49.75	52.67	24	33
8400	6	39.56	39.71	24	33
9000	0	37.7	38.81	20	21
9000	1	38.15	37.07	20	21
9000	6	37.69	38.85	20	21
9100	0	37.91	38.29	25	23
9100	1	38.23	38.86	25	23
9100	6	37.91	38.27	25	23
9110	0	37.91	38	29	25
9110	1	38.23	38.86	29	25
9110	6	37.91	38	29	25
9111	0	37.91	38	29	24
9111	1	38.23	38.86	29	24
9111	6	37.91	38	29	24
9112	0	37.91	38	28	24
9112	1	38.23	38.86	28	24
9112	6	37.91	38	28	24
9113	0	37.91	38	29	26
9113	1	38.23	38	29	26
9113	6	37.91	38	29	26
9120	0	37.91	38.29	28	12
9120	1	38.23	38.86	28	12
9120	6	37.91	38.27	28	12
9130	0	41.37	38.2	16	21
9130	1	41.37	38.86	16	21
9130	6	41.37	38.18	16	21
9131	0	41.37	37.88	16	22
9131	1	41.37	38.86	16	22
9131	6	41.37	37.88	16	22
9132	0	41.37	37.88	16	21
9132	1	41.37	37.88	16	21
9132	6	41.37	37.88	16	21
9133	0	41.37	40.62	16	22
9133	1	41.37	40.62	16	22
9133	6	41.37	40.62	16	22
9140	0	38.36	39.49	23	23
9140	1	38.36	38.86	23	23
9140	6	38.36	39.49	23	23
9141	0	38.36	39.49	23	25
9141	1	38.36	39.49	23	25
9141	6	38.36	39.49	23	25
9142	0	38.36	39.49	23	19
9142	1	38.36	39.49	23	19
9142	6	38.36	39.49	23	19
9150	0	37.15	39.49	27	20
9150	1	37.96	38.86	27	20
9150	6	37.13	39.49	27	20
9151	0	43.87	39.49	25	22
9151	1	43.87	39.49	25	22
9151	6	43.87	39.49	25	22
9152	0	32.04	39.49	27	20
9152	1	32.04	39.49	27	20
9152	6	32.04	39.49	27	20
9153	0	37.15	39.49	27	21
9153	1	37.96	38.86	27	21
9153	6	37.13	39.49	27	21
9160	0	35.37	38	23	13
9160	1	35.37	38.86	23	13
9160	6	35.37	38	23	13
9161	0	35.37	38	23	13
9161	1	35.37	38	23	13
9161	6	35.37	38	23	13
9162	0	35.37	38	23	13
9162	1	35.37	38	23	13
9162	6	35.37	38	23	13
9200	0	30.9	32.46	16	23
9200	1	38.15	32.46	16	23
9200	6	30.9	32.46	16	23
9210	0	30.9	32.46	16	23
9210	1	30.9	32.46	16	23
9210	6	30.9	32.46	16	23
9211	0	30.9	32.46	16	23
9211	1	30.9	32.46	16	23
9211	6	30.9	32.46	16	23
9212	0	30.9	32.46	16	18
9212	1	30.9	32.46	16	18
9212	6	30.9	32.46	16	18
9213	0	30.9	32.46	16	23
9213	1	30.9	32.46	16	23
9213	6	30.9	32.46	16	23
9300	0	38.06	39.67	23	18
9300	1	38.11	39.43	23	18
9300	6	38.05	39.67	23	18
9310	0	39.55	38	21	16
9310	1	38.72	39.43	21	16
9310	6	39.57	38	21	16
9311	0	37.2	38	21	18
9311	1	37.2	38	21	18
9311	6	37.2	38	21	18
9312	0	41.77	38	21	15
9312	1	41.77	38	21	15
9312	6	41.77	38	21	15
9313	0	41.77	38	21	15
9313	1	38.72	39.43	21	15
9313	6	41.77	38	21	15
9320	0	39.26	39.85	20	19
9320	1	39.13	39.43	20	19
9320	6	39.26	39.86	20	19
9321	0	39.6	40.33	20	18
9321	1	39.6	40.33	20	18
9321	6	39.6	40.33	20	18
9322	0	36.8	37.18	24	22
9322	1	36.8	37.18	24	22
9322	6	36.8	37.18	24	22
9330	0	35.16	38	29	20
9330	1	30.13	39.43	29	20
9330	6	35.2	38	29	20
9331	0	30.13	38	22	17
9331	1	30.13	39.43	22	17
9331	6	30.13	38	22	17
9332	0	30.13	38	22	22
9332	1	30.13	39.43	22	22
9332	6	30.13	38	22	22
9333	0	36.4	38	30	20
9333	1	30.13	38	30	20
9333	6	36.4	38	30	20
