OCCBST	OCC	EMPST	HITCS	WITCS	HISCS	WISCS
31	3	1	86.1	85.8	57.2	56.6
32	3	2	86.1	85.8	48.8	59.2
33	3	3	86.1	85.8	66.5	65.9
34	3	4	86.1	85.8	76.9	77
35	3	5	86.1	85.8	63.8	58.1
39	3	9	86.1	85.8	76.9	77
41	4	1	56.4	55.5	57.2	56.6
42	4	2	56.4	55.5	48.8	59.2
43	4	3	56.4	55.5	66.5	65.9
44	4	4	56.4	55.5	52	49.4
45	4	5	56.4	55.5	63.8	58.1
49	4	9	56.4	55.5	52	49.4
51	5	1	67.7	57.2	57.2	56.6
52	5	2	67.7	57.2	48.8	59.2
53	5	3	67.7	57.2	66.5	65.9
54	5	4	67.7	57.2	63	52.8
55	5	5	67.7	57.2	63.8	58.1
59	5	9	67.7	57.2	63	52.8
61	6	1	60.2	54	57.2	56.6
62	6	2	60.2	54	48.8	59.2
63	6	3	60.2	54	66.5	65.9
64	6	4	60.2	54	55.5	48.7
65	6	5	60.2	54	63.8	58.1
69	6	9	60.2	54	55.5	48.7
71	7	1	72.2	60.4	73.8	62.3
72	7	2	72.2	60.4	48.8	59.2
73	7	3	72.2	60.4	64.7	74.6
74	7	4	72.2	60.4	69.2	59.9
75	7	5	72.2	60.4	72.9	59.2
79	7	9	72.2	60.4	72.5	59.2
81	8	1	59.8	62	53.5	62.3
82	8	2	59.8	62	44.1	73.9
83	8	3	59.8	62	52.5	74.6
84	8	4	59.8	62	52.8	58.2
85	8	5	59.8	62	61.9	61
89	8	9	59.8	62	58.5	61.9
91	9	1	66.5	63.1	71.7	62.3
92	9	2	66.5	63.1	48.8	59.2
93	9	3	66.5	63.1	76.5	74.6
94	9	4	66.5	63.1	54.4	62.4
95	9	5	66.5	63.1	66.6	62.4
99	9	9	66.5	63.1	64.8	62.4
131	13	1	70.4	67.6	69.6	74.3
132	13	2	70.4	67.6	50.5	73.9
133	13	3	70.4	67.6	67	81.7
134	13	4	70.4	67.6	65.4	67.5
135	13	5	70.4	67.6	71.5	67.5
139	13	9	70.4	67.6	71.2	68.2
141	14	1	75.1	64.2	65.1	54.3
142	14	2	75.1	64.2	48.8	73.9
143	14	3	75.1	64.2	65.1	45.2
144	14	4	75.1	64.2	72.5	62.4
145	14	5	75.1	64.2	77.7	65.7
149	14	9	75.1	64.2	74.2	63.5
151	15	1	68.9	59.9	71.7	62.3
152	15	2	68.9	59.9	48.8	73.9
153	15	3	68.9	59.9	76.5	74.6
154	15	4	68.9	59.9	59.4	49.3
155	15	5	68.9	59.9	70.2	58.7
159	15	9	68.9	59.9	67.4	57.1
161	16	1	56.5	38.4	57.2	56.6
162	16	2	56.5	38.4	48.8	59.2
163	16	3	56.5	38.4	66.5	65.9
164	16	4	56.5	38.4	50.3	35.4
165	16	5	56.5	38.4	63.8	58.1
169	16	9	56.5	38.4	50.3	35.4
171	17	1	55.2	44.4	50.5	44.7
172	17	2	55.2	44.4	44.1	54.9
173	17	3	55.2	44.4	54.1	58.2
174	17	4	55.2	44.4	43.3	36.4
175	17	5	55.2	44.4	49.9	38.4
179	17	9	55.2	44.4	50.4	39.9
181	18	1	61.9	54.1	71.7	59.9
182	18	2	61.9	54.1	50.5	58.1
183	18	3	61.9	54.1	76.5	68.8
184	18	4	61.9	54.1	57.1	47.1
185	18	5	61.9	54.1	61.7	51.9
189	18	9	61.9	54.1	64.9	53.1
191	19	1	59.5	42.5	63.1	59.9
192	19	2	59.5	42.5	48.8	59.2
193	19	3	59.5	42.5	64.7	68.8
194	19	4	59.5	42.5	57.1	54.4
195	19	5	59.5	42.5	57.1	51.9
199	19	9	59.5	42.5	59.1	57.7
211	21	1	62.9	64.3	57.4	60
212	21	2	62.9	64.3	48.8	58.1
213	21	3	62.9	64.3	49.8	66.9
214	21	4	62.9	64.3	60.4	49.2
215	21	5	62.9	64.3	62.3	64.3
219	21	9	62.9	64.3	61.4	62.7
221	22	1	63.3	62.6	55.7	60
222	22	2	63.3	62.6	50.5	58.1
223	22	3	63.3	62.6	68.4	66.9
224	22	4	63.3	62.6	58.2	59.4
225	22	5	63.3	62.6	62.6	59.9
229	22	9	63.3	62.6	62.2	60.2
231	23	1	69.4	63.7	70.3	71.2
232	23	2	69.4	63.7	64.4	74.1
233	23	3	69.4	63.7	74.8	74.6
234	23	4	69.4	63.7	61.3	53.8
235	23	5	69.4	63.7	68.3	63.3
239	23	9	69.4	63.7	67.7	62.5
241	24	1	73.3	58.7	71.6	71.7
242	24	2	73.3	58.7	64.4	69
243	24	3	73.3	58.7	73.4	74.6
244	24	4	73.3	58.7	65.4	54.9
245	24	5	73.3	58.7	72	57.7
249	24	9	73.3	58.7	72	57.7
251	25	1	71.9	60.6	71.6	55.6
252	25	2	71.9	60.6	64.4	74.1
253	25	3	71.9	60.6	72.6	74.6
254	25	4	71.9	60.6	65.4	54.9
255	25	5	71.9	60.6	71.5	59.8
259	25	9	71.9	60.6	71	59.1
261	26	1	76.6	77	77.4	83
262	26	2	76.6	77	64.4	95.1
263	26	3	76.6	77	76.3	95.1
264	26	4	76.6	77	69.3	61.5
265	26	5	76.6	77	77.5	73.3
269	26	9	76.6	77	76.4	75.7
271	27	1	58.8	63.9	66.6	78.3
272	27	2	58.8	63.9	64.4	63.5
273	27	3	58.8	63.9	85.7	73.9
274	27	4	58.8	63.9	50.9	54.8
275	27	5	58.8	63.9	56.9	63.7
279	27	9	58.8	63.9	55.7	62.1
281	28	1	50.1	41.6	54.9	61.8
282	28	2	50.1	41.6	54.9	69
283	28	3	50.1	41.6	54.9	77.4
284	28	4	50.1	41.6	44	55.1
285	28	5	50.1	41.6	44	34.7
289	28	9	50.1	41.6	46.7	34.7
291	29	1	55.9	57.8	52.5	61.8
292	29	2	55.9	57.8	64.4	63.5
293	29	3	55.9	57.8	68.5	73.9
294	29	4	55.9	57.8	53.8	55.8
295	29	5	55.9	57.8	53.8	55.8
299	29	9	55.9	57.8	54.8	56.1
331	33	1	57.5	54.7	63.9	61.8
332	33	2	57.5	54.7	64.4	63.5
333	33	3	57.5	54.7	55.9	73.9
334	33	4	57.5	54.7	51.3	53.7
335	33	5	57.5	54.7	56	53.3
339	33	9	57.5	54.7	55.9	53.4
341	34	1	64.2	69	63.9	71.2
342	34	2	64.2	69	64.4	69
343	34	3	64.2	69	55.9	74.6
344	34	4	64.2	69	51.3	64.7
345	34	5	64.2	69	65.9	64.7
349	34	9	64.2	69	62.5	64.7
351	35	1	52.8	58.8	52.5	71.7
352	35	2	52.8	58.8	50.5	69
353	35	3	52.8	58.8	68.5	73.9
354	35	4	52.8	58.8	48.1	54.2
355	35	5	52.8	58.8	48.9	51.6
359	35	9	52.8	58.8	48.4	61
361	36	1	57.4	57.5	63.9	78.3
362	36	2	57.4	57.5	64.4	69
363	36	3	57.4	57.5	55.9	77.4
364	36	4	57.4	57.5	52.3	54.2
365	36	5	57.4	57.5	56.2	51.6
369	36	9	57.4	57.5	52.8	53.6
371	37	1	59.1	63	63.9	78.3
372	37	2	59.1	63	50.5	63.5
373	37	3	59.1	63	55.9	73.9
374	37	4	59.1	63	58.1	58.7
375	37	5	59.1	63	54.8	60.7
379	37	9	59.1	63	55.7	60.3
431	43	1	77.6	81.1	78.7	89.5
432	43	2	77.6	81.1	64.4	81.5
433	43	3	77.6	81.1	80.6	89.5
434	43	4	77.6	81.1	70.9	78.3
435	43	5	77.6	81.1	79.1	78.3
439	43	9	77.6	81.1	78.4	81.5
441	44	1	70.1	76.2	75.4	72
442	44	2	70.1	76.2	69.2	76.7
443	44	3	70.1	76.2	67.6	76.7
444	44	4	70.1	76.2	72.7	76.7
445	44	5	70.1	76.2	68.9	76.7
449	44	9	70.1	76.2	69.2	76.7
451	45	1	72.5	71.1	70.7	78.6
452	45	2	72.5	71.1	73.2	78
453	45	3	72.5	71.1	67.6	73.4
454	45	4	72.5	71.1	72.7	66.9
455	45	5	72.5	71.1	73.2	66.9
459	45	9	72.5	65.1	73.2	70.3
461	46	1	70.8	71.1	75.4	72
462	46	2	70.8	71.1	66.1	78
463	46	3	70.8	71.1	73.3	73.4
464	46	4	70.8	71.1	72.7	73.6
465	46	5	70.8	71.1	66.1	66.9
469	46	9	70.8	65.1	66.1	70.3
471	47	1	77.5	71.1	75.4	78.6
472	47	2	77.5	71.1	83.2	78
473	47	3	77.5	71.1	67.6	73.4
474	47	4	77.5	71.1	72.7	73.6
475	47	5	77.5	71.1	83.2	66.9
479	47	9	77.5	65.1	83.2	70.3
481	48	1	73.8	65.1	75.4	66.9
482	48	2	73.8	65.1	72.6	66.9
483	48	3	73.8	65.1	67.6	66.9
484	48	4	73.8	65.1	72.7	66.9
485	48	5	73.8	65.1	72.6	66.9
489	48	9	73.8	65.1	72.6	66.9
491	49	1	67.6	71.1	70.7	72
492	49	2	67.6	71.1	62.8	78
493	49	3	67.6	71.1	67.6	73.4
494	49	4	67.6	71.1	60.1	75.7
495	49	5	67.6	71.1	64.8	75.3
499	49	9	67.6	75.1	62.8	70.3
531	53	1	70.8	75.1	75.4	72
532	53	2	70.8	75.1	69	75.5
533	53	3	70.8	75.1	67.6	75.5
534	53	4	70.8	75.1	63.7	75.7
535	53	5	70.8	75.1	71.6	75.3
539	53	9	70.8	75.1	69	75.5
541	54	1	69.4	71.1	70.7	78.6
542	54	2	69.4	71.1	68	78
543	54	3	69.4	71.1	73.3	73.4
544	54	4	69.4	71.1	63.7	73.6
545	54	5	69.4	71.1	71.6	69.9
549	54	9	70.8	71.1	68	70.3
551	55	1	70	74.8	65.4	72
552	55	2	70	74.8	68.9	73.3
553	55	3	70	74.8	82.2	92.1
554	55	4	70	74.8	61.4	71.6
555	55	5	70	74.8	69.5	73.3
559	55	9	70	74.8	68.9	73.3
561	56	1	62.7	64.2	67.5	62.8
562	56	2	62.7	64.2	60.9	62.8
563	56	3	62.7	64.2	65.9	62.8
564	56	4	62.7	64.2	64.5	62.8
565	56	5	62.7	64.2	60.5	62.8
569	56	9	62.7	64.2	60.9	62.8
571	57	1	66.3	61.1	67.5	60.2
572	57	2	66.3	61.1	64.9	60.2
573	57	3	66.3	61.1	65.9	60.2
574	57	4	66.3	61.1	59.5	60.2
575	57	5	66.3	61.1	65.1	60.2
579	57	9	66.3	61.1	64.9	60.2
581	58	1	55.9	71.1	67.5	72
582	58	2	55.9	71.1	52	78
583	58	3	55.9	71.1	65.9	73.4
584	58	4	55.9	71.1	64.5	60.2
585	58	5	55.9	71.1	52	60.2
589	58	9	55.9	61.1	52	70.3
591	59	1	71.4	73.3	71.2	72
592	59	2	71.4	73.3	69.9	72.5
593	59	3	71.4	73.3	77.8	92.1
594	59	4	71.4	73.3	67.7	71.6
595	59	5	71.4	73.3	70.1	72.9
599	59	9	71.4	73.3	69.9	72.5
631	63	1	72.3	71.1	71.2	78.6
632	63	2	72.3	71.1	69.3	78
633	63	3	72.3	71.1	77.8	73.4
634	63	4	72.3	71.1	69.3	73.6
635	63	5	72.3	71.1	69.3	69.9
639	63	9	72.3	71.1	69.3	70.3
641	64	1	73.5	72.5	77.3	72
642	64	2	73.5	72.5	77.3	72
643	64	3	73.5	72.5	72.4	72
644	64	4	73.5	72.5	67.7	67.6
645	64	5	73.5	72.5	72.5	71.5
649	64	9	73.5	72.5	72.1	70.9
651	65	1	66.9	67.8	77.3	72
652	65	2	66.9	67.8	65	72
653	65	3	66.9	67.8	72.4	72
654	65	4	66.9	67.8	60.3	62.5
655	65	5	66.9	67.8	66.3	67
659	65	9	66.9	67.8	65	66.3
661	66	1	71.5	70.9	77.3	72
662	66	2	71.5	70.9	86.9	82.3
663	66	3	71.5	70.9	72.4	72
664	66	4	71.5	70.9	86.9	82.3
665	66	5	71.5	70.9	86.9	82.3
669	66	9	81.6	81.9	86.9	82.3
671	67	1	70.7	72.4	77.3	72
672	67	2	70.7	72.4	67.7	70.2
673	67	3	70.7	72.4	72.4	70.2
674	67	4	70.7	72.4	67	71.2
675	67	5	70.7	72.4	68	69.8
679	67	9	70.7	72.4	67.7	70.2
681	68	1	81.6	81.9	77.3	72
682	68	2	81.6	81.9	74.1	78
683	68	3	81.6	81.9	72.4	73.4
684	68	4	81.6	81.9	74.1	82.3
685	68	5	81.6	81.9	74.1	82.3
689	68	9	81.6	81.9	74.1	69.3
691	69	1	89.7	73.4	76.8	81.9
692	69	2	89.7	73.4	87.9	78
693	69	3	89.7	73.4	76.8	73.4
694	69	4	89.7	73.4	78.9	76.1
695	69	5	89.7	73.4	92.8	81.4
699	69	9	89.7	81.1	87.9	71.6
731	73	1	70.3	72	69.7	81.9
732	73	2	70.3	72	67.9	69.4
733	73	3	70.3	72	75.1	69.4
734	73	4	70.3	72	64.9	77.6
735	73	5	70.3	72	68.5	67.5
739	73	9	70.3	72	67.9	69.4
741	74	1	71.2	73.4	73.3	81.9
742	74	2	71.2	73.4	68.9	78
743	74	3	71.2	73.4	75.1	73.4
744	74	4	71.2	73.4	68.9	76.1
745	74	5	71.2	73.4	68.9	81.4
749	74	9	71.2	81.1	68.9	71.6
751	75	1	78.6	73.4	73.8	81.9
752	75	2	78.6	73.4	77.5	78
753	75	3	78.6	73.4	75.1	73.4
754	75	4	78.6	73.4	77.5	76.1
755	75	5	78.6	73.4	78.9	81.4
759	75	9	78.6	81.1	77.5	71.6
761	76	1	81.6	81.1	73.8	79.2
762	76	2	81.6	81.1	78.6	79.2
763	76	3	81.6	81.1	75.1	79.2
764	76	4	81.6	81.1	68.6	76.1
765	76	5	81.6	81.1	87.5	81.4
769	76	9	81.6	81.1	78.6	79.2
771	77	1	67.1	64.8	69.7	81.9
772	77	2	67.1	64.8	67.3	54.6
773	77	3	67.1	64.8	75.1	92.1
774	77	4	67.1	64.8	66.7	74.3
775	77	5	67.1	64.8	66.7	54.6
779	77	9	67.1	64.8	67.3	54.6
781	78	1	83	75.1	73.8	81.9
782	78	2	83	75.1	79.3	74.2
783	78	3	83	75.1	75.1	92.1
784	78	4	83	75.1	82.3	74.3
785	78	5	83	75.1	75.1	74.1
789	78	9	83	75.1	79.3	74.2
791	79	1	62.9	49.6	76.8	81.9
792	79	2	62.9	49.6	76.8	50.6
793	79	3	62.9	49.6	76.8	50.6
794	79	4	62.9	49.6	58	50.6
795	79	5	62.9	49.6	56.7	50.6
799	79	9	62.9	49.6	60.3	50.6
831	83	1	87.8	81	76.8	81.9
832	83	2	87.8	81	89	80
833	83	3	87.8	81	76.8	80
834	83	4	87.8	81	77.2	82.7
835	83	5	87.8	81	95.3	78.2
839	83	9	87.8	81	89	80
841	84	1	86.1	83.3	83	88.4
842	84	2	86.1	83.3	79.4	79.5
843	84	3	86.1	83.3	79.4	79.5
844	84	4	86.1	83.3	81.1	87
845	84	5	86.1	83.3	90.9	81
849	84	9	86.1	83.3	84.9	83.2
851	85	1	78.4	74	81.2	79
852	85	2	78.4	74	78.4	72.9
853	85	3	78.4	74	73.9	92.1
854	85	4	78.4	74	77.7	69
855	85	5	78.4	74	79	69
859	85	9	78.4	74	78.4	72.9
861	86	1	74.6	77.5	78.1	81.9
862	86	2	74.6	77.5	72.7	75.8
863	86	3	74.6	77.5	70.8	92.1
864	86	4	74.6	77.5	77.7	75.8
865	86	5	74.6	77.5	66.6	75.8
869	86	9	74.6	77.5	72.7	75.8
871	87	1	76	88.9	72.5	88.4
872	87	2	76	88.9	75.3	79.5
873	87	3	76	88.9	76.2	79.5
874	87	4	76	88.9	77.7	87
875	87	5	76	88.9	79.3	81
879	87	9	76	88.9	75.3	79.7
881	88	1	79.9	79.9	88	88.4
882	88	2	79.9	79.9	88	78
883	88	3	79.9	79.9	88	79.5
884	88	4	79.9	79.9	81.1	87
885	88	5	79.9	79.9	90.9	81
889	88	9	79.9	88.9	88	79.7
891	89	1	72.8	60.3	69.9	81.9
892	89	2	72.8	60.3	72.9	67.9
893	89	3	72.8	60.3	80.4	92.1
894	89	4	72.8	60.3	80.5	87
895	89	5	72.8	60.3	73	53.7
899	89	9	72.8	60.3	72.9	67.9
951	95	1	59.8	65	72.3	67.1
952	95	2	59.8	65	56.6	89.2
953	95	3	59.8	65	72.3	66.3
954	95	4	59.8	65	50	62.3
955	95	5	59.8	65	58.2	63.5
959	95	9	59.8	65	56.6	63.4
961	96	1	67.8	72.3	69	67.1
962	96	2	67.8	72.3	69.9	89.2
963	96	3	67.8	72.3	69.9	92.1
964	96	4	67.8	72.3	60.1	77.4
965	96	5	67.8	72.3	70.1	70.2
969	96	9	67.8	72.3	69.2	71
971	97	1	47.1	65.4	72.3	84.9
972	97	2	47.1	65.4	64	89.2
973	97	3	47.1	65.4	69.9	92.1
974	97	4	47.1	65.4	44.6	63.1
975	97	5	47.1	65.4	52.6	61.9
979	97	9	47.1	65.4	64	64.8
981	98	1	57.5	59.9	72.3	82.4
982	98	2	57.5	59.9	50.7	82.9
983	98	3	57.5	59.9	72.3	57.3
984	98	4	57.5	59.9	44.6	57.3
985	98	5	57.5	59.9	52.6	57.3
989	98	9	57.5	59.9	50.7	57.3
991	99	1	67.5	77.8	75.2	81.1
992	99	2	67.5	77.8	62.2	81.1
993	99	3	67.5	77.8	76.8	81.1
994	99	4	67.5	77.8	60.3	72.2
995	99	5	67.5	77.8	52	79.1
999	99	9	67.5	77.8	62.2	77.7
1031	103	1	69.4	73.3	75.2	75.8
1032	103	2	69.4	73.3	73.4	75.8
1033	103	3	69.4	73.3	75.2	75.8
1034	103	4	69.4	73.3	60.3	84
1035	103	5	69.4	73.3	72.1	71.9
1039	103	9	69.4	73.3	73.4	73.4
1041	104	1	82.8	80	75.2	92.1
1042	104	2	82.8	80	78.2	92.1
1043	104	3	82.8	80	78.2	92.1
1044	104	4	82.8	80	78.2	75.9
1045	104	5	82.8	80	78.2	82.5
1049	104	9	82.8	80	78.2	79.6
1051	105	1	67.5	70.7	75.2	82.9
1052	105	2	67.5	70.7	55.9	69.9
1053	105	3	67.5	70.7	75.2	82.9
1054	105	4	67.5	70.7	60.3	55.6
1055	105	5	67.5	70.7	52	72.6
1059	105	9	67.5	70.7	55.9	69.9
1061	106	1	69.3	60.5	75.2	82.9
1062	106	2	69.3	60.5	68.3	59.4
1063	106	3	69.3	60.5	68.3	59.4
1064	106	4	69.3	60.5	61.8	59.4
1065	106	5	69.3	60.5	72.4	59.4
1069	106	9	69.3	60.5	68.3	59.4
1131	113	1	86	78	77.3	78.6
1132	113	2	86	78	83.3	78
1133	113	3	86	78	76.8	73.4
1134	113	4	86	78	84.1	76.2
1135	113	5	86	78	86.1	68.4
1139	113	9	93	68.7	83.3	77.1
1141	114	1	94.5	68.7	77.3	78.6
1142	114	2	94.5	68.7	83.3	78
1143	114	3	94.5	68.7	76.8	73.4
1144	114	4	94.5	68.7	84.1	68.4
1145	114	5	94.5	68.7	86.1	68.4
1149	114	9	94.5	68.7	83.3	77.1
1151	115	1	86	78	77.3	78.6
1152	115	2	86	78	83.3	78
1153	115	3	86	78	76.8	73.4
1154	115	4	86	78	84.1	68.4
1155	115	5	86	78	86.1	68.4
1159	115	9	93	68.7	83.3	77.1
1161	116	1	93	78	77.3	78.6
1162	116	2	93	78	83.3	78
1163	116	3	93	78	76.8	73.4
1164	116	4	93	78	84.1	68.4
1165	116	5	93	78	86.1	78.8
1169	116	9	93	68.7	83.3	77.1
1171	117	1	86	78	77.3	78.6
1172	117	2	86	78	83.3	78
1173	117	3	86	78	76.8	73.4
1174	117	4	86	78	79.5	76.2
1175	117	5	86	78	89.1	78.8
1179	117	9	86	78	83.3	77.1
1181	118	1	86	78	77.3	78.6
1182	118	2	86	78	83.3	78
1183	118	3	86	78	76.8	73.4
1184	118	4	86	78	84.1	89.1
1185	118	5	86	78	86.1	89.1
1189	118	9	99	88.6	83.3	77.1
1191	119	1	99	88.6	99	89.1
1192	119	2	99	88.6	99	89.1
1193	119	3	99	88.6	99	89.1
1194	119	4	99	88.6	99	89.1
1195	119	5	99	88.6	99	89.1
1199	119	9	99	88.6	99	89.1
1231	123	1	86	78	77.3	78.6
1232	123	2	86	78	83.3	78
1233	123	3	86	78	76.8	73.4
1234	123	4	86	78	99	89.1
1235	123	5	86	78	99	89.1
1239	123	9	99	88.6	83.3	77.1
1241	124	1	86	78	77.3	78.6
1242	124	2	86	78	83.3	78
1243	124	3	86	78	76.8	73.4
1244	124	4	86	78	99	76.2
1245	124	5	86	78	99	78.8
1249	124	9	99	78	83.3	77.1
1251	125	1	86	78	77.3	78.6
1252	125	2	86	78	83.3	78
1253	125	3	86	78	76.8	73.4
1254	125	4	86	78	99	89.1
1255	125	5	86	78	99	89.1
1259	125	9	99	88.6	83.3	77.1
1261	126	1	86	78	77.3	78.6
1262	126	2	86	78	83.3	78
1263	126	3	86	78	76.8	73.4
1264	126	4	86	78	99	89.1
1265	126	5	86	78	99	78.8
1269	126	9	99	88.6	83.3	77.1
1271	127	1	64.5	78	84.9	68.4
1272	127	2	64.5	78	84.9	68.4
1273	127	3	64.5	78	84.9	68.4
1274	127	4	64.5	78	84.1	68.4
1275	127	5	64.5	78	86.1	68.4
1279	127	9	64.5	68.7	84.9	68.4
1281	128	1	87.7	75.3	91.2	73.2
1282	128	2	87.7	75.3	91.2	73.2
1283	128	3	87.7	75.3	91.2	73.2
1284	128	4	87.7	75.3	91.2	73.2
1285	128	5	87.7	75.3	91.2	73.2
1289	128	9	87.7	75.3	91.2	73.2
1291	129	1	86	78	77.3	78.6
1292	129	2	86	78	83.3	78
1293	129	3	86	78	76.8	73.4
1294	129	4	86	78	99	72.5
1295	129	5	86	78	99	72.5
1299	129	9	99	75.5	83.3	77.1
1331	133	1	86	78	77.3	78.6
1332	133	2	86	78	83.3	78
1333	133	3	86	78	76.8	73.4
1334	133	4	86	78	99	72.5
1335	133	5	86	78	99	72.5
1339	133	9	99	75.5	83.3	77.1
1341	134	1	99	75.5	99	72.5
1342	134	2	99	75.5	99	72.5
1343	134	3	99	75.5	99	72.5
1344	134	4	99	75.5	99	72.5
1345	134	5	99	75.5	99	72.5
1349	134	9	99	75.5	99	72.5
1351	135	1	86	78	77.3	78.6
1352	135	2	86	78	83.3	78.6
1353	135	3	86	78	76.8	78.6
1354	135	4	86	78	87.4	78.6
1355	135	5	86	78	87.6	78.6
1359	135	9	99	78.3	83.3	78.6
1361	136	1	86	78	77.3	78.6
1362	136	2	86	78	83.3	78
1363	136	3	86	78	76.8	73.4
1364	136	4	86	78	65.6	76.2
1365	136	5	86	78	65.6	78.8
1369	136	9	69.8	78	83.3	77.1
1371	137	1	92.9	72.4	88.6	72.1
1372	137	2	92.9	72.4	88.6	72.1
1373	137	3	92.9	72.4	88.6	72.1
1374	137	4	92.9	72.4	88.6	72.1
1375	137	5	92.9	72.4	88.6	72.1
1379	137	9	92.9	72.4	88.6	72.1
1381	138	1	86	78	77.3	78.6
1382	138	2	86	78	83.3	78
1383	138	3	86	78	76.8	73.4
1384	138	4	86	78	65.6	72
1385	138	5	86	78	65.6	72
1389	138	9	69.8	75.7	83.3	77.1
1391	139	1	86	78	77.3	78.6
1392	139	2	86	78	83.3	78
1393	139	3	86	78	76.8	73.4
1394	139	4	86	78	87.4	78.6
1395	139	5	86	78	87.6	78.6
1399	139	9	99	78.3	83.3	77.1
1431	143	1	83.8	79.3	84.1	77.6
1432	143	2	83.8	79.3	84.1	77.6
1433	143	3	83.8	79.3	84.1	77.6
1434	143	4	83.8	79.3	84.1	77.6
1435	143	5	83.8	79.3	87.6	77.6
1439	143	9	83.8	79.3	84.1	77.6
1441	144	1	86	84.8	77.3	87.1
1442	144	2	86	84.8	83.3	87.1
1443	144	3	86	84.8	76.8	87.1
1444	144	4	86	84.8	87.4	87.1
1445	144	5	86	84.8	87.6	87.1
1449	144	9	69.8	84.8	83.3	87.1
1451	145	1	99	78.3	87.5	78.6
1452	145	2	99	78.3	87.5	78
1453	145	3	99	78.3	87.5	73.4
1454	145	4	99	78.3	87.4	78.6
1455	145	5	99	78.3	87.6	78.6
1459	145	9	99	78.3	87.5	77.1
1461	146	1	86	78	77.3	78.6
1462	146	2	86	78	83.3	78
1463	146	3	86	78	76.8	73.4
1464	146	4	86	78	79.5	78.6
1465	146	5	86	78	89.1	78.6
1469	146	9	86	78.3	83.3	77.1
1471	147	1	86	78	77.3	78.6
1472	147	2	86	78	83.3	78
1473	147	3	86	78	76.8	73.4
1474	147	4	86	78	87.4	78.6
1475	147	5	86	78	87.6	78.6
1479	147	9	99	78.3	83.3	77.1
1481	148	1	86	78	77.3	78.6
1482	148	2	86	78	83.3	78
1483	148	3	86	78	76.8	73.4
1484	148	4	86	78	87.4	78.6
1485	148	5	86	78	87.6	78.6
1489	148	9	99	78.3	83.3	77.1
1491	149	1	86	78	77.3	78.6
1492	149	2	86	78	83.3	78
1493	149	3	86	78	76.8	73.4
1494	149	4	86	78	79.5	72
1495	149	5	86	78	89.1	72
1499	149	9	86	75.7	83.3	77.1
1531	153	1	69.8	75.7	65.6	72
1532	153	2	69.8	75.7	65.6	72
1533	153	3	69.8	75.7	65.6	72
1534	153	4	69.8	75.7	65.6	72
1535	153	5	69.8	75.7	65.6	72
1539	153	9	69.8	75.7	65.6	72
1541	154	1	86	78.4	83	77.6
1542	154	2	86	78.4	83	77.6
1543	154	3	86	78.4	83	77.6
1544	154	4	86	78.4	79.9	76.7
1545	154	5	86	78.4	88	79
1549	154	9	86	78.4	83	77.6
1551	155	1	64.1	62.1	64.9	63.7
1552	155	2	64.1	62.1	65.8	63.7
1553	155	3	64.1	62.1	72.7	63.7
1554	155	4	64.1	62.1	51.5	47.9
1555	155	5	64.1	62.1	65.8	61.1
1559	155	9	59.3	62.1	65.8	59.9
1561	156	1	65.2	68.6	64.9	74.6
1562	156	2	65.2	68.6	62	66.1
1563	156	3	65.2	68.6	72.7	60.2
1564	156	4	65.2	68.6	61.7	65.3
1565	156	5	65.2	68.6	63.5	68.7
1569	156	9	65.2	68.6	62	66.1
1571	157	1	66.3	71.4	64.9	74.6
1572	157	2	66.3	71.4	62.7	69.7
1573	157	3	66.3	71.4	72.7	60.2
1574	157	4	66.3	71.4	62.1	68.5
1575	157	5	66.3	71.4	64.7	73
1579	157	9	66.3	71.4	62.7	69.7
1581	158	1	59.3	65.8	64.9	63.7
1582	158	2	59.3	65.8	51.5	63.7
1583	158	3	59.3	65.8	72.7	63.7
1584	158	4	59.3	65.8	51.5	63.7
1585	158	5	59.3	65.8	65.8	62.6
1589	158	9	59.3	65.8	51.5	63.3
1591	159	1	57.8	72.1	64.9	76.5
1592	159	2	57.8	72.1	72.7	60.2
1593	159	3	57.8	72.1	72.7	60.2
1594	159	4	57.8	72.1	51.3	67.3
1595	159	5	57.8	72.1	60	70.8
1599	159	9	57.8	72.1	56.5	71.2
1631	163	1	69	74.9	64.9	76.5
1632	163	2	69	74.9	64.5	60.2
1633	163	3	69	74.9	72.7	60.2
1634	163	4	69	74.9	62.2	74.2
1635	163	5	69	74.9	69.2	75
1639	163	9	69	74.9	64.5	74.5
1641	164	1	77.1	73.8	88.2	89.1
1642	164	2	77.1	73.8	75.3	76.5
1643	164	3	77.1	73.8	75.3	89.1
1644	164	4	77.1	73.8	72.6	66.7
1645	164	5	77.1	73.8	78.5	75.6
1649	164	9	77.1	73.8	75.3	70.1
1651	165	1	75.8	80.1	88.2	89.1
1652	165	2	75.8	80.1	72.7	79.4
1653	165	3	75.8	80.1	89.5	89.1
1654	165	4	75.8	80.1	73.9	76.7
1655	165	5	75.8	80.1	71.6	80.6
1659	165	9	75.8	80.1	72.7	79.4
1661	166	1	79.5	78.7	88.2	89.1
1662	166	2	79.5	78.7	80.6	80.6
1663	166	3	79.5	78.7	89.5	89.1
1664	166	4	79.5	78.7	81.2	80.3
1665	166	5	79.5	78.7	78.8	79.3
1669	166	9	79.5	78.7	80.6	80.6
1671	167	1	86.9	85	93.5	94.4
1672	167	2	86.9	85	88.1	94.4
1673	167	3	86.9	85	88.1	94.4
1674	167	4	86.9	85	81.6	79.2
1675	167	5	86.9	85	83.9	81.1
1679	167	9	86.9	85	85.5	84.7
1681	168	1	83.1	82.5	91.7	94.4
1682	168	2	83.1	82.5	82.2	78
1683	168	3	83.1	82.5	88.8	73.4
1684	168	4	83.1	82.5	73.2	75.4
1685	168	5	83.1	82.5	81.1	75.4
1689	168	9	83.1	83.1	82.2	82.5
1691	169	1	83.1	83.1	88.2	89.1
1692	169	2	83.1	83.1	81	76.5
1693	169	3	83.1	83.1	88.8	75.4
1694	169	4	83.1	83.1	73.2	75.4
1695	169	5	83.1	83.1	99	75.4
1699	169	9	83.1	83.1	81	75.4
1731	173	1	85.8	79	91.7	93.3
1732	173	2	85.8	79	75.5	75.4
1733	173	3	85.8	79	89.5	75.4
1734	173	4	85.8	79	75.5	75.4
1735	173	5	85.8	79	99	75.4
1739	173	9	85.8	79	75.5	75.4
1741	174	1	65.4	66	75.6	92.9
1742	174	2	65.4	66	75.6	76.5
1743	174	3	65.4	66	75.6	92.9
1744	174	4	65.4	66	61.6	58.8
1745	174	5	65.4	66	58.9	66.9
1749	174	9	65.4	66	61.2	63.4
1751	175	1	56.4	59.4	75.6	92.9
1752	175	2	56.4	59.4	53.2	56.5
1753	175	3	56.4	59.4	75.6	92.9
1754	175	4	56.4	59.4	53.2	56.1
1755	175	5	56.4	59.4	53.2	56.6
1759	175	9	56.4	59.4	53.2	56.5
1761	176	1	63.1	72.5	75.6	92.9
1762	176	2	63.1	72.5	61.9	71.2
1763	176	3	63.1	72.5	61.9	71.2
1764	176	4	63.1	72.5	69.5	71.2
1765	176	5	63.1	72.5	61.8	71.2
1769	176	9	63.1	72.5	61.9	71.2
1771	177	1	70.8	71.2	75.6	92.9
1772	177	2	70.8	71.2	70.9	70
1773	177	3	70.8	71.2	70.9	70
1774	177	4	70.8	71.2	70.9	58.8
1775	177	5	70.8	71.2	70.9	70
1779	177	9	70.8	71.2	70.9	70
1781	178	1	86.5	85.5	84.7	89.7
1782	178	2	86.5	85.5	80.1	79.9
1783	178	3	86.5	85.5	80.1	79.9
1784	178	4	86.5	85.5	81.2	85.5
1785	178	5	86.5	85.5	88.7	86.5
1789	178	9	86.5	85.5	85.2	86.6
1791	179	1	81.1	57.8	84.7	89.7
1792	179	2	81.1	57.8	78.2	53.5
1793	179	3	81.1	57.8	80.1	79.9
1794	179	4	81.1	57.8	78.2	53.5
1795	179	5	81.1	57.8	88.7	86.5
1799	179	9	81.1	57.8	78.2	53.5
1831	183	1	79.4	88	79.6	90.7
1832	183	2	79.4	88	79.6	90.7
1833	183	3	79.4	88	78.4	90.7
1834	183	4	79.4	88	66	79.3
1835	183	5	79.4	88	85.3	79.5
1839	183	9	79.4	88	81.7	86.9
1841	184	1	70.1	76.6	68.9	90.7
1842	184	2	70.1	76.6	68.7	90.7
1843	184	3	70.1	76.6	69.9	90.7
1844	184	4	70.1	76.6	62.7	79.3
1845	184	5	70.1	76.6	68.7	76.3
1849	184	9	70.1	76.6	68.7	76.3
1851	185	1	63.4	65	68.9	71.6
1852	185	2	63.4	65	68.9	72.3
1853	185	3	63.4	65	69.9	75.1
1854	185	4	63.4	65	62.7	76
1855	185	5	63.4	65	61.1	60.6
1859	185	9	63.4	65	62.8	64.4
1861	186	1	66.2	74.4	61.4	84
1862	186	2	66.2	74.4	64.5	76.5
1863	186	3	66.2	74.4	79.9	70.6
1864	186	4	66.2	74.4	53	70.2
1865	186	5	66.2	74.4	69.5	70.2
1869	186	9	66.2	74.4	64.5	73.1
1871	187	1	75.3	79.8	83.7	85.6
1872	187	2	75.3	79.8	83.7	76.5
1873	187	3	75.3	79.8	79.9	85.6
1874	187	4	75.3	79.8	72.5	79
1875	187	5	75.3	79.8	72.5	79
1879	187	9	75.3	79.8	75.1	80.3
1881	188	1	63.4	69.2	70.2	75.9
1882	188	2	63.4	69.2	70.2	76.5
1883	188	3	63.4	69.2	69.1	70.6
1884	188	4	63.4	69.2	49.6	67.4
1885	188	5	63.4	69.2	60.8	59.4
1889	188	9	63.4	69.2	64.3	68.5
1891	189	1	62.3	57.3	65.5	67
1892	189	2	62.3	57.3	65.5	76.5
1893	189	3	62.3	57.3	66	70.6
1894	189	4	62.3	57.3	51.8	48.3
1895	189	5	62.3	57.3	60.4	48.3
1899	189	9	62.3	57.3	62	53.4
1931	193	1	67.3	64.8	58.9	71
1932	193	2	67.3	64.8	66.4	74.7
1933	193	3	67.3	64.8	66	70.6
1934	193	4	67.3	64.8	63.4	65.9
1935	193	5	67.3	64.8	57.8	65.9
1939	193	9	59.7	64.8	66.4	65.9
1941	194	1	59.7	70.2	58.9	71
1942	194	2	59.7	70.2	58.9	76.5
1943	194	3	59.7	70.2	66	70.6
1944	194	4	59.7	70.2	53.6	68.2
1945	194	5	59.7	70.2	57.8	66.7
1949	194	9	59.7	70.2	57.5	68.9
1951	195	1	75.8	77.9	72	87.1
1952	195	2	75.8	77.9	72	76.5
1953	195	3	75.8	77.9	78.4	70.6
1954	195	4	75.8	77.9	66	80.4
1955	195	5	75.8	77.9	75	76.4
1959	195	9	75.8	77.9	74.2	77.9
1971	197	1	72.5	76.2	72	90.8
1972	197	2	72.5	76.2	70.2	76.5
1973	197	3	72.5	76.2	79.9	70.6
1974	197	4	72.5	76.2	69.9	73.3
1975	197	5	72.5	76.2	70.2	75.2
1979	197	9	72.5	76.2	70.2	76.1
1981	198	1	60.9	58.3	58.9	71
1982	198	2	60.9	58.3	58.9	74.7
1983	198	3	60.9	58.3	66	73.5
1984	198	4	60.9	58.3	58.3	51
1985	198	5	60.9	58.3	58.3	51
1989	198	9	60.9	58.3	58.3	51
1991	199	1	70.5	69.7	53.3	71
1992	199	2	70.5	69.7	68.1	74.7
1993	199	3	70.5	69.7	53.3	70.6
1994	199	4	70.5	69.7	75.7	66.6
1995	199	5	70.5	69.7	68	66.6
1999	199	9	70.5	69.7	68.1	66.6
2031	203	1	60.2	59.7	53.2	67
2032	203	2	60.2	59.7	60.2	65.1
2033	203	3	60.2	59.7	53.2	67
2034	203	4	60.2	59.7	51.6	58.1
2035	203	5	60.2	59.7	63.3	61
2039	203	9	60.2	59.7	60.2	60.6
2041	204	1	55.5	67.5	53.2	67
2042	204	2	55.5	67.5	55.9	72.4
2043	204	3	55.5	67.5	55.9	67
2044	204	4	55.5	67.5	50.7	72.4
2045	204	5	55.5	67.5	63.3	72.4
2049	204	9	60.2	67.5	55.9	72.4
2051	205	1	55.5	48.6	55.9	67
2052	205	2	55.5	48.6	53.2	48.6
2053	205	3	55.5	48.6	55.9	48.6
2054	205	4	55.5	48.6	51.8	47.8
2055	205	5	55.5	48.6	61.5	48.8
2059	205	9	53.3	48.6	55.9	48.6
2061	206	1	58.3	55	53.2	67
2062	206	2	58.3	55	58.9	65.1
2063	206	3	58.3	55	58.9	67
2064	206	4	58.3	55	51.8	49
2065	206	5	58.3	55	61.5	56.8
2069	206	9	58.3	55	58.9	56.1
2071	207	1	46.7	42.7	45.3	41.3
2072	207	2	46.7	42.7	42.6	41.3
2073	207	3	46.7	42.7	45.3	41.3
2074	207	4	46.7	42.7	42.6	38.9
2075	207	5	46.7	42.7	46.8	43.6
2079	207	9	46.7	42.7	45.3	42.9
2081	208	1	53.3	49.9	53.2	67
2082	208	2	53.3	49.9	54.2	65.1
2083	208	3	53.3	49.9	53.2	67
2084	208	4	53.3	49.9	51.5	46
2085	208	5	53.3	49.9	56.3	50.6
2089	208	9	53.3	49.9	54.2	50.5
2131	213	1	51.7	53.7	59.2	80.9
2132	213	2	51.7	53.7	65.4	53.9
2133	213	3	51.7	53.7	65.4	80.9
2134	213	4	51.7	53.7	50.2	52.6
2135	213	5	51.7	53.7	52.2	54.2
2139	213	9	51.7	53.7	52	53.9
2141	214	1	59.8	57.5	60.2	80.9
2142	214	2	59.8	57.5	62	65.1
2143	214	3	59.8	57.5	57.8	58.5
2144	214	4	59.8	57.5	49.9	67.5
2145	214	5	59.8	57.5	62	50.4
2149	214	9	59.8	54.7	62	58.5
2151	215	1	57.2	57.5	62.4	80.9
2152	215	2	57.2	57.5	51.4	65.1
2153	215	3	57.2	57.5	51.4	58.5
2154	215	4	57.2	57.5	49.9	67.5
2155	215	5	57.2	57.5	60.2	50.4
2159	215	9	57.2	54.7	58.5	58.5
2161	216	1	54.7	54.7	62.4	80.9
2162	216	2	54.7	54.7	51.4	65.1
2163	216	3	54.7	54.7	51.4	80.9
2164	216	4	54.7	54.7	59.1	67.5
2165	216	5	54.7	54.7	53.4	50.4
2169	216	9	54.7	54.7	55	57.2
2171	217	1	54.8	63.5	62.4	80.9
2172	217	2	54.8	63.5	51.4	64.2
2173	217	3	54.8	63.5	51.4	80.9
2174	217	4	54.8	63.5	48.7	60.1
2175	217	5	54.8	63.5	55.7	64.7
2179	217	9	54.8	63.5	55.3	64.2
2181	218	1	50.4	58.4	55.4	80.9
2182	218	2	50.4	58.4	51.1	57.8
2183	218	3	50.4	58.4	65.4	80.9
2184	218	4	50.4	58.4	45.8	60.6
2185	218	5	50.4	58.4	51.1	55.9
2189	218	9	50.4	58.4	51.1	57.8
2231	223	1	50.4	46.7	53.2	80.9
2232	223	2	50.4	46.7	50.3	65.1
2233	223	3	50.4	46.7	53.2	80.9
2234	223	4	50.4	46.7	55.8	45
2235	223	5	50.4	46.7	48.4	45
2239	223	9	50.4	46.7	50.3	45
2241	224	1	51.3	50.9	53.2	80.9
2242	224	2	51.3	50.9	52.4	65.1
2243	224	3	51.3	50.9	53.2	48.3
2244	224	4	51.3	50.9	55.8	57.1
2245	224	5	51.3	50.9	52.4	48.3
2249	224	9	51.3	50.9	52.4	48.3
2251	225	1	56.1	53.1	53.2	80.9
2252	225	2	56.1	53.1	56.1	53
2253	225	3	56.1	53.1	53.2	53
2254	225	4	56.1	53.1	61.4	57.1
2255	225	5	56.1	53.1	54.1	51.5
2259	225	9	56.1	53.1	56.1	53
2261	226	1	67.6	62.3	63.5	73.3
2262	226	2	67.6	62.3	69.9	65.1
2263	226	3	67.6	62.3	63.5	63.9
2264	226	4	67.6	62.3	65.6	54.2
2265	226	5	67.6	62.3	72.7	54.2
2269	226	9	67.6	56.1	69.9	63.9
2271	227	1	52.9	56.1	69.9	73.3
2272	227	2	52.9	56.1	51.7	65.1
2273	227	3	52.9	56.1	68.1	54.2
2274	227	4	52.9	56.1	51.7	54.2
2275	227	5	52.9	56.1	60.7	64.4
2279	227	9	52.9	56.1	51.7	54.2
2281	228	1	48.4	49.2	69.3	78.6
2282	228	2	48.4	49.2	48	65.1
2283	228	3	48.4	49.2	69.3	47.6
2284	228	4	48.4	49.2	40.4	47.6
2285	228	5	48.4	49.2	64	47.6
2289	228	9	48.4	49.2	48	47.6
2291	229	1	63.2	65.6	72.3	78.6
2292	229	2	63.2	65.6	68.1	78.6
2293	229	3	63.2	65.6	68.1	78.6
2294	229	4	63.2	65.6	59.7	64.1
2295	229	5	63.2	65.6	64.1	67.8
2299	229	9	63.2	65.6	63.9	67.8
2331	233	1	59.4	62.3	69.9	73.3
2332	233	2	59.4	62.3	60.1	65.1
2333	233	3	59.4	62.3	68.1	63.9
2334	233	4	59.4	62.3	56.5	60.9
2335	233	5	59.4	62.3	52.5	63.5
2339	233	9	53.6	63.6	60.1	63.9
2341	234	1	64.8	58.8	69.2	64.9
2342	234	2	64.8	58.8	68.1	64.9
2343	234	3	64.8	58.8	68.1	64.9
2344	234	4	64.8	58.8	61.6	55.9
2345	234	5	64.8	58.8	70.4	62.4
2349	234	9	64.8	58.8	67.7	61.5
2351	235	1	53.6	63.6	69.3	78.6
2352	235	2	53.6	63.6	54	65.1
2353	235	3	53.6	63.6	69.3	78.6
2354	235	4	53.6	63.6	56.5	62.7
2355	235	5	53.6	63.6	52.5	63.5
2359	235	9	53.6	63.6	54	63.3
2431	243	1	55.3	51.6	56.4	62.3
2432	243	2	55.3	51.6	58.7	52.1
2433	243	3	55.3	51.6	66.7	64
2434	243	4	55.3	51.6	48.6	52.3
2435	243	5	55.3	51.6	55.2	50
2439	243	9	55.3	51.6	56.6	52.3
2531	253	1	63	54.1	67.4	55.7
2532	253	2	63	54.1	53.7	63
2533	253	3	63	54.1	68.1	63
2534	253	4	63	54.1	64.4	55
2535	253	5	63	54.1	64.4	55
2539	253	9	63	54.1	65.4	55.3
2541	254	1	64.7	65.7	65.9	70.3
2542	254	2	64.7	65.7	53.7	57.7
2543	254	3	64.7	65.7	68.4	59.8
2544	254	4	64.7	65.7	54.2	67.2
2545	254	5	64.7	65.7	64.4	67.5
2549	254	9	64.7	65.7	65.2	67.8
2551	255	1	72.6	67.2	71.1	70.3
2552	255	2	72.6	67.2	53.7	57.7
2553	255	3	72.6	67.2	68.9	59.8
2554	255	4	72.6	67.2	78	67.2
2555	255	5	72.6	67.2	78	70.3
2559	255	9	72.6	67.2	76.3	70.3
2561	256	1	63.6	61.9	68.3	67
2562	256	2	63.6	61.9	67	57.7
2563	256	3	63.6	61.9	68	59.8
2564	256	4	63.6	61.9	66.7	67.2
2565	256	5	63.6	61.9	66.7	63.5
2569	256	9	63.6	61.9	67	63.8
2571	257	1	61.3	60.5	64.4	62.8
2572	257	2	61.3	60.5	53.7	57.7
2573	257	3	61.3	60.5	70.1	64.7
2574	257	4	61.3	60.5	62.9	62.9
2575	257	5	61.3	60.5	62.9	62.9
2579	257	9	61.3	60.5	63.6	62.9
2581	258	1	66.8	57.9	55.2	61.8
2582	258	2	66.8	57.9	53.7	53.5
2583	258	3	66.8	57.9	71.7	63.3
2584	258	4	66.8	57.9	70.9	42.9
2585	258	5	66.8	57.9	70.9	59.9
2589	258	9	66.8	57.9	70.9	60.1
2591	259	1	59.8	57.9	62.7	61.8
2592	259	2	59.8	57.9	53.7	53.5
2593	259	3	59.8	57.9	67.6	63.3
2594	259	4	59.8	57.9	61.7	59.9
2595	259	5	59.8	57.9	61.7	59.9
2599	259	9	59.8	57.9	62.1	60.1
2631	263	1	52.9	50.3	52	54.2
2632	263	2	52.9	50.3	44	62.4
2633	263	3	52.9	50.3	56.4	72.3
2634	263	4	52.9	50.3	54	52.5
2635	263	5	52.9	50.3	54	52.5
2639	263	9	52.9	50.3	54	52.5
2641	264	1	53.6	55.7	63	60.9
2642	264	2	53.6	55.7	44	62.4
2643	264	3	53.6	55.7	52.6	58.5
2644	264	4	53.6	55.7	46.9	56.6
2645	264	5	53.6	55.7	55.6	56.6
2649	264	9	53.6	55.7	56.4	56.9
2651	265	1	52.4	45.8	63	54.2
2652	265	2	52.4	45.8	44	62.4
2653	265	3	52.4	45.8	52.6	72.3
2654	265	4	52.4	45.8	50.9	40.4
2655	265	5	52.4	45.8	50.9	45.3
2659	265	9	52.4	45.8	50.9	45.3
2661	266	1	52.4	54.9	61.4	59.2
2662	266	2	52.4	54.9	44	62.4
2663	266	3	52.4	54.9	62	58.5
2664	266	4	52.4	54.9	52.4	56.9
2665	266	5	52.4	54.9	52.4	56.9
2669	266	9	52.4	54.9	54.5	57.4
2671	267	1	62	54.9	55.2	59.2
2672	267	2	62	54.9	71.7	62.4
2673	267	3	62	54.9	71.7	58.5
2674	267	4	62	54.9	46.9	54.2
2675	267	5	62	54.9	64.7	54.2
2679	267	9	62	54.9	64.3	54.2
2681	268	1	50.2	49.7	59.1	54.2
2682	268	2	50.2	49.7	44	62.4
2683	268	3	50.2	49.7	64.8	72.3
2684	268	4	50.2	49.7	49.7	48.4
2685	268	5	50.2	49.7	49.7	48.4
2689	268	9	50.2	49.7	50.6	50.9
2691	269	1	44.6	34	59.1	53.3
2692	269	2	44.6	34	44	50.6
2693	269	3	44.6	34	64.8	51.3
2694	269	4	44.6	34	46.9	40.4
2695	269	5	44.6	34	44.9	34.1
2699	269	9	44.6	34	46.7	34.1
2741	274	1	58.6	51.5	62.9	61.4
2742	274	2	58.6	51.5	44	54.7
2743	274	3	58.6	51.5	67.2	64.2
2744	274	4	58.6	51.5	39.8	42.7
2745	274	5	58.6	51.5	59.9	51.5
2749	274	9	58.6	51.5	60.4	52.4
2751	275	1	50.6	41.2	50.6	53.3
2752	275	2	50.6	41.2	44	51.3
2753	275	3	50.6	41.2	79.9	51.3
2754	275	4	50.6	41.2	49.2	38.2
2755	275	5	50.6	41.2	49.2	38.2
2759	275	9	50.6	41.2	52.5	39.8
2761	276	1	44	34.2	57	44.4
2762	276	2	44	34.2	44	40.3
2763	276	3	44	34.2	61.7	54
2764	276	4	44	34.2	50.4	39.8
2765	276	5	44	34.2	42.3	33.1
2769	276	9	44	34.2	44.3	33.6
2771	277	1	57.9	52	57.2	54.2
2772	277	2	57.9	52	58.4	54.7
2773	277	3	57.9	52	58.4	31.6
2774	277	4	57.9	52	61.7	52.1
2775	277	5	57.9	52	61.7	52.1
2779	277	9	57.9	52	60.6	52.1
2781	278	1	40.8	42.6	40.8	40.9
2782	278	2	40.8	42.6	58.4	51.3
2783	278	3	40.8	42.6	58.4	51.3
2784	278	4	40.8	42.6	39.3	41.5
2785	278	5	40.8	42.6	39.3	41.5
2789	278	9	40.8	42.6	39.6	41.4
2831	283	1	71.6	51.7	75.3	57.3
2832	283	2	71.6	51.7	67.6	62.4
2833	283	3	71.6	51.7	67.6	57.3
2834	283	4	71.6	51.7	67.6	52.9
2835	283	5	71.6	51.7	67.6	52.9
2839	283	9	71.6	51.7	67.6	53.8
2841	284	1	55.3	53.7	75.3	57.3
2842	284	2	55.3	53.7	53.1	51.8
2843	284	3	55.3	53.7	75.3	57.3
2844	284	4	55.3	53.7	48.8	52.9
2845	284	5	55.3	53.7	50.4	52.9
2849	284	9	55.3	51.7	63.1	55.3
2851	285	1	59.2	65.9	75.3	57.3
2852	285	2	59.2	65.9	61.7	67
2853	285	3	59.2	65.9	75.3	57.3
2854	285	4	59.2	65.9	50.4	67
2855	285	5	59.2	65.9	50.4	67
2859	285	9	59.2	65.9	61.7	67
3031	303	1	53.6	54.1	63.2	65.4
3032	303	2	53.6	54.1	53.1	78.9
3033	303	3	53.6	54.1	66.6	76.3
3034	303	4	53.6	54.1	50.1	49.7
3035	303	5	53.6	54.1	55.6	55.9
3039	303	9	53.6	54.1	53.1	55.9
3041	304	1	58.8	59.2	63.2	65.4
3042	304	2	58.8	59.2	58.4	78.9
3043	304	3	58.8	59.2	66.6	76.3
3044	304	4	58.8	59.2	49.9	49.7
3045	304	5	58.8	59.2	62.1	62.7
3049	304	9	58.8	59.2	58.4	62.7
3051	305	1	63.1	53.8	63.2	65.4
3052	305	2	63.1	53.8	63.9	78.9
3053	305	3	63.1	53.8	66.6	76.3
3054	305	4	63.1	53.8	63.7	52.1
3055	305	5	63.1	53.8	63.9	54.8
3059	305	9	63.1	53.8	63.9	54.4
3061	306	1	52.9	53.6	63.2	65.4
3062	306	2	52.9	53.6	43.4	78.9
3063	306	3	52.9	53.6	66.6	76.3
3064	306	4	52.9	53.6	48	44.2
3065	306	5	52.9	53.6	48	49.2
3069	306	9	48.6	48.9	52.4	54.9
3071	307	1	48.6	48.9	63.2	65.4
3072	307	2	48.6	48.9	48	78.9
3073	307	3	48.6	48.9	66.6	76.3
3074	307	4	48.6	48.9	48	44.2
3075	307	5	48.6	48.9	48	49.2
3079	307	9	48.6	48.9	48	48.2
3081	308	1	52.7	48.6	63.2	70
3082	308	2	52.7	48.6	52.7	70
3083	308	3	52.7	48.6	66.6	70
3084	308	4	52.7	48.6	48.2	48.2
3085	308	5	52.7	48.6	53.8	48.7
3089	308	9	52.7	48.6	52.7	49
3091	309	1	52.7	48.6	60.7	70
3092	309	2	52.7	48.6	43.4	63.6
3093	309	3	52.7	48.6	68.2	66.4
3094	309	4	52.7	48.6	48.2	48.2
3095	309	5	52.7	48.6	53.8	48.7
3099	309	9	52.7	48.6	52.7	49
3131	313	1	52.6	55.3	61.7	64.4
3132	313	2	52.6	55.3	43.4	59.8
3133	313	3	52.6	55.3	76	63.9
3134	313	4	52.6	55.3	53.6	52
3135	313	5	52.6	55.3	53.7	56
3139	313	9	52.6	55.3	53.7	55.5
3141	314	1	54.9	58.4	61.7	70.2
3142	314	2	54.9	58.4	43.4	59.8
3143	314	3	54.9	58.4	76	63.9
3144	314	4	54.9	58.4	50.5	53.6
3145	314	5	54.9	58.4	56.7	58.7
3149	314	9	54.9	58.4	49.7	59.2
3151	315	1	47.2	50.5	61.7	66.9
3152	315	2	47.2	50.5	43.4	64
3153	315	3	47.2	50.5	76	64
3154	315	4	47.2	50.5	40.4	43.9
3155	315	5	47.2	50.5	44.4	51.3
3159	315	9	47.2	50.5	42.4	50
3161	316	1	60.6	48.2	61.7	60.8
3162	316	2	60.6	48.2	43.4	56.1
3163	316	3	60.6	48.2	76	63.5
3164	316	4	60.6	48.2	51.4	41.2
3165	316	5	60.6	48.2	74.3	51.2
3169	316	9	60.6	48.2	60	47.6
3171	317	1	40.4	42.2	61.7	60.8
3172	317	2	40.4	42.2	43.4	44.9
3173	317	3	40.4	42.2	76	63.5
3174	317	4	40.4	42.2	42.4	41.3
3175	317	5	40.4	42.2	42.4	41.3
3179	317	9	40.4	42.2	42.4	41.3
3181	318	1	56.3	63.6	61.7	86.7
3182	318	2	56.3	63.6	43.4	73.9
3183	318	3	56.3	63.6	76	73.9
3184	318	4	56.3	63.6	50.5	45.8
3185	318	5	56.3	63.6	56.7	66.2
3189	318	9	56.3	63.6	55.9	66.5
3191	319	1	48.9	52.1	61.7	58.5
3192	319	2	48.9	52.1	43.4	62.3
3193	319	3	48.9	52.1	76	49
3194	319	4	48.9	52.1	44.3	50.1
3195	319	5	48.9	52.1	49.4	53
3199	319	9	48.9	52.1	49.4	52.9
3231	323	1	52.3	49.1	61.7	60.8
3232	323	2	52.3	49.1	43.4	44.9
3233	323	3	52.3	49.1	76	63.5
3234	323	4	52.3	49.1	44.3	51.4
3235	323	5	52.3	49.1	53.5	49.6
3239	323	9	52.3	49.1	55.6	50.7
3251	325	1	54.2	50.7	68.5	62.1
3252	325	2	54.2	50.7	43.4	66.7
3253	325	3	54.2	50.7	68.2	58.6
3254	325	4	54.2	50.7	52.1	52
3255	325	5	54.2	50.7	67.7	52.9
3259	325	9	62.3	52.3	54.5	51.2
3261	326	1	54.2	52.2	68.5	62.1
3262	326	2	54.2	52.2	43.4	66.7
3263	326	3	54.2	52.2	68.2	58.6
3264	326	4	54.2	52.2	35.2	51.5
3265	326	5	54.2	52.2	51	51.5
3269	326	9	50.5	52.2	54.5	51.5
3271	327	1	50.5	50.2	68.5	62.1
3272	327	2	50.5	50.2	51.3	66.7
3273	327	3	50.5	50.2	68.5	58.6
3274	327	4	50.5	50.2	35.2	52.7
3275	327	5	50.5	50.2	51	51.2
3279	327	9	50.5	50.2	51.3	52.7
3281	328	1	58.8	51.7	68.5	62.1
3282	328	2	58.8	51.7	57	66.7
3283	328	3	58.8	51.7	57	58.6
3284	328	4	58.8	51.7	51.1	48.4
3285	328	5	58.8	51.7	68	52.2
3289	328	9	58.8	51.7	57	51.2
3291	329	1	77.4	56.8	68.5	62.1
3292	329	2	77.4	56.8	75.3	66.7
3293	329	3	77.4	56.8	75.3	58.6
3294	329	4	77.4	56.8	75.3	56.8
3295	329	5	77.4	56.8	75.3	56
3299	329	9	77.4	56.8	75.3	56.6
3351	335	1	41.8	46.4	68.5	62.1
3352	335	2	41.8	46.4	41.8	66.7
3353	335	3	41.8	46.4	41.8	58.6
3354	335	4	41.8	46.4	39.9	43.5
3355	335	5	41.8	46.4	42.8	46
3359	335	9	41.8	46.4	41.8	45.5
3361	336	1	62.3	52.3	68.5	62.1
3362	336	2	62.3	52.3	64.2	66.7
3363	336	3	62.3	52.3	68.5	58.6
3364	336	4	62.3	52.3	54.7	53.5
3365	336	5	62.3	52.3	67.7	52.9
3369	336	9	62.3	52.3	64.2	53.1
3371	337	1	52.6	52.3	57.7	62.6
3372	337	2	52.6	52.3	43.4	62.5
3373	337	3	52.6	52.3	67.2	67
3374	337	4	52.6	52.3	43.9	46.5
3375	337	5	52.6	52.3	53	52.7
3379	337	9	52.6	52.3	53.1	53.5
3381	338	1	48.9	49.8	57.7	62.1
3382	338	2	48.9	49.8	47.5	66.7
3383	338	3	48.9	49.8	67.2	58.6
3384	338	4	48.9	49.8	40.2	47.9
3385	338	5	48.9	49.8	51.5	50.1
3389	338	9	48.9	49.8	47.5	49.7
3391	339	1	49.1	49.6	57.7	62.1
3392	339	2	49.1	49.6	48.4	66.7
3393	339	3	49.1	49.6	67.2	58.6
3394	339	4	49.1	49.6	40.2	36.2
3395	339	5	49.1	49.6	48.4	50.6
3399	339	9	49.1	49.6	48.4	49.5
3431	343	1	57.9	43	57.7	62.1
3432	343	2	57.9	43	57.8	62.5
3433	343	3	57.9	43	67.2	67
3434	343	4	57.9	43	62.7	44.7
3435	343	5	57.9	43	56.1	41.9
3439	343	9	57.9	43	57.8	42.1
3441	344	1	42.4	43.2	57.7	62.1
3442	344	2	42.4	43.2	41.6	66.7
3443	344	3	42.4	43.2	67.2	58.6
3444	344	4	42.4	43.2	41.6	44.7
3445	344	5	42.4	43.2	41.6	42.1
3449	344	9	42.4	43.2	41.6	42.1
3451	345	1	44.9	42.3	57.7	62.1
3452	345	2	44.9	42.3	43.1	44.8
3453	345	3	44.9	42.3	43.1	58.6
3454	345	4	44.9	42.3	43.1	44.8
3455	345	5	44.9	42.3	43.1	44.8
3459	345	9	44.9	42.3	43.1	44.8
3461	346	1	41.4	39.7	60.7	64.1
3462	346	2	41.4	39.7	43.4	63.6
3463	346	3	41.4	39.7	68.2	66.4
3464	346	4	41.4	39.7	39.2	37
3465	346	5	41.4	39.7	39.2	37
3469	346	9	38.2	38.1	41	40.1
3471	347	1	38.2	38.1	39.2	62.1
3472	347	2	38.2	38.1	39.2	37
3473	347	3	38.2	38.1	67.2	58.6
3474	347	4	38.2	38.1	39.2	37
3475	347	5	38.2	38.1	39.2	37
3479	347	9	38.2	38.1	39.2	37
3481	348	1	49.2	43.7	57.7	52.5
3482	348	2	49.2	43.7	49.1	56.3
3483	348	3	49.2	43.7	67.2	60.2
3484	348	4	49.2	43.7	53.4	38.3
3485	348	5	49.2	43.7	47.3	43.8
3489	348	9	49.2	43.7	49.1	43.3
3531	353	1	49.2	48.7	60.7	62.1
3532	353	2	49.2	48.7	43.4	44.2
3533	353	3	49.2	48.7	68.2	44.2
3534	353	4	49.2	48.7	53.4	44.2
3535	353	5	49.2	48.7	47.3	44.2
3539	353	9	49.2	48.7	49.1	44.2
3541	354	1	47.4	42.2	55.1	52.5
3542	354	2	47.4	42.2	45.9	56.3
3543	354	3	47.4	42.2	45.9	60.2
3544	354	4	47.4	42.2	45.9	41.3
3545	354	5	47.4	42.2	45.1	42.3
3549	354	9	47.4	42.2	45.9	41.3
3551	355	1	49	41.7	55.1	52.5
3552	355	2	49	41.7	48	56.3
3553	355	3	49	41.7	48	60.2
3554	355	4	49	41.7	48	40.8
3555	355	5	49	41.7	45.1	42.3
3559	355	9	49	41.7	48	40.8
3561	356	1	43.8	41.7	55.1	52.5
3562	356	2	43.8	41.7	43.4	56.3
3563	356	3	43.8	41.7	67.4	60.2
3564	356	4	43.8	41.7	33.2	39.5
3565	356	5	43.8	41.7	43.8	40.7
3569	356	9	43.8	41.7	41.6	40.5
3571	357	1	46.6	48.1	55.1	52.5
3572	357	2	46.6	48.1	46.4	56.3
3573	357	3	46.6	48.1	67.4	60.2
3574	357	4	46.6	48.1	43	46.8
3575	357	5	46.6	48.1	46	46.8
3579	357	9	46.6	48.1	46.4	50.6
3591	359	1	44.6	41.4	60.4	52.5
3592	359	2	44.6	41.4	43.4	56.3
3593	359	3	44.6	41.4	67.4	60.2
3594	359	4	44.6	41.4	37	43.2
3595	359	5	44.6	41.4	45.4	39.1
3599	359	9	44.6	41.4	44.3	40.4
3631	363	1	53.1	52.7	60.4	71.9
3632	363	2	53.1	52.7	54.4	53.3
3633	363	3	53.1	52.7	67.4	60.2
3634	363	4	53.1	52.7	56.5	55
3635	363	5	53.1	52.7	53.9	52.2
3639	363	9	53.1	52.7	54.4	53.3
3641	364	1	37.2	37.7	52.7	52.5
3642	364	2	37.2	37.7	52.7	56.3
3643	364	3	37.2	37.7	61	60.2
3644	364	4	37.2	37.7	33	42.6
3645	364	5	37.2	37.7	36.4	36.1
3649	364	9	37.2	37.7	36.5	36.3
3651	365	1	42.4	42.6	52.7	52.5
3652	365	2	42.4	42.6	52.7	56.3
3653	365	3	42.4	42.6	61	60.2
3654	365	4	42.4	42.6	40.4	46.7
3655	365	5	42.4	42.6	41	41.1
3659	365	9	42.4	42.6	41.1	41.9
3661	366	1	46.6	40.8	60.4	71.9
3662	366	2	46.6	40.8	46.5	40.3
3663	366	3	46.6	40.8	64.9	40.3
3664	366	4	46.6	40.8	42.1	40.3
3665	366	5	46.6	40.8	48.4	40.3
3669	366	9	46.6	40.8	46.5	40.3
3681	368	1	36.1	37.3	52.7	52.5
3682	368	2	36.1	37.3	52.7	37.7
3683	368	3	36.1	37.3	61	60.2
3684	368	4	36.1	37.3	40.4	37.7
3685	368	5	36.1	37.3	34.6	37.7
3689	368	9	36.1	37.3	34.6	37.7
3731	373	1	48.8	47.5	60.4	71.9
3732	373	2	48.8	47.5	43.4	56.3
3733	373	3	48.8	47.5	67.4	60.2
3734	373	4	48.8	47.5	44.7	47.8
3735	373	5	48.8	47.5	49.2	47.8
3739	373	9	48.8	47.5	48.8	47.8
3741	374	1	57.5	43.9	60.4	52.5
3742	374	2	57.5	43.9	60.2	43
3743	374	3	57.5	43.9	67.4	60.2
3744	374	4	57.5	43.9	60.2	43
3745	374	5	57.5	43.9	60.2	43
3749	374	9	57.5	43.9	60.2	43
3751	375	1	63.5	52.5	66.3	69.5
3752	375	2	63.5	52.5	65.3	39.9
3753	375	3	63.5	52.5	68	69.5
3754	375	4	63.5	52.5	65.2	48.7
3755	375	5	63.5	52.5	65.2	53.7
3759	375	9	63.5	52.5	65.3	53.6
3761	376	1	58.7	52.5	60.7	69.5
3762	376	2	58.7	52.5	61.4	39.9
3763	376	3	58.7	52.5	68	69.5
3764	376	4	58.7	52.5	59.5	52.8
3765	376	5	58.7	52.5	61.3	53.3
3769	376	9	58.7	52.5	61.4	53.5
3771	377	1	59.5	53	62.5	69.5
3772	377	2	59.5	53	43.4	39.9
3773	377	3	59.5	53	68	51.9
3774	377	4	59.5	53	65.2	49.5
3775	377	5	59.5	53	65.2	53.6
3779	377	9	63.5	53	61.3	51.9
3781	378	1	51.6	48.1	60.7	69.5
3782	378	2	51.6	48.1	68	39.9
3783	378	3	51.6	48.1	68	69.5
3784	378	4	51.6	48.1	42	39.9
3785	378	5	51.6	48.1	51	49.1
3789	378	9	51.6	48.1	49.4	48.2
3791	379	1	48.9	49.7	52.7	57.7
3792	379	2	48.9	49.7	43.4	59.4
3793	379	3	48.9	49.7	68.4	73.8
3794	379	4	48.9	49.7	44.6	47.5
3795	379	5	48.9	49.7	49.4	50.2
3799	379	9	48.9	49.7	48.6	50.4
3831	383	1	54.3	47.4	52.7	70.7
3832	383	2	54.3	47.4	55.1	59.4
3833	383	3	54.3	47.4	68.4	70.7
3834	383	4	54.3	47.4	55.1	33.7
3835	383	5	54.3	47.4	55.1	48.4
3839	383	9	54.3	47.4	55.1	47.9
3841	384	1	61.1	57.4	72.5	57.7
3842	384	2	61.1	57.4	56.1	59.4
3843	384	3	61.1	57.4	68.4	73.8
3844	384	4	61.1	57.4	56.1	57.5
3845	384	5	61.1	57.4	56.1	57.5
3849	384	9	61.1	57.4	56.1	57.5
3851	385	1	52.4	47.1	52.7	70.7
3852	385	2	52.4	47.1	43.4	59.4
3853	385	3	52.4	47.1	68.4	70.7
3854	385	4	52.4	47.1	45.2	46.9
3855	385	5	52.4	47.1	53.6	46.3
3859	385	9	52.4	47.1	51.8	46.8
3861	386	1	58.2	51.5	72.5	62.9
3862	386	2	58.2	51.5	56.6	59.4
3863	386	3	58.2	51.5	72.5	73.8
3864	386	4	58.2	51.5	55.1	53.1
3865	386	5	58.2	51.5	57.3	50.6
3869	386	9	58.2	51.5	56.6	51.3
3871	387	1	58.8	48	72.5	62.9
3872	387	2	58.8	48	53	59.4
3873	387	3	58.8	48	68.4	73.8
3874	387	4	58.8	48	53	46.5
3875	387	5	58.8	48	53	51.1
3879	387	9	58.8	48	53	47.8
3891	389	1	57.6	53.7	72.5	62.9
3892	389	2	57.6	53.7	72.5	59.4
3893	389	3	57.6	53.7	72.5	73.8
3894	389	4	57.6	53.7	56.2	53
3895	389	5	57.6	53.7	58.2	54
3899	389	9	57.6	53.7	58.4	53.9
4031	403	1	29.3	29.4	53	48.6
4032	403	2	29.3	29.4	34.8	36.6
4033	403	3	29.3	29.4	34.4	29.5
4034	403	4	29.3	29.4	34.4	29.5
4035	403	5	29.3	29.4	34.4	26.4
4039	403	9	29.3	26.8	34.4	29.5
4041	404	1	29.3	32.5	34.4	30.1
4042	404	2	29.3	32.5	34.4	30.1
4043	404	3	29.3	32.5	34.4	30.1
4044	404	4	29.3	32.5	34.4	30.1
4045	404	5	29.3	32.5	34.4	30.1
4049	404	9	29.3	32.5	34.4	30.1
4051	405	1	29.3	26.8	34.4	26.4
4052	405	2	29.3	26.8	34.4	26.4
4053	405	3	29.3	26.8	34.4	26.4
4054	405	4	29.3	26.8	34.4	26.4
4055	405	5	29.3	26.8	34.4	26.4
4059	405	9	29.3	26.8	34.4	26.4
4061	406	1	29.3	40.7	34.4	40
4062	406	2	29.3	40.7	34.4	40
4063	406	3	29.3	40.7	34.4	40
4064	406	4	29.3	40.7	34.4	40
4065	406	5	29.3	40.7	34.4	40
4069	406	9	29.3	40.7	34.4	40
4071	407	1	29.3	24.4	34.4	24.9
4072	407	2	29.3	24.4	34.4	24.9
4073	407	3	29.3	24.4	34.4	24.9
4074	407	4	29.3	24.4	34.4	24.9
4075	407	5	29.3	24.4	34.4	24.9
4079	407	9	29.3	24.4	34.4	24.9
4131	413	1	58.8	52.7	61.4	46.9
4132	413	2	58.8	52.7	61.4	53
4133	413	3	58.8	52.7	61.4	53
4134	413	4	58.8	52.7	61.4	55.1
4135	413	5	58.8	52.7	61.4	55.1
4139	413	9	58.8	54.4	61.4	53
4141	414	1	49.1	54.4	49.6	55.1
4142	414	2	49.1	54.4	49.6	55.1
4143	414	3	49.1	54.4	49.6	55.1
4144	414	4	49.1	54.4	49.6	55.1
4145	414	5	49.1	54.4	51.2	50.1
4149	414	9	49.1	54.4	49.6	55.1
4151	415	1	49.8	50.5	50.5	50.1
4152	415	2	49.8	50.5	50.5	50.1
4153	415	3	49.8	50.5	51.2	50.1
4154	415	4	49.8	50.5	48.1	50.1
4155	415	5	49.8	50.5	51.2	50.1
4159	415	9	49.8	50.5	50.5	50.1
4161	416	1	43.5	59.6	39.6	46.9
4162	416	2	43.5	59.6	39.6	62.9
4163	416	3	43.5	59.6	39.6	62.9
4164	416	4	43.5	59.6	48.1	62.9
4165	416	5	43.5	59.6	39.6	62.9
4169	416	9	43.5	59.6	45	62.9
4171	417	1	49.8	59.6	51.3	62.9
4172	417	2	49.8	59.6	51.3	62.9
4173	417	3	49.8	59.6	44.5	62.9
4174	417	4	49.8	59.6	51.5	62.9
4175	417	5	49.8	59.6	44.5	62.9
4179	417	9	49.8	59.6	51.3	62.9
4181	418	1	52.9	49.9	53.9	48.2
4182	418	2	52.9	49.9	53.9	48.2
4183	418	3	52.9	49.9	53.9	48.2
4184	418	4	52.9	49.9	53.9	48.2
4185	418	5	52.9	49.9	53.9	48.2
4189	418	9	52.9	49.9	53.9	48.2
4231	423	1	50	45.9	50.5	42.9
4232	423	2	50	45.9	50.5	42.9
4233	423	3	50	45.9	50.5	42.9
4234	423	4	50	45.9	50.5	42.9
4235	423	5	50	45.9	50.5	42.9
4239	423	9	50	45.9	50.5	42.9
4241	424	1	41	42.3	40.4	39.8
4242	424	2	41	42.3	40.4	39.8
4243	424	3	41	42.3	40.4	39.8
4244	424	4	41	42.3	40.4	39.8
4245	424	5	41	42.3	40.4	39.8
4249	424	9	41	42.3	40.4	39.8
4251	425	1	35.8	39.7	53.8	46.9
4252	425	2	35.8	39.7	35.6	37.6
4253	425	3	35.8	39.7	61	37.6
4254	425	4	35.8	39.7	35.6	37.6
4255	425	5	35.8	39.7	39.7	37.6
4259	425	9	35.8	39.7	35.6	37.6
4261	426	1	41	41.1	53.8	46.9
4262	426	2	41	41.1	53.8	46.9
4263	426	3	41	41.1	61	46.9
4264	426	4	41	41.1	45.6	43.2
4265	426	5	41	41.1	39.7	38.6
4269	426	9	41	41.1	41.8	39.9
4271	427	1	41.1	48.4	53.8	46.9
4272	427	2	41.1	48.4	38.6	48
4273	427	3	41.1	48.4	61	46.9
4274	427	4	41.1	48.4	38.6	48
4275	427	5	41.1	48.4	39.7	48
4279	427	9	41.1	48.4	38.6	48
4331	433	1	44	42.1	58.2	44
4332	433	2	44	42.1	43.4	44
4333	433	3	44	42.1	58.2	44
4334	433	4	44	42.1	32.8	37.2
4335	433	5	44	42.1	45.8	42.6
4339	433	9	44	42.1	46	41.9
4341	434	1	41	38.8	29.1	32.4
4342	434	2	41	38.8	43.4	36.6
4343	434	3	41	38.8	57.2	35.2
4344	434	4	41	38.8	41.8	39.3
4345	434	5	41	38.8	41.8	39.3
4349	434	9	41	38.8	41.8	39.3
4351	435	1	33.3	37.2	29.1	32.4
4352	435	2	33.3	37.2	43.4	36.6
4353	435	3	33.3	37.2	57.2	35.2
4354	435	4	33.3	37.2	33.9	33.7
4355	435	5	33.3	37.2	33.9	36.9
4359	435	9	33.3	37.2	33.9	36.8
4361	436	1	27	28.4	47.4	45.1
4362	436	2	27	28.4	43.4	40.7
4363	436	3	27	28.4	44.7	52.4
4364	436	4	27	28.4	30.2	29.7
4365	436	5	27	28.4	25.9	25.9
4369	436	9	27	28.4	27.5	27.4
4381	438	1	36.6	34.4	29.1	48.6
4382	438	2	36.6	34.4	43.4	36.6
4383	438	3	36.6	34.4	57.2	35.2
4384	438	4	36.6	34.4	38.1	32.5
4385	438	5	36.6	34.4	38.1	32.5
4389	438	9	36.6	34.4	38.1	32.5
4391	439	1	30.1	31.9	29.1	48.6
4392	439	2	30.1	31.9	43.4	36.6
4393	439	3	30.1	31.9	57.2	35.2
4394	439	4	30.1	31.9	31.7	29.1
4395	439	5	30.1	31.9	31.7	30
4399	439	9	30.1	31.9	31.7	30
4431	443	1	21.7	35.1	29.1	48.6
4432	443	2	21.7	35.1	43.4	36.6
4433	443	3	21.7	35.1	53.5	35.2
4434	443	4	21.7	35.1	41.8	33.5
4435	443	5	21.7	35.1	22.2	33.2
4439	443	9	21.7	35.1	22.2	33.3
4441	444	1	23.3	32.4	29.1	48.6
4442	444	2	23.3	32.4	43.4	36.6
4443	444	3	23.3	32.4	57.2	35.2
4444	444	4	23.3	32.4	34.1	33.4
4445	444	5	23.3	32.4	19.8	29.2
4449	444	9	23.3	32.4	25.7	31.3
4451	445	1	51.6	51.9	76.3	34.9
4452	445	2	51.6	51.9	38.3	36
4453	445	3	51.6	51.9	48	28.5
4454	445	4	51.6	51.9	47.7	49.9
4455	445	5	51.6	51.9	58.5	53.6
4459	445	9	51.6	51.9	49.3	53.5
4461	446	1	52.7	41.9	76.3	34.9
4462	446	2	52.7	41.9	54.8	36
4463	446	3	52.7	41.9	54.8	28.5
4464	446	4	52.7	41.9	47.7	36.8
4465	446	5	52.7	41.9	58.5	42
4469	446	9	52.7	41.9	54.8	41.2
4471	447	1	43.9	33.7	76.3	34.9
4472	447	2	43.9	33.7	47.9	36
4473	447	3	43.9	33.7	76.3	28.5
4474	447	4	43.9	33.7	45.6	28.3
4475	447	5	43.9	33.7	47.4	33.8
4479	447	9	43.9	33.7	47.9	33
4481	448	1	43	35.2	56.3	35.7
4482	448	2	43	35.2	34.8	40.3
4483	448	3	43	35.2	56.3	28.2
4484	448	4	43	35.2	43.2	25.7
4485	448	5	43	35.2	44	33
4489	448	9	43	35.2	44.6	31.8
4491	449	1	30.1	23.6	53	31.4
4492	449	2	30.1	23.6	34.8	54.3
4493	449	3	30.1	23.6	53	28.2
4494	449	4	30.1	23.6	26.3	17.6
4495	449	5	30.1	23.6	30.4	20.3
4499	449	9	30.1	23.6	31.1	21.4
4531	453	1	32.5	26.6	42.2	35.7
4532	453	2	32.5	26.6	34.8	40.3
4533	453	3	32.5	26.6	45.5	28.2
4534	453	4	32.5	26.6	35.1	20.4
4535	453	5	32.5	26.6	32.5	24.2
4539	453	9	32.5	26.6	33.8	25.1
4541	454	1	34.9	25.7	46.1	34.2
4542	454	2	34.9	25.7	34.8	45.1
4543	454	3	34.9	25.7	45.5	28.2
4544	454	4	34.9	25.7	36.9	20.4
4545	454	5	34.9	25.7	36.9	24.2
4549	454	9	34.9	26.6	36.9	23.9
4551	455	1	44.1	25.7	54.2	34.2
4552	455	2	44.1	25.7	34.8	45.1
4553	455	3	44.1	25.7	54.2	28.2
4554	455	4	44.1	25.7	44.7	25.7
4555	455	5	44.1	25.7	44.7	33
4559	455	9	44.1	35.2	46.6	23.9
4561	456	1	53.3	50.3	66.7	53.2
4562	456	2	53.3	50.3	55.6	53.2
4563	456	3	53.3	50.3	66.7	53.2
4564	456	4	53.3	50.3	50.6	50
4565	456	5	53.3	50.3	50.6	51.6
4569	456	9	53.3	50.3	55.6	51.8
4571	457	1	40.4	39.6	42.5	40.2
4572	457	2	40.4	39.6	35	65.2
4573	457	3	40.4	39.6	35	30.2
4574	457	4	40.4	39.6	38.6	41.3
4575	457	5	40.4	39.6	38.6	39.9
4579	457	9	40.4	39.6	40.8	40
4581	458	1	44.6	43.5	53.8	43.4
4582	458	2	44.6	43.5	44.6	64.2
4583	458	3	44.6	43.5	44.6	30.2
4584	458	4	44.6	43.5	41.8	43.8
4585	458	5	44.6	43.5	41.8	43.8
4589	458	9	44.6	43.5	47.9	43.1
4591	459	1	38.8	48.8	66.7	53.2
4592	459	2	38.8	48.8	39.2	65.2
4593	459	3	38.8	48.8	66.7	53.2
4594	459	4	38.8	48.8	36.9	46.7
4595	459	5	38.8	48.8	39.8	48.8
4599	459	9	38.8	48.8	39.2	48.4
4611	461	1	47.1	57.2	66.7	53.2
4612	461	2	47.1	57.2	47.6	65.2
4613	461	3	47.1	57.2	66.7	53.2
4614	461	4	47.1	57.2	47.6	58
4615	461	5	47.1	57.2	47.6	58
4619	461	9	47.1	57.2	47.6	58
4621	462	1	62.1	52	66.7	53.2
4622	462	2	62.1	52	63	65.2
4623	462	3	62.1	52	39.3	30.7
4624	462	4	62.1	52	63	49.9
4625	462	5	62.1	52	63	49.9
4629	462	9	62.1	52	63	49.9
4631	463	1	54.5	65	46.9	45.3
4632	463	2	54.5	65	54.9	64.2
4633	463	3	54.5	65	39.3	30.7
4634	463	4	54.5	65	54.9	16.1
4635	463	5	54.5	65	54.9	74.1
4639	463	9	54.5	65	54.9	67.7
4641	464	1	41.9	46.4	46.9	45.3
4642	464	2	41.9	46.4	42	65.2
4643	464	3	41.9	46.4	39.3	30.7
4644	464	4	41.9	46.4	42	41.3
4645	464	5	41.9	46.4	42	48.8
4649	464	9	41.9	48.8	42	45.7
4651	465	1	45.4	43.2	46.9	45.3
4652	465	2	45.4	43.2	47.3	64.2
4653	465	3	45.4	43.2	39.3	30.7
4654	465	4	45.4	43.2	47.3	34.3
4655	465	5	45.4	43.2	47.3	46.4
4659	465	9	45.4	43.2	47.3	41.4
4661	466	1	46	47.2	37.6	45.3
4662	466	2	46	47.2	37.6	65.2
4663	466	3	46	47.2	39.3	30.7
4664	466	4	46	47.2	41.3	41.3
4665	466	5	46	47.2	43.6	47.2
4669	466	9	46	47.2	37.6	45.3
4671	467	1	46.5	47.4	51.4	49.5
4672	467	2	46.5	47.4	38.3	65.9
4673	467	3	46.5	47.4	51.4	33.1
4674	467	4	46.5	47.4	45.1	41.8
4675	467	5	46.5	47.4	52.8	46.8
4679	467	9	46.5	47.4	44.2	46.8
4681	468	1	48.9	47.1	51.4	42.8
4682	468	2	48.9	47.1	51.4	65.9
4683	468	3	48.9	47.1	39.3	33.1
4684	468	4	48.9	47.1	45.1	43.7
4685	468	5	48.9	47.1	52.8	49.5
4689	468	9	48.9	47.1	48.8	46.5
4691	469	1	38.4	43.6	51.4	56.6
4692	469	2	38.4	43.6	39.9	65.9
4693	469	3	38.4	43.6	51.4	33.1
4694	469	4	38.4	43.6	37.6	35.6
4695	469	5	38.4	43.6	37.6	43.3
4699	469	9	38.4	43.6	39.9	43.9
4731	473	1	38.7	42.6	46	56.5
4732	473	2	38.7	42.6	46	56.5
4733	473	3	38.7	42.6	47.3	49.8
4734	473	4	38.7	42.6	46	56.5
4735	473	5	38.7	42.6	40.6	45.9
4739	473	9	38.7	42.6	46	56.5
4741	474	1	44.3	42.1	50.5	56.5
4742	474	2	44.3	42.1	50.5	54.2
4743	474	3	44.3	42.1	47.3	49.8
4744	474	4	44.3	42.1	50.5	54.2
4745	474	5	44.3	42.1	40.6	45.9
4749	474	9	44.3	53	50.5	54.2
4751	475	1	37.7	36.6	46.3	56.5
4752	475	2	37.7	36.6	43	47.3
4753	475	3	37.7	36.6	46.5	49.8
4754	475	4	37.7	36.6	39.9	45.9
4755	475	5	37.7	36.6	39.9	45.9
4759	475	9	37.7	36.6	43	47.3
4761	476	1	48.6	53	46.3	56.5
4762	476	2	48.6	53	55.6	54.2
4763	476	3	48.6	53	56.8	56.5
4764	476	4	48.6	53	54.1	54.2
4765	476	5	48.6	53	54.1	45.9
4769	476	9	48.6	53	55.6	54.2
4771	477	1	31.7	34.1	37.4	43.2
4772	477	2	31.7	34.1	37.5	46.4
4773	477	3	31.7	34.1	37.4	43.2
4774	477	4	31.7	34.1	37.4	43.2
4775	477	5	31.7	34.1	37.4	43.2
4779	477	9	31.7	34.1	37.4	43.2
4791	479	1	24	20.3	27.2	30.5
4792	479	2	24	20.3	37.5	46.4
4793	479	3	24	20.3	27.2	30.5
4794	479	4	24	20.3	30.9	27.2
4795	479	5	24	20.3	25.4	27.2
4799	479	9	24	20.3	27.2	30.5
4831	483	1	24.7	21.4	36.7	52.3
4832	483	2	24.7	21.4	37.5	46.4
4833	483	3	24.7	21.4	46	31.2
4834	483	4	24.7	21.4	30.9	36.3
4835	483	5	24.7	21.4	23.7	32.1
4839	483	9	24.2	24.3	28	31.2
4841	484	1	24.2	24.3	36.3	48.2
4842	484	2	24.2	24.3	44.2	46.4
4843	484	3	24.2	24.3	41	32.1
4844	484	4	24.2	24.3	30.9	32.1
4845	484	5	24.2	24.3	23.7	32.1
4849	484	9	24.2	24.3	23.7	32.1
4851	485	1	39.6	48.5	39.9	56.5
4852	485	2	39.6	48.5	60.8	57.8
4853	485	3	39.6	48.5	60.8	56.5
4854	485	4	39.6	48.5	49.7	57.8
4855	485	5	39.6	48.5	41.6	57.8
4859	485	9	39.6	48.5	44.2	57.8
4861	486	1	26.7	32.1	36.3	48.2
4862	486	2	26.7	32.1	44.2	46.4
4863	486	3	26.7	32.1	41	48.2
4864	486	4	26.7	32.1	30.5	36.3
4865	486	5	26.7	32.1	28.1	38.7
4869	486	9	26.7	32.1	30.8	41.2
4871	487	1	38	37.1	48.8	57.6
4872	487	2	38	37.1	44.2	46.4
4873	487	3	38	37.1	41	48.2
4874	487	4	38	37.1	30.5	45
4875	487	5	38	37.1	33	45
4879	487	9	38	37.1	39.7	47.8
4881	488	1	17.4	4.9	36.3	48.2
4882	488	2	17.4	4.9	44.2	46.4
4883	488	3	17.4	4.9	46.6	11.8
4884	488	4	17.4	4.9	32.7	11.8
4885	488	5	17.4	4.9	14.2	11.8
4889	488	9	17.4	4.9	14.2	11.8
4891	489	1	28.7	28.5	39.9	52.3
4892	489	2	28.7	28.5	60.8	46.4
4893	489	3	28.7	28.5	60.8	36.9
4894	489	4	28.7	28.5	49.7	36.3
4895	489	5	28.7	28.5	41.6	57.8
4899	489	9	39.6	48.5	32.8	36.9
4941	494	1	31.7	11.9	39.9	52.3
4942	494	2	31.7	11.9	39.9	46.4
4943	494	3	31.7	11.9	60.8	21.2
4944	494	4	31.7	11.9	39.9	57.8
4945	494	5	31.7	11.9	39.9	57.8
4949	494	9	31.7	48.5	39.9	21.2
4951	495	1	39.7	11.9	30.1	48.2
4952	495	2	39.7	11.9	44.2	46.4
4953	495	3	39.7	11.9	43.6	21.2
4954	495	4	39.7	11.9	59.3	21.2
4955	495	5	39.7	11.9	23.2	21.2
4959	495	9	39.7	11.9	41.3	21.2
4961	496	1	22.7	11.9	30.1	48.2
4962	496	2	22.7	11.9	44.2	21.2
4963	496	3	22.7	11.9	43.6	48.2
4964	496	4	22.7	11.9	24.6	21.2
4965	496	5	22.7	11.9	24.6	21.2
4969	496	9	22.7	11.9	27.4	21.2
4971	497	1	40.5	24.7	39.9	56.5
4972	497	2	40.5	24.7	38.2	46.4
4973	497	3	40.5	24.7	60.8	49.8
4974	497	4	40.5	24.7	34	36.3
4975	497	5	40.5	24.7	41.6	30.7
4979	497	9	40.5	48.5	37.6	34
4981	498	1	31.9	24.7	42.3	48.2
4982	498	2	31.9	24.7	37.6	46.4
4983	498	3	31.9	24.7	42.3	48.2
4984	498	4	31.9	24.7	29.4	21.2
4985	498	5	31.9	24.7	29.4	21.2
4989	498	9	31.9	11.9	37.6	34
4991	499	1	32.9	24.7	42.3	52.3
4992	499	2	32.9	24.7	38.2	46.4
4993	499	3	32.9	24.7	46	49.8
4994	499	4	32.9	24.7	29.4	36.3
4995	499	5	32.9	24.7	29.4	21.2
4999	499	9	31.9	11.9	37.6	34
5031	503	1	47.8	50.3	52.3	48.3
5032	503	2	47.8	50.3	44	53.4
5033	503	3	47.8	50.3	61.8	42.1
5034	503	4	47.8	50.3	43.5	53.4
5035	503	5	47.8	50.3	48.7	53.4
5039	503	9	47.8	50.3	48.2	53.4
5051	505	1	38.8	33.7	35.8	48.3
5052	505	2	38.8	33.7	44	28.5
5053	505	3	38.8	33.7	45.2	42.1
5054	505	4	38.8	33.7	36.6	28.5
5055	505	5	38.8	33.7	37.7	28.5
5059	505	9	38.8	33.7	37.7	28.5
5061	506	1	38.5	29.8	37.7	48.3
5062	506	2	38.5	29.8	44	31.2
5063	506	3	38.5	29.8	47.3	42.1
5064	506	4	38.5	29.8	37.8	31.2
5065	506	5	38.5	29.8	37.7	31.2
5069	506	9	38.8	29.8	37.5	31.2
5071	507	1	37.9	29.8	39.9	48.3
5072	507	2	37.9	29.8	44	31.2
5073	507	3	37.9	29.8	52.6	42.1
5074	507	4	37.9	29.8	36.6	28.5
5075	507	5	37.9	29.8	36.6	28.5
5079	507	9	37.9	16.5	37	31.2
5081	508	1	49	43.8	43.7	48.3
5082	508	2	49	43.8	44	45.7
5083	508	3	49	43.8	43.7	45.7
5084	508	4	49	43.8	44.5	45.7
5085	508	5	49	43.8	51.9	45.7
5089	508	9	49	43.8	49	45.7
5091	509	1	39.1	29.8	43.7	48.3
5092	509	2	39.1	29.8	44	31.2
5093	509	3	39.1	29.8	43.7	42.1
5094	509	4	39.1	29.8	34.9	28.5
5095	509	5	39.1	29.8	37.8	28.5
5099	509	9	39.1	16.5	38.8	31.2
5141	514	1	37.7	16.5	38.4	48.3
5142	514	2	37.7	16.5	44	42.1
5143	514	3	37.7	16.5	53	42.1
5144	514	4	37.7	16.5	45.4	31.2
5145	514	5	37.7	16.5	34.9	28.5
5149	514	9	37.7	16.5	36.6	31.2
5151	515	1	40.4	29.8	37.7	48.3
5152	515	2	40.4	29.8	44	31.2
5153	515	3	40.4	29.8	47.3	42.1
5154	515	4	40.4	29.8	35.5	45.7
5155	515	5	40.4	29.8	41.4	45.7
5159	515	9	40.4	43.8	38.3	31.2
5161	516	1	38.4	29.8	44.6	48.3
5162	516	2	38.4	29.8	44	31.2
5163	516	3	38.4	29.8	47.5	42.1
5164	516	4	38.4	29.8	30.2	31.2
5165	516	5	38.4	29.8	38.1	29.8
5169	516	9	38.4	27.6	37.3	31.2
5171	517	1	35.2	29.8	37.2	48.3
5172	517	2	35.2	29.8	44	31.2
5173	517	3	35.2	29.8	47.5	42.1
5174	517	4	35.2	29.8	37.8	31.2
5175	517	5	35.2	29.8	34.6	29.8
5179	517	9	35.2	27.6	35	31.2
5181	518	1	34.5	27.6	43.8	48.3
5182	518	2	34.5	27.6	44	42.1
5183	518	3	34.5	27.6	47.5	42.1
5184	518	4	34.5	27.6	35.2	29.8
5185	518	5	34.5	27.6	32.8	29.8
5189	518	9	34.5	27.6	33.7	29.8
5191	519	1	33.4	29.8	43.8	48.3
5192	519	2	33.4	29.8	44	31.2
5193	519	3	33.4	29.8	47.5	42.1
5194	519	4	33.4	29.8	35.2	29.8
5195	519	5	33.4	29.8	32.3	29.8
5199	519	9	33.4	27.6	32.3	31.2
5231	523	1	46.9	45.7	47.3	48.3
5232	523	2	46.9	45.7	45.4	48.9
5233	523	3	46.9	45.7	56.4	48.9
5234	523	4	46.9	45.7	43.7	48.9
5235	523	5	46.9	45.7	47.6	48.9
5239	523	9	46.9	45.7	46.8	48.9
5251	525	1	53.7	48.6	47.3	48.3
5252	525	2	53.7	48.6	45.4	51.3
5253	525	3	53.7	48.6	56.4	51.3
5254	525	4	53.7	48.6	47.9	51.3
5255	525	5	53.7	48.6	56.4	51.3
5259	525	9	53.7	48.6	55.3	51.3
5261	526	1	42.6	47	38.8	48.3
5262	526	2	42.6	47	53.7	42.1
5263	526	3	42.6	47	53.7	42.1
5264	526	4	42.6	47	48.8	51.2
5265	526	5	42.6	47	42.1	51.2
5269	526	9	42.6	47.1	41.2	50.6
5271	527	1	44.9	47	38.8	48.3
5272	527	2	44.9	47	44.9	50.6
5273	527	3	44.9	47	53.7	42.1
5274	527	4	44.9	47	48.8	50.6
5275	527	5	44.9	47	44.9	51.2
5279	527	9	44.9	47.1	44.9	50.6
5291	529	1	50.9	47.1	53.5	51.2
5292	529	2	50.9	47.1	51	51.2
5293	529	3	50.9	47.1	56.4	42.1
5294	529	4	50.9	47.1	42.7	51.2
5295	529	5	50.9	47.1	51.2	51.2
5299	529	9	50.9	47.1	51	51.2
5331	533	1	46.3	47	54.5	48.3
5332	533	2	46.3	47	45.4	50.6
5333	533	3	46.3	47	56.4	42.1
5334	533	4	46.3	47	44.6	51.2
5335	533	5	46.3	47	46.2	51.2
5339	533	9	46.3	47.1	46.6	50.6
5341	534	1	44.8	47	48.8	48.3
5342	534	2	44.8	47	53.7	50.6
5343	534	3	44.8	47	53.7	42.1
5344	534	4	44.8	47	48.8	51.2
5345	534	5	44.8	47	41.9	51.2
5349	534	9	44.8	47.1	44.4	50.6
5351	535	1	50.7	39.7	59.9	48.3
5352	535	2	50.7	39.7	45.4	39.2
5353	535	3	50.7	39.7	59.4	42.1
5354	535	4	50.7	39.7	46.9	39.2
5355	535	5	50.7	39.7	46.9	39.2
5359	535	9	50.7	39.7	53.2	39.2
5361	536	1	47.3	37.3	50.6	48.3
5362	536	2	47.3	37.3	45.4	39.5
5363	536	3	47.3	37.3	59.4	42.1
5364	536	4	47.3	37.3	42.9	39.5
5365	536	5	47.3	37.3	45.7	37.1
5369	536	9	47.3	37.2	49.4	39.5
5381	538	1	50.6	37.3	59.9	48.3
5382	538	2	50.6	37.3	45.4	39.5
5383	538	3	50.6	37.3	59.4	42.1
5384	538	4	50.6	37.3	51.2	39.5
5385	538	5	50.6	37.3	51.2	39.2
5389	538	9	50.6	39.7	51.2	39.5
5391	539	1	45	37.3	50.6	48.3
5392	539	2	45	37.3	45.4	39.5
5393	539	3	45	37.3	59.4	42.1
5394	539	4	45	37.3	34.3	37.1
5395	539	5	45	37.3	48.2	37.1
5399	539	9	45	37.2	44.2	39.5
5431	543	1	51.1	37.3	50.6	48.3
5432	543	2	51.1	37.3	45.4	39.5
5433	543	3	51.1	37.3	51.9	42.1
5434	543	4	51.1	37.3	50.9	37.1
5435	543	5	51.1	37.3	50.9	37.1
5439	543	9	51.1	37.2	50.9	39.5
5441	544	1	37.6	35.4	47.5	48.3
5442	544	2	37.6	35.4	45.4	34.1
5443	544	3	37.6	35.4	51.9	42.1
5444	544	4	37.6	35.4	37	34.1
5445	544	5	37.6	35.4	37	34.1
5449	544	9	37.6	35.4	37	34.1
5471	547	1	41.2	37.2	48.5	48.3
5472	547	2	41.2	37.2	45.4	42.1
5473	547	3	41.2	37.2	45.5	42.1
5474	547	4	41.2	37.2	38.4	37.1
5475	547	5	41.2	37.2	39.4	37.1
5479	547	9	41.2	37.2	40.4	37.1
5491	549	1	38.8	37.2	47.5	48.3
5492	549	2	38.8	37.2	45.4	41.4
5493	549	3	38.8	37.2	51.9	42.1
5494	549	4	38.8	37.2	37.8	38.8
5495	549	5	38.8	37.2	37	38.8
5499	549	9	38.8	37.2	38	41.4
5531	553	1	42.5	46.4	40	56.7
5532	553	2	42.5	46.4	49.7	50.2
5533	553	3	42.5	46.4	59.3	57.6
5534	553	4	42.5	46.4	43.3	50.2
5535	553	5	42.5	46.4	43.3	46.2
5539	553	9	42.5	46.4	43.3	50.2
5541	554	1	52	46.4	52	56.7
5542	554	2	52	46.4	49.7	50.2
5543	554	3	52	46.4	71.3	57.6
5544	554	4	52	46.4	51.6	50.2
5545	554	5	52	46.4	51.6	46.2
5549	554	9	52	46.4	53.5	50.2
5551	555	1	50.5	46.4	61.6	56.7
5552	555	2	50.5	46.4	49.7	50.2
5553	555	3	50.5	46.4	64.2	57.6
5554	555	4	50.5	46.4	51.5	46.2
5555	555	5	50.5	46.4	49.9	46.2
5559	555	9	50.5	46.4	52.5	50.2
5561	556	1	45.6	46.4	44.8	56.7
5562	556	2	45.6	46.4	49.7	50.2
5563	556	3	45.6	46.4	64.2	57.6
5564	556	4	45.6	46.4	41.2	50.2
5565	556	5	45.6	46.4	41.2	46.2
5569	556	9	45.6	46.4	42.7	50.2
5571	557	1	44.8	46.4	40	56.7
5572	557	2	44.8	46.4	49.7	50.2
5573	557	3	44.8	46.4	59.3	57.6
5574	557	4	44.8	46.4	43.7	50.2
5575	557	5	44.8	46.4	43.7	46.2
5579	557	9	44.8	46.4	42.7	50.2
5581	558	1	47.5	46.4	52.9	56.7
5582	558	2	47.5	46.4	49.7	57.6
5583	558	3	47.5	46.4	59.3	57.6
5584	558	4	47.5	46.4	40.4	46.2
5585	558	5	47.5	46.4	45.3	46.2
5589	558	9	47.5	46.4	47.6	50.2
5631	563	1	35.4	39.6	36.6	46.6
5632	563	2	35.4	39.6	37.9	41.6
5633	563	3	35.4	39.6	30.8	51.1
5634	563	4	35.4	39.6	38.8	41.6
5635	563	5	35.4	39.6	32.6	40.3
5639	563	9	35.4	38.7	33.6	41.6
5641	564	1	40.4	39.6	43.1	54.3
5642	564	2	40.4	39.6	37.9	41.6
5643	564	3	40.4	39.6	46.3	51.1
5644	564	4	40.4	39.6	39.9	41.6
5645	564	5	40.4	39.6	32.6	37.2
5649	564	9	35.4	39.6	39.8	41.6
5651	565	1	43.5	39.6	46.8	54.3
5652	565	2	43.5	39.6	37.9	41.6
5653	565	3	43.5	39.6	46.8	51.1
5654	565	4	43.5	39.6	40.5	41.6
5655	565	5	43.5	39.6	40.5	40.3
5659	565	9	43.5	38.7	43.2	41.6
5661	566	1	40	39.6	40	46.6
5662	566	2	40	39.6	37.9	41.6
5663	566	3	40	39.6	58.3	57.6
5664	566	4	40	39.6	37.4	41.6
5665	566	5	40	39.6	37.3	40.3
5669	566	9	40	38.7	39.6	41.6
5671	567	1	40.1	42	44	46.6
5672	567	2	40.1	42	37.9	57.6
5673	567	3	40.1	42	46	57.6
5674	567	4	40.1	42	37.4	40.3
5675	567	5	40.1	42	37.4	40.3
5679	567	9	40.1	42	39.5	41.5
5691	569	1	40.4	39.6	43.1	54.3
5692	569	2	40.4	39.6	37.9	41.6
5693	569	3	40.4	39.6	46.3	51.1
5694	569	4	40.4	39.6	39.9	41.6
5695	569	5	40.4	39.6	37.4	37.2
5699	569	9	40.1	39.6	39.8	41.6
5731	573	1	34.9	38.7	39.3	46.6
5732	573	2	34.9	38.7	37.9	41.6
5733	573	3	34.9	38.7	39.3	51.1
5734	573	4	34.9	38.7	32.4	41.6
5735	573	5	34.9	38.7	32.4	40.3
5739	573	9	34.9	38.7	34.1	41.6
5751	575	1	45.8	35	50.2	55.8
5752	575	2	45.8	35	50.2	36.9
5753	575	3	45.8	35	56.2	51.1
5754	575	4	45.8	35	45.3	36.9
5755	575	5	45.8	35	45.3	36.9
5759	575	9	45.8	35	45.9	36.9
5761	576	1	49.1	39.6	43.1	54.3
5762	576	2	49.1	39.6	37.9	41.6
5763	576	3	49.1	39.6	46.3	51.1
5764	576	4	49.1	39.6	39.9	41.6
5765	576	5	49.1	39.6	49.8	36.9
5769	576	9	49.1	35	49.8	41.6
5771	577	1	47.6	39.6	50.2	54.3
5772	577	2	47.6	39.6	50.2	41.6
5773	577	3	47.6	39.6	46.3	51.1
5774	577	4	47.6	39.6	43.7	36.9
5775	577	5	47.6	39.6	47.9	36.9
5779	577	9	47.6	35	47.4	41.6
5791	579	1	36.3	43.6	41.1	55.8
5792	579	2	36.3	43.6	37.9	51.1
5793	579	3	36.3	43.6	34	51.1
5794	579	4	36.3	43.6	38.2	41.1
5795	579	5	36.3	43.6	31.4	41.1
5799	579	9	36.3	43.6	35.1	47.3
5831	583	1	45.8	51.1	51	55.8
5832	583	2	45.8	51.1	37.9	51.1
5833	583	3	45.8	51.1	51	51.1
5834	583	4	45.8	51.1	38	41.6
5835	583	5	45.8	51.1	38	41.1
5839	583	9	45.8	51.1	46.1	41.6
5841	584	1	33.9	39.6	37.1	55.8
5842	584	2	33.9	39.6	37.9	41.6
5843	584	3	33.9	39.6	34	51.1
5844	584	4	33.9	39.6	31.3	41.6
5845	584	5	33.9	39.6	31.3	41.1
5849	584	9	33.9	51.1	32.3	41.6
5851	585	1	43.7	39.6	48.5	55.8
5852	585	2	43.7	39.6	48.5	41.6
5853	585	3	43.7	39.6	53.8	51.1
5854	585	4	43.7	39.6	38.7	41.1
5855	585	5	43.7	39.6	42.8	41.1
5859	585	9	43.7	43.6	43.5	41.6
5871	587	1	46.2	39.6	43.1	54.3
5872	587	2	46.2	39.6	37.9	41.6
5873	587	3	46.2	39.6	46.3	51.1
5874	587	4	46.2	39.6	46.1	41.6
5875	587	5	46.2	39.6	46.1	37.2
5879	587	9	46.2	39.6	46.1	41.6
5881	588	1	33.1	39.6	31.8	54.3
5882	588	2	33.1	39.6	37.9	41.6
5883	588	3	33.1	39.6	52.6	51.1
5884	588	4	33.1	39.6	30.6	41.6
5885	588	5	33.1	39.6	30.6	41.1
5889	588	9	33.1	43.6	30.8	41.6
5891	589	1	44.1	39.6	51.1	54.3
5892	589	2	44.1	39.6	37.9	41.6
5893	589	3	44.1	39.6	51.1	51.1
5894	589	4	44.1	39.6	42.8	6.3
5895	589	5	44.1	39.6	42.8	6.3
5899	589	9	44.1	10.5	44.4	41.6
5931	593	1	33.6	39.6	33.2	54.3
5932	593	2	33.6	39.6	37.9	41.6
5933	593	3	33.6	39.6	52.6	51.1
5934	593	4	33.6	39.6	30.2	6.3
5935	593	5	33.6	39.6	31.6	6.3
5939	593	9	33.6	10.5	31.6	41.6
5941	594	1	35.8	39.6	33.2	54.3
5942	594	2	35.8	39.6	37.9	41.6
5943	594	3	35.8	39.6	52.6	51.1
5944	594	4	35.8	39.6	30.2	41.6
5945	594	5	35.8	39.6	31.6	6.3
5949	594	9	35.8	10.5	31.6	41.6
5951	595	1	31.4	10.5	33.2	55.8
5952	595	2	31.4	10.5	37.9	6.3
5953	595	3	31.4	10.5	52.6	51.1
5954	595	4	31.4	10.5	30.2	6.3
5955	595	5	31.4	10.5	28.1	6.3
5959	595	9	31.4	10.5	31	6.3
5961	596	1	43.7	39.6	51.1	55.8
5962	596	2	43.7	39.6	37.9	41.6
5963	596	3	43.7	39.6	46.3	51.1
5964	596	4	43.7	39.6	43.1	41.6
5965	596	5	43.7	39.6	43.1	38
5969	596	9	43.7	34.6	43.1	41.6
5971	597	1	39.9	39.6	46.3	54.3
5972	597	2	39.9	39.6	37.9	41.6
5973	597	3	39.9	39.6	40	51.1
5974	597	4	39.9	39.6	40.4	38
5975	597	5	39.9	39.6	40.4	38
5979	597	9	39.9	34.6	40.4	41.6
5981	598	1	35.5	39.6	46.3	54.3
5982	598	2	35.5	39.6	37.9	41.6
5983	598	3	35.5	39.6	40	51.1
5984	598	4	35.5	39.6	32.7	41.6
5985	598	5	35.5	39.6	32.7	38
5989	598	9	35.5	34.6	32.7	41.6
5991	599	1	35.9	34.6	46.3	55.8
5992	599	2	35.9	34.6	37.9	51.1
5993	599	3	35.9	34.6	40	51.1
5994	599	4	35.9	34.6	37.2	38
5995	599	5	35.9	34.6	30.1	38
5999	599	9	35.9	34.6	34.5	38
6131	613	1	45.8	37.5	49.7	53.3
6132	613	2	45.8	37.5	45.9	37.2
6133	613	3	45.8	37.5	66.7	48.4
6134	613	4	45.8	37.5	45.9	46.2
6135	613	5	45.8	37.5	45.9	46.2
6139	613	9	45.8	46.4	45.9	37.2
6141	614	1	37.8	37.5	44.1	53.3
6142	614	2	37.8	37.5	37.7	37.2
6143	614	3	37.8	37.5	44.1	48.4
6144	614	4	37.8	37.5	36.8	43.1
6145	614	5	37.8	37.5	36.8	38
6149	614	9	37.8	37.5	37.7	37.2
6151	615	1	38.4	37.5	44.1	53.3
6152	615	2	38.4	37.5	40.2	37.2
6153	615	3	38.4	37.5	40.2	48.4
6154	615	4	38.4	37.5	40.2	43.1
6155	615	5	38.4	37.5	40.2	35.2
6159	615	9	38.4	37.5	40.2	37.2
6161	616	1	34.6	37.5	44.1	53.3
6162	616	2	34.6	37.5	37.9	37.2
6163	616	3	34.6	37.5	44.1	48.4
6164	616	4	34.6	37.5	33	43.1
6165	616	5	34.6	37.5	33	38
6169	616	9	34.6	37.5	33	37.2
6171	617	1	35.6	37.5	44.1	53.3
6172	617	2	35.6	37.5	33.7	37.2
6173	617	3	35.6	37.5	44.1	48.4
6174	617	4	35.6	37.5	33.7	43.1
6175	617	5	35.6	37.5	33.7	38
6179	617	9	35.6	37.5	33.7	37.2
6281	628	1	42.9	38.1	49.7	59.4
6282	628	2	42.9	38.1	49.7	59.4
6283	628	3	42.9	38.1	66.7	59.4
6284	628	4	42.9	38.1	44.2	43.1
6285	628	5	42.9	38.1	42.1	39.9
6289	628	9	42.9	38.1	42.8	40.5
6341	634	1	39.4	32.8	49.3	62.7
6342	634	2	39.4	32.8	39	33.9
6343	634	3	39.4	32.8	48.8	43.9
6344	634	4	39.4	32.8	39	24.9
6345	634	5	39.4	32.8	39	24.9
6349	634	9	39.4	22.5	39	33.9
6351	635	1	39.3	32.8	52.1	62.7
6352	635	2	39.3	32.8	39.1	33.9
6353	635	3	39.3	32.8	53.3	43.9
6354	635	4	39.3	32.8	39.6	43.1
6355	635	5	39.3	32.8	39	29.7
6359	635	9	39.4	32.8	39.1	33.9
6361	636	1	31.4	22.8	49.3	62.7
6362	636	2	31.4	22.8	30.3	24.9
6363	636	3	31.4	22.8	48.8	51.1
6364	636	4	31.4	22.8	30.3	24.9
6365	636	5	31.4	22.8	30.3	24.9
6369	636	9	31.4	22.8	30.3	24.9
6371	637	1	39	22.5	49.3	55.8
6372	637	2	39	22.5	39.7	19.3
6373	637	3	39	22.5	48.8	19.3
6374	637	4	39	22.5	38.1	19.3
6375	637	5	39	22.5	38.3	19.3
6379	637	9	39	22.5	38.8	19.3
6391	639	1	39.3	32.8	52.1	62.7
6392	639	2	39.3	32.8	39.1	33.9
6393	639	3	39.3	32.8	53.3	43.9
6394	639	4	39.3	32.8	39.6	43.1
6395	639	5	39.3	32.8	38.3	29.7
6399	639	9	39	32.8	39.1	33.9
6431	643	1	35.1	32.8	49.3	62.7
6432	643	2	35.1	32.8	33.8	33.9
6433	643	3	35.1	32.8	48.8	43.9
6434	643	4	35.1	32.8	33.8	43.1
6435	643	5	35.1	32.8	33.8	22
6439	643	9	35.1	27.1	33.8	33.9
6441	644	1	38.6	32.8	49.3	55.8
6442	644	2	38.6	32.8	39.7	33.9
6443	644	3	38.6	32.8	48.8	43.9
6444	644	4	38.6	32.8	37.8	43.1
6445	644	5	38.6	32.8	37.8	36.4
6449	644	9	38.6	40.8	37.8	33.9
6451	645	1	53.2	32.8	52.1	62.7
6452	645	2	53.2	32.8	53.9	33.9
6453	645	3	53.2	32.8	53.3	43.9
6454	645	4	53.2	32.8	53.9	43.1
6455	645	5	53.2	32.8	53.9	36.4
6459	645	9	53.2	40.8	53.9	33.9
6461	646	1	36.5	40.8	49.3	62.7
6462	646	2	36.5	40.8	39.7	36.4
6463	646	3	36.5	40.8	53.3	36.4
6464	646	4	36.5	40.8	37.8	36.4
6465	646	5	36.5	40.8	32.7	36.4
6469	646	9	36.5	40.8	34.5	36.4
6471	647	1	49	44.3	65	62.7
6472	647	2	49	44.3	65	62.7
6473	647	3	49	44.3	63.5	62.7
6474	647	4	49	44.3	44.6	42.8
6475	647	5	49	44.3	44.6	42.8
6479	647	9	49	44.3	52.5	49.9
6491	649	1	43.2	46.2	65	62.7
6492	649	2	43.2	46.2	41.9	45.3
6493	649	3	43.2	46.2	63.5	62.7
6494	649	4	43.2	46.2	41.9	45.3
6495	649	5	43.2	46.2	41.9	45.3
6499	649	9	43.2	46.2	41.9	45.3
6531	653	1	39.5	27.1	34.8	62.7
6532	653	2	39.5	27.1	39.1	22
6533	653	3	39.5	27.1	48.8	22
6534	653	4	39.5	27.1	43.9	22
6535	653	5	39.5	27.1	38.8	22
6539	653	9	39.5	27.1	39.1	22
6541	654	1	39.3	32.8	52.1	62.7
6542	654	2	39.3	32.8	39.1	33.9
6543	654	3	39.3	32.8	53.3	43.9
6544	654	4	39.3	32.8	39.6	43.1
6545	654	5	39.3	32.8	38.3	29.7
6549	654	9	39.3	32.8	39.1	33.9
6551	655	1	39.3	32.8	52.1	62.7
6552	655	2	39.3	32.8	39.1	33.9
6553	655	3	39.3	32.8	53.3	43.9
6554	655	4	39.3	32.8	39.6	43.1
6555	655	5	39.3	32.8	41.9	45.3
6559	655	9	43.2	46.2	39.1	33.9
6561	656	1	40.8	26.4	54.6	53.2
6562	656	2	40.8	26.4	42.6	15.1
6563	656	3	40.8	26.4	56	43.9
6564	656	4	40.8	26.4	42.4	43.1
6565	656	5	40.8	26.4	32.7	10.1
6569	656	9	37.7	24.2	42.6	15.1
6571	657	1	42	29.6	54.8	62.7
6572	657	2	42	29.6	39.7	62.7
6573	657	3	42	29.6	56	62.7
6574	657	4	42	29.6	37.9	23.9
6575	657	5	42	29.6	37.9	23.9
6579	657	9	42	29.6	44.1	23.9
6581	658	1	37.7	24.2	54.1	62.7
6582	658	2	37.7	24.2	38.2	62.7
6583	658	3	37.7	24.2	56	62.7
6584	658	4	37.7	24.2	32.7	10.1
6585	658	5	37.7	24.2	32.7	10.1
6589	658	9	37.7	24.2	38.2	10.1
6591	659	1	40.8	26.4	54.1	53.2
6592	659	2	40.8	26.4	39.7	15.1
6593	659	3	40.8	26.4	56	43.9
6594	659	4	40.8	26.4	42.4	43.1
6595	659	5	40.8	26.4	32.7	10.1
6599	659	9	37.7	24.2	42.6	15.1
6661	666	1	32.8	38.5	41.2	51.6
6662	666	2	32.8	38.5	39.7	43.9
6663	666	3	32.8	38.5	41.2	43.9
6664	666	4	32.8	38.5	42.4	33.5
6665	666	5	32.8	38.5	21.2	33.5
6669	666	9	29.1	38.5	29.9	40.6
6671	667	1	30.4	37.7	41.2	50.5
6672	667	2	30.4	37.7	21.6	43.9
6673	667	3	30.4	37.7	41.2	43.9
6674	667	4	30.4	37.7	21.6	37.1
6675	667	5	30.4	37.7	15	37.1
6679	667	9	30.4	37.7	21.6	39.5
6681	668	1	32.9	25.8	46.9	38.3
6682	668	2	32.9	25.8	39.7	25.1
6683	668	3	32.9	25.8	46.9	38.3
6684	668	4	32.9	25.8	26.6	25.1
6685	668	5	32.9	25.8	26.6	13.1
6689	668	9	32.9	25.8	33.3	25.1
6691	669	1	37.4	17	44.8	38.3
6692	669	2	37.4	17	39.7	38.3
6693	669	3	37.4	17	44.8	43.9
6694	669	4	37.4	17	30.7	10.1
6695	669	5	37.4	17	30.7	10.1
6699	669	9	37.4	17	37.3	10.1
6741	674	1	29.1	38.4	41.2	50.5
6742	674	2	29.1	38.4	21.2	43.9
6743	674	3	29.1	38.4	41.2	43.9
6744	674	4	29.1	38.4	21.2	36.7
6745	674	5	29.1	38.4	21.2	36.7
6749	674	9	29.1	38.4	21.2	36.7
6751	675	1	36	33	53.8	63.7
6752	675	2	36	33	39.7	34.7
6753	675	3	36	33	53.8	43.9
6754	675	4	36	33	38.4	43.1
6755	675	5	36	33	30.5	43.4
6759	675	9	36	47.9	38.4	34.7
6761	676	1	37.9	47.9	53.8	63.7
6762	676	2	37.9	47.9	36.6	43.9
6763	676	3	37.9	47.9	53.8	43.4
6764	676	4	37.9	47.9	36.6	43.4
6765	676	5	37.9	47.9	36.6	43.4
6769	676	9	37.9	47.9	36.6	43.4
6771	677	1	50.1	44.6	64.4	63.7
6772	677	2	50.1	44.6	50	43.9
6773	677	3	50.1	44.6	64.4	43.9
6774	677	4	50.1	44.6	47.1	47.9
6775	677	5	50.1	44.6	47.1	47.9
6779	677	9	50.1	44.6	50	47.9
6781	678	1	49.7	51.6	64.3	63.7
6782	678	2	49.7	51.6	50.4	43.9
6783	678	3	49.7	51.6	64.3	43.9
6784	678	4	49.7	51.6	41.4	52.3
6785	678	5	49.7	51.6	41.4	52.3
6789	678	9	49.7	51.6	50.4	52.3
6791	679	1	35.8	34.6	53.8	63.7
6792	679	2	35.8	34.6	35.8	35
6793	679	3	35.8	34.6	64.4	35
6794	679	4	35.8	34.6	35.8	35
6795	679	5	35.8	34.6	35.8	35
6799	679	9	35.8	34.6	35.8	35
6831	683	1	31.8	28.5	53.8	63.7
6832	683	2	31.8	28.5	39.7	63.7
6833	683	3	31.8	28.5	53.8	29.6
6834	683	4	31.8	28.5	30.7	29.6
6835	683	5	31.8	28.5	30.7	29.6
6839	683	9	31.8	28.5	30.7	29.6
6841	684	1	32	27.5	53.8	63.7
6842	684	2	32	27.5	39.7	48.4
6843	684	3	32	27.5	53.8	48.4
6844	684	4	32	27.5	29	25.3
6845	684	5	32	27.5	29	25.3
6849	684	9	32	27.5	29	48.4
6861	686	1	35.8	14.1	42.7	41.2
6862	686	2	35.8	14.1	40.4	41.2
6863	686	3	35.8	14.1	40.4	41.2
6864	686	4	35.8	14.1	33.5	15.6
6865	686	5	35.8	14.1	33.5	15.6
6869	686	9	35.8	14.1	33.9	15.6
6871	687	1	34.3	33.9	69	64.1
6872	687	2	34.3	33.9	69	64.1
6873	687	3	34.3	33.9	69	64.1
6874	687	4	34.3	33.9	30.4	33.9
6875	687	5	34.3	33.9	30.4	33.9
6879	687	9	34.3	33.9	34.8	36.8
6881	688	1	29.2	32.6	69	41.2
6882	688	2	29.2	32.6	69	41.2
6883	688	3	29.2	32.6	69	41.2
6884	688	4	29.2	32.6	26.5	34.2
6885	688	5	29.2	32.6	26.5	34.2
6889	688	9	29.2	32.6	26.5	35.2
6891	689	1	48.6	29	51.1	63.7
6892	689	2	48.6	29	49	31.5
6893	689	3	48.6	29	51.1	43.9
6894	689	4	48.6	29	48.6	31.5
6895	689	5	48.6	29	49	31.5
6899	689	9	48.6	29	49	31.5
6931	693	1	48.6	29	51.1	53.2
6932	693	2	48.6	29	49	31.5
6933	693	3	48.6	29	59.9	43.9
6934	693	4	48.6	29	41.6	43.1
6935	693	5	48.6	29	43.8	39.2
6939	693	9	44.3	37.3	49	31.5
6941	694	1	42.1	42.1	51.1	53.2
6942	694	2	42.1	42.1	41.1	43.1
6943	694	3	42.1	42.1	41.1	43.9
6944	694	4	42.1	42.1	40.5	39.2
6945	694	5	42.1	42.1	42.1	39.2
6949	694	9	42.1	37.3	41.1	43.1
6951	695	1	47.3	42.1	53.7	53.2
6952	695	2	47.3	42.1	47.3	43.1
6953	695	3	47.3	42.1	47.3	43.9
6954	695	4	47.3	42.1	48.8	39.2
6955	695	5	47.3	42.1	47	39.2
6959	695	9	47.3	37.3	47.3	43.1
6961	696	1	47.5	47.3	53.7	63.7
6962	696	2	47.5	47.3	53.7	43.9
6963	696	3	47.5	47.3	53.7	47.9
6964	696	4	47.5	47.3	42	47.9
6965	696	5	47.5	47.3	49	47.9
6969	696	9	47.5	47.3	47.9	47.9
6991	699	1	44.3	37.3	51.1	39.2
6992	699	2	44.3	37.3	44.3	39.2
6993	699	3	44.3	37.3	51.1	39.2
6994	699	4	44.3	37.3	41.6	39.2
6995	699	5	44.3	37.3	43.8	39.2
6999	699	9	44.3	37.3	44.3	39.2
7031	703	1	31.6	17.9	47.6	52.2
7032	703	2	31.6	17.9	31.7	36.7
7033	703	3	31.6	17.9	31.7	36.3
7034	703	4	31.6	17.9	31.7	21.4
7035	703	5	31.6	17.9	31.7	31.4
7039	703	9	31.6	26.8	31.7	18.6
7041	704	1	31.6	26.8	47.6	31.4
7042	704	2	31.6	26.8	31	31.4
7043	704	3	31.6	26.8	49.9	31.4
7044	704	4	31.6	26.8	31	31.4
7045	704	5	31.6	26.8	31	31.4
7049	704	9	31.6	26.8	31	31.4
7051	705	1	29	17.9	47.6	52.2
7052	705	2	29	17.9	33	38
7053	705	3	29	17.9	49.9	36.3
7054	705	4	29	17.9	33	21.4
7055	705	5	29	17.9	33	20.5
7059	705	9	29	20.5	33	18.6
7061	706	1	26.6	20.5	47.6	67.3
7062	706	2	26.6	20.5	25.9	20.5
7063	706	3	26.6	20.5	25.9	20.5
7064	706	4	26.6	20.5	25.9	20.5
7065	706	5	26.6	20.5	25.9	20.5
7069	706	9	26.6	20.5	25.9	20.5
7071	707	1	27.4	17.9	26.5	52.2
7072	707	2	27.4	17.9	26.5	38
7073	707	3	27.4	17.9	26.5	36.3
7074	707	4	27.4	17.9	26.5	21.4
7075	707	5	27.4	17.9	26.5	13.8
7079	707	9	27.4	13.2	26.5	18.6
7081	708	1	29.4	17.9	30.4	52.2
7082	708	2	29.4	17.9	30.4	38
7083	708	3	29.4	17.9	30.4	36.3
7084	708	4	29.4	17.9	30.4	21.4
7085	708	5	29.4	17.9	30.4	13.8
7089	708	9	29.4	13.2	30.4	18.6
7091	709	1	29.4	13.2	47.6	13.8
7092	709	2	29.4	13.2	29.2	13.8
7093	709	3	29.4	13.2	49.9	13.8
7094	709	4	29.4	13.2	21.3	13.8
7095	709	5	29.4	13.2	29.2	13.8
7099	709	9	29.4	13.2	29.2	13.8
7131	713	1	23.4	17.9	47.6	52.2
7132	713	2	23.4	17.9	21.4	38
7133	713	3	23.4	17.9	21.4	36.3
7134	713	4	23.4	17.9	21.3	21.4
7135	713	5	23.4	17.9	21.4	13.8
7139	713	9	23.4	13.2	21.4	18.6
7141	714	1	28.8	17.9	47.5	52.2
7142	714	2	28.8	17.9	39.7	38
7143	714	3	28.8	17.9	55.6	36.3
7144	714	4	28.8	17.9	36.2	21.4
7145	714	5	28.8	17.9	32.8	17.1
7149	714	9	31.7	14.6	28.4	18.6
7151	715	1	29.5	17.8	47.6	12.5
7152	715	2	29.5	17.8	28.5	12.5
7153	715	3	29.5	17.8	49.9	12.5
7154	715	4	29.5	17.8	21.3	12.5
7155	715	5	29.5	17.8	28.5	12.5
7159	715	9	29.5	17.8	28.5	12.5
7171	717	1	31.7	14.6	47.6	67.3
7172	717	2	31.7	14.6	32.8	17.1
7173	717	3	31.7	14.6	49.9	17.1
7174	717	4	31.7	14.6	21.3	17.1
7175	717	5	31.7	14.6	32.8	17.1
7179	717	9	31.7	14.6	32.8	17.1
7191	719	1	29.8	16	47.6	67.3
7192	719	2	29.8	16	29	36.7
7193	719	3	29.8	16	49.9	14.9
7194	719	4	29.8	16	21.3	14.9
7195	719	5	29.8	16	29	14.9
7199	719	9	29.8	16	29	14.9
7231	723	1	25.4	23.8	47.6	27.5
7232	723	2	25.4	23.8	23.3	27.5
7233	723	3	25.4	23.8	49.9	27.5
7234	723	4	25.4	23.8	21.3	27.5
7235	723	5	25.4	23.8	23.3	27.5
7239	723	9	25.4	23.8	23.3	27.5
7241	724	1	30.6	18.4	47.6	52.2
7242	724	2	30.6	18.4	28.8	36.7
7243	724	3	30.6	18.4	49.9	36.3
7244	724	4	30.6	18.4	21.3	21.4
7245	724	5	30.6	18.4	28.8	27.5
7249	724	9	30.6	23.8	28.8	18.7
7251	725	1	25.5	18.4	47.6	67.3
7252	725	2	25.5	18.4	34.1	38
7253	725	3	25.5	18.4	49.9	36.3
7254	725	4	25.5	18.4	21.3	21.4
7255	725	5	25.5	18.4	23.8	27.5
7259	725	9	25.5	23.8	34.1	18.7
7261	726	1	31.9	20.5	32.7	67.3
7262	726	2	31.9	20.5	31.8	38
7263	726	3	31.9	20.5	31.8	36.3
7264	726	4	31.9	20.5	21.3	21.4
7265	726	5	31.9	20.5	31.8	16.5
7269	726	9	31.9	17.3	31.8	31.6
7271	727	1	22.6	17.3	32.7	67.3
7272	727	2	22.6	17.3	39.7	36.7
7273	727	3	22.6	17.3	49.9	16.5
7274	727	4	22.6	17.3	21.3	16.5
7275	727	5	22.6	17.3	20.9	16.5
7279	727	9	22.6	17.3	22	16.5
7281	728	1	25.7	20.5	43.5	67.3
7282	728	2	25.7	20.5	39.7	38
7283	728	3	25.7	20.5	55.6	36.3
7284	728	4	25.7	20.5	36.2	16.5
7285	728	5	25.7	20.5	20.9	16.5
7289	728	9	22.6	17.3	25.4	31.6
7291	729	1	25.7	20.5	43.5	67.3
7292	729	2	25.7	20.5	39.7	38
7293	729	3	25.7	20.5	55.6	36.3
7294	729	4	25.7	20.5	36.2	21.4
7295	729	5	25.7	20.5	20.9	16.5
7299	729	9	22.6	17.3	25.4	31.6
7331	733	1	32.1	28.6	54.8	67.3
7332	733	2	32.1	28.6	39.7	36.7
7333	733	3	32.1	28.6	49.9	52.7
7334	733	4	32.1	28.6	26.4	50.5
7335	733	5	32.1	28.6	26.4	25.2
7339	733	9	32.1	28.6	33.1	50.5
7341	734	1	41.1	33.4	56.5	64.7
7342	734	2	41.1	33.4	42.3	34.6
7343	734	3	41.1	33.4	73.3	64.7
7344	734	4	41.1	33.4	46.2	40.9
7345	734	5	41.1	33.4	40.8	34
7349	734	9	41.1	33.4	42.3	34.6
7351	735	1	50.7	40.7	56.5	64.7
7352	735	2	50.7	40.7	51.5	41.8
7353	735	3	50.7	40.7	73.3	41.8
7354	735	4	50.7	40.7	51.5	41.8
7355	735	5	50.7	40.7	51.5	41.8
7359	735	9	50.7	40.7	51.5	41.8
7361	736	1	44.8	45.6	56.5	67.3
7362	736	2	44.8	45.6	44.3	47.4
7363	736	3	44.8	45.6	73.3	52.7
7364	736	4	44.8	45.6	46.2	47.4
7365	736	5	44.8	45.6	44.3	47.4
7369	736	9	44.8	45.6	44.3	47.4
7371	737	1	42.7	33.5	56.5	64.7
7372	737	2	42.7	33.5	40.8	36.7
7373	737	3	42.7	33.5	73.3	64.7
7374	737	4	42.7	33.5	46.2	33.4
7375	737	5	42.7	33.5	40.8	33.4
7379	737	9	42.7	33.5	40.8	37.5
7381	738	1	31.7	17.1	40	51.2
7382	738	2	31.7	17.1	31.1	41
7383	738	3	31.7	17.1	50	36.3
7384	738	4	31.7	17.1	31.1	12.9
7385	738	5	31.7	17.1	31.1	16.1
7389	738	9	31.7	17.1	31.1	16.1
7391	739	1	27.5	27.6	40	55
7392	739	2	27.5	27.6	25.7	41
7393	739	3	27.5	27.6	50	36.3
7394	739	4	27.5	27.6	25.7	21
7395	739	5	27.5	27.6	25.7	21
7399	739	9	27.5	27.6	25.7	21
7431	743	1	28.9	17.8	40	51.2
7432	743	2	28.9	17.8	39.7	41
7433	743	3	28.9	17.8	50	36.3
7434	743	4	28.9	17.8	23.7	12.9
7435	743	5	28.9	17.8	25.7	17.3
7439	743	9	26.4	18.1	28.4	18
7441	744	1	26.4	18.1	40	55
7442	744	2	26.4	18.1	25.7	41
7443	744	3	26.4	18.1	50	36.3
7444	744	4	26.4	18.1	25.7	25.4
7445	744	5	26.4	18.1	25.7	17.3
7449	744	9	26.4	18.1	25.7	18.7
7451	745	1	16.6	10.8	44.4	51.2
7452	745	2	16.6	10.8	39.7	41
7453	745	3	16.6	10.8	50	36.3
7454	745	4	16.6	10.8	8.7	2.4
7455	745	5	16.6	10.8	8.7	12.9
7459	745	9	16.6	10.8	8.7	12.9
7471	747	1	27.7	14.1	40	36.9
7472	747	2	27.7	14.1	39.7	41
7473	747	3	27.7	14.1	50	36.3
7474	747	4	27.7	14.1	26.1	2.4
7475	747	5	27.7	14.1	26.1	13.3
7479	747	9	27.7	14.1	26.1	13.3
7481	748	1	36.7	18.2	46.7	36.9
7482	748	2	36.7	18.2	39.7	41
7483	748	3	36.7	18.2	50	36.3
7484	748	4	36.7	18.2	23.7	2.4
7485	748	5	36.7	18.2	33.5	18.8
7489	748	9	36.7	18.2	36.1	18.2
7491	749	1	25.6	17	40	36.9
7492	749	2	25.6	17	28.6	41
7493	749	3	25.6	17	50	36.3
7494	749	4	25.6	17	23.8	2.4
7495	749	5	25.6	17	23.8	17.9
7499	749	9	25.6	17	28.6	17.9
7531	753	1	26.3	11.8	34.6	35
7532	753	2	26.3	11.8	39.7	36.7
7533	753	3	26.3	11.8	51.1	14.9
7534	753	4	26.3	11.8	31.7	14.9
7535	753	5	26.3	11.8	24.4	14.9
7539	753	9	26.3	11.8	24.4	14.9
7541	754	1	26.9	20.3	34.6	35
7542	754	2	26.9	20.3	39.7	36.7
7543	754	3	26.9	20.3	51.1	52.7
7544	754	4	26.9	20.3	31.7	20.9
7545	754	5	26.9	20.3	27.1	20.9
7549	754	9	26.9	20.3	27.1	20.9
7551	755	1	32.2	23	34.6	40.7
7552	755	2	32.2	23	39.7	36.7
7553	755	3	32.2	23	51.1	52.7
7554	755	4	32.2	23	31.7	29.4
7555	755	5	32.2	23	29.9	14.9
7559	755	9	32.2	11.8	29.9	23.9
7561	756	1	30.9	35.6	34.6	35
7562	756	2	30.9	35.6	39.7	36.7
7563	756	3	30.9	35.6	51.1	35.8
7564	756	4	30.9	35.6	31.7	35.8
7565	756	5	30.9	35.6	30.3	35.8
7569	756	9	30.9	35.6	30.3	35.8
7571	757	1	40.7	24.5	34.6	35
7572	757	2	40.7	24.5	39.7	36.7
7573	757	3	40.7	24.5	51.1	19.3
7574	757	4	40.7	24.5	31.7	19.3
7575	757	5	40.7	24.5	42.5	19.3
7579	757	9	40.7	24.5	42.5	19.3
7581	758	1	28.3	21.6	34.6	35
7582	758	2	28.3	21.6	39.7	36.7
7583	758	3	28.3	21.6	51.1	26
7584	758	4	28.3	21.6	31.7	26
7585	758	5	28.3	21.6	28.7	26
7589	758	9	28.3	21.6	28.7	26
7591	759	1	31.9	30.1	34.6	35
7592	759	2	31.9	30.1	39.7	36.7
7593	759	3	31.9	30.1	51.1	32.8
7594	759	4	31.9	30.1	31.7	32.8
7595	759	5	31.9	30.1	30.5	32.8
7599	759	9	31.9	30.1	31	32.8
7631	763	1	32.5	23	47.6	40.7
7632	763	2	32.5	23	39.7	36.7
7633	763	3	32.5	23	51.1	36.3
7634	763	4	32.5	23	36.3	29.4
7635	763	5	32.5	23	28.7	39.2
7639	763	9	28.3	40.5	32.6	23.9
7641	764	1	19.1	23	59.5	35
7642	764	2	19.1	23	39.7	36.7
7643	764	3	19.1	23	51.1	36.3
7644	764	4	19.1	23	19.1	29.4
7645	764	5	19.1	23	19.1	14.6
7649	764	9	19.1	13.6	19.1	23.9
7651	765	1	37.8	13.6	47.6	40.7
7652	765	2	37.8	13.6	39.7	36.7
7653	765	3	37.8	13.6	51.1	14.6
7654	765	4	37.8	13.6	36.3	14.6
7655	765	5	37.8	13.6	39.5	14.6
7659	765	9	37.8	13.6	39.5	14.6
7661	766	1	37.9	40.5	59.5	40.7
7662	766	2	37.9	40.5	39.7	36.7
7663	766	3	37.9	40.5	51.1	39.2
7664	766	4	37.9	40.5	38.4	39.2
7665	766	5	37.9	40.5	37.5	39.2
7669	766	9	37.9	40.5	37.6	39.2
7681	768	1	26.5	3.1	59.5	40.7
7682	768	2	26.5	3.1	39.7	36.7
7683	768	3	26.5	3.1	51.1	8.4
7684	768	4	26.5	3.1	36.3	29.4
7685	768	5	26.5	3.1	26.9	8.4
7689	768	9	26.5	3.1	26.9	8.4
7691	769	1	27.7	17.1	59.5	35
7692	769	2	27.7	17.1	39.7	36.7
7693	769	3	27.7	17.1	51.1	52.7
7694	769	4	27.7	17.1	25.7	29.4
7695	769	5	27.7	17.1	25.7	16.1
7699	769	9	27.7	17.1	27.9	17.8
7731	773	1	54.3	23	47.1	40.7
7732	773	2	54.3	23	39.7	36.7
7733	773	3	54.3	23	51.1	36.3
7734	773	4	54.3	23	36.3	47.5
7735	773	5	54.3	23	53.1	47.5
7739	773	9	54.3	45.7	53.1	23.9
7741	774	1	49.3	45.7	47.1	64.1
7742	774	2	49.3	45.7	47.1	36.7
7743	774	3	49.3	45.7	47.1	64.1
7744	774	4	49.3	45.7	51.2	47.5
7745	774	5	49.3	45.7	51.2	47.5
7749	774	9	49.3	45.7	50.8	47.5
7771	777	1	31.5	22.2	51.9	44.4
7772	777	2	31.5	22.2	39.7	36.7
7773	777	3	31.5	22.2	51.1	52.7
7774	777	4	31.5	22.2	36.8	29.4
7775	777	5	31.5	22.2	31	22.2
7779	777	9	31.5	22.2	31.4	23.4
7791	779	1	32.9	22.1	49.1	44.4
7792	779	2	32.9	22.1	39.7	36.7
7793	779	3	32.9	22.1	51.1	52.7
7794	779	4	32.9	22.1	36.7	29.4
7795	779	5	32.9	22.1	32.3	22.7
7799	779	9	32.9	22.1	33.2	23.1
7831	783	1	33.4	17.9	39.7	59.5
7832	783	2	33.4	17.9	18.1	16.9
7833	783	3	33.4	17.9	48	52.7
7834	783	4	33.4	17.9	37.7	16.9
7835	783	5	33.4	17.9	32.7	16.9
7839	783	9	33.4	17.9	33.5	16.9
7841	784	1	26.1	21	48	59.5
7842	784	2	26.1	21	18.1	36.7
7843	784	3	26.1	21	47.9	52.7
7844	784	4	26.1	21	37.7	23.1
7845	784	5	26.1	21	22.5	23.1
7849	784	9	26.1	21	22.5	23.1
7851	785	1	32.7	25.5	56.4	59.5
7852	785	2	32.7	25.5	18.1	36.7
7853	785	3	32.7	25.5	47.9	52.7
7854	785	4	32.7	25.5	30.9	16.2
7855	785	5	32.7	25.5	32.1	25.8
7859	785	9	32.7	25.5	33.1	26.9
7861	786	1	25.9	18.6	56.4	61.2
7862	786	2	25.9	18.6	18.1	21.1
7863	786	3	25.9	18.6	47.9	52.7
7864	786	4	25.9	18.6	35.2	21.1
7865	786	5	25.9	18.6	27.1	21.1
7869	786	9	25.9	18.6	27.1	21.1
7871	787	1	29.3	39.4	56.4	64.1
7872	787	2	29.3	39.4	18.1	44.7
7873	787	3	29.3	39.4	47.9	52.7
7874	787	4	29.3	39.4	28.6	16.2
7875	787	5	29.3	39.4	28.6	8.2
7879	787	9	29.3	39.4	28.6	44.7
7891	789	1	40.4	25.7	54.7	64.1
7892	789	2	40.4	25.7	54.7	18.5
7893	789	3	40.4	25.7	54.7	52.7
7894	789	4	40.4	25.7	36.4	16.2
7895	789	5	40.4	25.7	36.4	18.5
7899	789	9	40.4	25.7	42	18.5
7931	793	1	33.1	33.3	54.7	64.1
7932	793	2	33.1	33.3	54.7	36.7
7933	793	3	33.1	33.3	54.7	52.7
7934	793	4	33.1	33.3	35.2	16.2
7935	793	5	33.1	33.3	36.4	29.7
7939	793	9	40.4	33.3	33.3	29.7
7951	795	1	33.4	26.6	56.4	59.5
7952	795	2	33.4	26.6	18.1	27.2
7953	795	3	33.4	26.6	47.9	52.7
7954	795	4	33.4	26.6	29.7	27.2
7955	795	5	33.4	26.6	29.7	27.2
7959	795	9	33.4	26.6	29.7	27.2
7961	796	1	39.3	25.1	41.8	64.1
7962	796	2	39.3	25.1	41.8	36.7
7963	796	3	39.3	25.1	41.8	64.1
7964	796	4	39.3	25.1	43.4	41.3
7965	796	5	39.3	25.1	39.3	26
7969	796	9	39.3	25.1	39.8	26.4
7971	797	1	41.4	32.9	41.8	34.5
7972	797	2	41.4	32.9	43.7	34.5
7973	797	3	41.4	32.9	41.8	34.5
7974	797	4	41.4	32.9	43.4	34.5
7975	797	5	41.4	32.9	43.7	34.5
7979	797	9	41.4	32.9	43.7	34.5
7981	798	1	35.6	21.4	41.8	25
7982	798	2	35.6	21.4	36.3	25
7983	798	3	35.6	21.4	36.3	25
7984	798	4	35.6	21.4	43.4	41.3
7985	798	5	35.6	21.4	36.3	26
7989	798	9	35.6	21.4	36.3	25
7991	799	1	32.6	18.9	41.8	59.5
7992	799	2	32.6	18.9	32	36.7
7993	799	3	32.6	18.9	41.8	17
7994	799	4	32.6	18.9	43.4	17
7995	799	5	32.6	18.9	32	17
7999	799	9	32.6	18.9	32	17
8031	803	1	49.2	37.7	46.7	42.8
8032	803	2	49.2	37.7	58	57.9
8033	803	3	49.2	37.7	58	42.9
8034	803	4	49.2	37.7	41.1	40.3
8035	803	5	49.2	37.7	52.2	40.3
8039	803	9	49.2	37.7	50.8	40.3
8041	804	1	34.9	36	38.6	42.8
8042	804	2	34.9	36	46.3	57.9
8043	804	3	34.9	36	42.2	42.9
8044	804	4	34.9	36	31.7	34.9
8045	804	5	34.9	36	34.5	38.4
8049	804	9	34.9	36	34.8	38.9
8061	806	1	43.1	41.5	46.7	42.8
8062	806	2	43.1	41.5	46.3	57.9
8063	806	3	43.1	41.5	58	42.9
8064	806	4	43.1	41.5	43.7	43
8065	806	5	43.1	41.5	43.7	43
8069	806	9	43.1	41.5	44.5	43
8081	808	1	41	33.4	45	42.8
8082	808	2	41	33.4	46.3	57.9
8083	808	3	41	33.4	45	42.9
8084	808	4	41	33.4	36.8	36
8085	808	5	41	33.4	41.9	33.6
8089	808	9	41	33.4	39.4	35
8091	809	1	37.7	36.2	34	42.8
8092	809	2	37.7	36.2	46.3	57.9
8093	809	3	37.7	36.2	36.2	42.9
8094	809	4	37.7	36.2	34.6	38
8095	809	5	37.7	36.2	38.9	38
8099	809	9	37.7	36.2	37.3	38
8131	813	1	31.6	34.8	34	42.8
8132	813	2	31.6	34.8	46.3	57.9
8133	813	3	31.6	34.8	36.2	42.9
8134	813	4	31.6	34.8	31.2	38
8135	813	5	31.6	34.8	31.2	38
8139	813	9	31.6	36.2	31.2	36.9
8141	814	1	36.1	34.8	34	42.8
8142	814	2	36.1	34.8	46.3	57.9
8143	814	3	36.1	34.8	42.7	42.9
8144	814	4	36.1	34.8	31.2	35.9
8145	814	5	36.1	34.8	31.2	38
8149	814	9	31.6	36.2	36	36.9
8231	823	1	47.2	25	49	34.9
8232	823	2	47.2	25	49	34.9
8233	823	3	47.2	25	49	34.9
8234	823	4	47.2	25	41.5	34.9
8235	823	5	47.2	25	49	34.9
8239	823	9	47.2	25	49	34.9
8241	824	1	48.5	25	49.7	53.5
8242	824	2	48.5	25	49.7	45.9
8243	824	3	48.5	25	49.7	45.9
8244	824	4	48.5	25	41.5	35
8245	824	5	48.5	25	51.5	34.9
8249	824	9	48.5	25	49.7	34.9
8251	825	1	44.5	25	46.3	53.5
8252	825	2	44.5	25	46.3	45.9
8253	825	3	44.5	25	46.3	45.9
8254	825	4	44.5	25	46.3	35
8255	825	5	44.5	25	46.3	34.9
8259	825	9	44.5	25	46.3	34.9
8261	826	1	36.8	25	37.9	53.5
8262	826	2	36.8	25	37.9	45.9
8263	826	3	36.8	25	37.9	45.9
8264	826	4	36.8	25	37.9	35
8265	826	5	36.8	25	37.9	34.9
8269	826	9	36.8	25	37.9	34.9
8281	828	1	46.8	27.7	54.7	53.5
8282	828	2	46.8	27.7	50.1	57.9
8283	828	3	46.8	27.7	54.7	45.9
8284	828	4	46.8	27.7	54.7	40.3
8285	828	5	46.8	27.7	49	40.3
8289	828	9	46.8	37.7	50.1	29.4
8291	829	1	40.2	27.7	39.5	53.5
8292	829	2	40.2	27.7	39.5	45.9
8293	829	3	40.2	27.7	53.7	45.9
8294	829	4	40.2	27.7	43.6	35
8295	829	5	40.2	27.7	37.4	34.9
8299	829	9	40.2	25	39.5	29.4
8331	833	1	40.8	27.7	40.1	53.5
8332	833	2	40.8	27.7	40.1	45.9
8333	833	3	40.8	27.7	40.1	45.9
8334	833	4	40.8	27.7	40.1	35
8335	833	5	40.8	27.7	40.1	28.6
8339	833	9	40.8	27.7	40.1	29.4
8341	834	1	51.2	27.7	43.9	53.5
8342	834	2	51.2	27.7	43.9	45.9
8343	834	3	51.2	27.7	43.9	45.9
8344	834	4	51.2	27.7	43.9	34.9
8345	834	5	51.2	27.7	49	34.9
8349	834	9	51.2	25	43.9	29.4
8431	843	1	42.3	42.9	46.7	53.5
8432	843	2	42.3	42.9	44.2	45.9
8433	843	3	42.3	42.9	58	45.9
8434	843	4	42.3	42.9	44.2	42.8
8435	843	5	42.3	42.9	44.2	42.8
8439	843	9	42.3	42.9	44.2	27.7
8441	844	1	36.8	26	46.2	53.5
8442	844	2	36.8	26	35.3	45.9
8443	844	3	36.8	26	53.7	45.9
8444	844	4	36.8	26	32	42.8
8445	844	5	36.8	26	37.2	42.8
8449	844	9	36.8	42.9	36.6	27.7
8451	845	1	40.5	26	40.7	53.5
8452	845	2	40.5	26	40.6	45.9
8453	845	3	40.5	26	47.1	45.9
8454	845	4	40.5	26	40.6	35
8455	845	5	40.5	26	40.6	27.7
8459	845	9	40.5	26	40.6	27.7
8481	848	1	31.2	26	41.1	53.5
8482	848	2	31.2	26	32.4	45.9
8483	848	3	31.2	26	43.8	45.9
8484	848	4	31.2	26	32.4	35
8485	848	5	31.2	26	32.4	42.8
8489	848	9	31.2	42.9	32.4	27.7
8491	849	1	35.3	26	41.1	50
8492	849	2	35.3	26	35.8	42.8
8493	849	3	35.3	26	43.8	42.8
8494	849	4	35.3	26	38.5	42.8
8495	849	5	35.3	26	35.6	42.8
8499	849	9	35.3	42.9	35.8	42.8
8531	853	1	35	26	41.1	50
8532	853	2	35	26	35.3	45.9
8533	853	3	35	26	43.8	45.9
8534	853	4	35	26	32.8	35
8535	853	5	35	26	33.7	23.2
8539	853	9	35	22.2	33.6	27.7
8551	855	1	29.2	26	36.7	50
8552	855	2	29.2	26	35.3	45.9
8553	855	3	29.2	26	43.8	45.9
8554	855	4	29.2	26	24.3	35
8555	855	5	29.2	26	29.3	23.2
8559	855	9	29.2	22.2	28.1	27.7
8561	856	1	27.4	22.6	32.3	50
8562	856	2	27.4	22.6	35.3	25.7
8563	856	3	27.4	22.6	43.8	25.7
8564	856	4	27.4	22.6	29.2	25.7
8565	856	5	27.4	22.6	26.3	25.7
8569	856	9	27.4	22.6	26.5	25.7
8591	859	1	34.5	22.2	41.1	50
8592	859	2	34.5	22.2	35.3	23.2
8593	859	3	34.5	22.2	43.8	23.2
8594	859	4	34.5	22.2	30.9	23.2
8595	859	5	34.5	22.2	33.6	23.2
8599	859	9	34.5	22.2	36.1	23.2
8641	864	1	43.2	26	41.1	53.5
8642	864	2	43.2	26	46.6	45.9
8643	864	3	43.2	26	43.8	45.9
8644	864	4	43.2	26	51.5	35
8645	864	5	43.2	26	43.3	42.8
8649	864	9	43.2	42.9	46.6	27.7
8651	865	1	32.1	26	41.1	50
8652	865	2	32.1	26	35.3	45.9
8653	865	3	32.1	26	43.8	45.9
8654	865	4	32.1	26	30.9	35
8655	865	5	32.1	26	31.4	36.3
8659	865	9	32.1	35	31.4	27.7
8661	866	1	29.7	35	41.1	50
8662	866	2	29.7	35	35.3	36.3
8663	866	3	29.7	35	43.8	45.9
8664	866	4	29.7	35	29.2	36.3
8665	866	5	29.7	35	29.2	36.3
8669	866	9	29.7	35	29.2	36.3
8671	867	1	33.3	36.7	41.1	50
8672	867	2	33.3	36.7	35.3	45.9
8673	867	3	33.3	36.7	43.9	45.9
8674	867	4	33.3	36.7	29.2	36.3
8675	867	5	33.3	36.7	29.2	36.3
8679	867	9	29.7	35	33.7	38.2
8681	868	1	33.3	36.7	40.3	53.5
8682	868	2	33.3	36.7	35.3	45.9
8683	868	3	33.3	36.7	43.9	45.9
8684	868	4	33.3	36.7	29.2	35
8685	868	5	33.3	36.7	34.8	36.3
8689	868	9	33.7	35	33.7	38.2
8691	869	1	33.7	38	34.1	40.2
8692	869	2	33.7	38	35.3	45.9
8693	869	3	33.7	38	34.1	40.2
8694	869	4	33.7	38	29.2	40.2
8695	869	5	33.7	38	34.8	40.2
8699	869	9	33.7	38	34.1	40.2
8741	874	1	23.7	31.7	21.5	50
8742	874	2	23.7	31.7	21.5	45.9
8743	874	3	23.7	31.7	43.8	29.1
8744	874	4	23.7	31.7	21.5	29.1
8745	874	5	23.7	31.7	21.5	29.1
8749	874	9	23.7	31.7	21.5	29.1
8751	875	1	30.5	27.3	34	50
8752	875	2	30.5	27.3	35.3	45.9
8753	875	3	30.5	27.3	44.8	45.9
8754	875	4	30.5	27.3	28.4	28.6
8755	875	5	30.5	27.3	26.5	28.6
8759	875	9	30.5	28.1	27.6	29
8761	876	1	41.9	27.3	39.9	53.5
8762	876	2	41.9	27.3	35.3	45.9
8763	876	3	41.9	27.3	56.3	45.9
8764	876	4	41.9	27.3	41.8	35
8765	876	5	41.9	27.3	41.8	34.3
8769	876	9	41.9	33.3	41.8	29
8771	877	1	37.1	33.3	56.3	65.6
8772	877	2	37.1	33.3	35.3	33.2
8773	877	3	37.1	33.3	56.3	65.6
8774	877	4	37.1	33.3	36	35.2
8775	877	5	37.1	33.3	37	34.3
8779	877	9	37.1	33.3	37.3	34.8
8781	878	1	25.4	20.2	34	50
8782	878	2	25.4	20.2	35.3	45.9
8783	878	3	25.4	20.2	44.8	45.9
8784	878	4	25.4	20.2	25	20.9
8785	878	5	25.4	20.2	25	20.9
8789	878	9	25.4	20.2	25	20.9
8831	883	1	33.9	27.2	37.9	50
8832	883	2	33.9	27.2	35.3	45.9
8833	883	3	33.9	27.2	44.8	45.9
8834	883	4	33.9	27.2	35.4	30
8835	883	5	33.9	27.2	33.4	30
8839	883	9	33.9	27.2	33.9	30
8851	885	1	32.8	37.4	38.2	50
8852	885	2	32.8	37.4	35.3	45.9
8853	885	3	32.8	37.4	44.8	45.9
8854	885	4	32.8	37.4	31.5	40.1
8855	885	5	32.8	37.4	32.1	40.1
8859	885	9	32.8	37.4	32.6	40.1
8871	887	1	27.5	28.1	34	50
8872	887	2	27.5	28.1	35.3	45.9
8873	887	3	27.5	28.1	44.8	45.9
8874	887	4	27.5	28.1	34.7	28.6
8875	887	5	27.5	28.1	23.5	28.6
8879	887	9	27.5	28.1	25.9	28.6
8881	888	1	26.3	22.6	34	50
8882	888	2	26.3	22.6	35.3	45.9
8883	888	3	26.3	22.6	44.8	45.9
8884	888	4	26.3	22.6	34.7	23
8885	888	5	26.3	22.6	25.2	23
8889	888	9	26.3	22.6	25.2	23
8891	889	1	32.2	24.9	41.5	50
8892	889	2	32.2	24.9	35.3	45.9
8893	889	3	32.2	24.9	35.4	45.9
8894	889	4	32.2	24.9	34.3	34.9
8895	889	5	32.2	24.9	31.3	25.5
8899	889	9	32.2	24.9	32	27.9
9031	903	1	62.2	71.4	61.8	64.1
9032	903	2	62.2	71.4	61.8	64.1
9033	903	3	62.2	71.4	61.8	64.1
9034	903	4	62.2	71.4	61.8	64.1
9035	903	5	62.2	71.4	61.8	64.1
9039	903	9	62.2	71.4	61.8	64.1
9041	904	1	41.7	47.7	39.9	37.2
9042	904	2	41.7	47.7	39.9	37.2
9043	904	3	41.7	47.7	39.9	37.2
9044	904	4	41.7	47.7	39.9	37.2
9045	904	5	41.7	47.7	39.9	37.2
9049	904	9	41.7	47.7	39.9	37.2
9051	905	1	40.4	52.1	39	42.6
9052	905	2	40.4	52.1	39	42.6
9053	905	3	40.4	52.1	39	42.6
9054	905	4	40.4	52.1	39	37.2
9055	905	5	40.4	52.1	39	42.6
9059	905	9	40.4	47.7	39	42.6
