OCCBST	OCC	EMPST	HITCS	WITCS	HISCS	WISCS
11	1	1	47.8	44.8	69.9	77
12	1	2	47.8	44.8	69.9	77
13	1	3	47.8	44.8	64.5	57.3
14	1	4	47.8	44.8	55.8	55.3
15	1	5	47.8	44.8	55.8	55.3
16	1	6	47.8	44.8	40.4	44.4
17	1	7	47.8	44.8	36.4	40.7
19	1	9	47.8	44.8	47.5	44.4
21	2	1	63.9	62.2	69.9	77
22	2	2	63.9	62.2	73	77
23	2	3	63.9	62.2	58.8	56.4
24	2	4	63.9	62.2	55.8	55.3
25	2	5	63.9	62.2	55.8	55.3
26	2	6	63.9	62.2	40.4	60.3
27	2	7	63.9	62.2	38.6	40.7
29	2	9	63.9	62.2	62.4	60.3
31	3	1	39.4	41.7	69.9	77
32	3	2	39.4	41.7	55.7	77
33	3	3	39.4	41.7	41.3	58.9
34	3	4	39.4	41.7	55.8	55.3
35	3	5	39.4	41.7	55.8	55.3
36	3	6	39.4	41.7	36.9	41.2
37	3	7	39.4	41.7	38.6	40.1
39	3	9	39.4	41.7	39.6	41.2
41	4	1	37.8	44.8	69.9	77
42	4	2	37.8	44.8	69.9	77
43	4	3	37.8	44.8	54	57.3
44	4	4	37.8	44.8	55.8	55.3
45	4	5	37.8	44.8	55.8	55.3
46	4	6	37.8	44.8	40.4	44.4
47	4	7	37.8	44.8	39.1	40.7
49	4	9	37.8	44.8	39.1	44.4
51	5	1	40.3	44.8	69.9	77
52	5	2	40.3	44.8	69.9	77
53	5	3	40.3	44.8	49.1	57.3
54	5	4	40.3	44.8	55.8	55.3
55	5	5	40.3	44.8	55.8	55.3
56	5	6	40.3	44.8	42.5	51
57	5	7	40.3	44.8	39	51
59	5	9	40.3	41.7	40.4	51
61	6	1	32.5	44.8	69.9	77
62	6	2	32.5	44.8	69.9	77
63	6	3	32.5	44.8	30.6	57.3
64	6	4	32.5	44.8	55.8	55.3
65	6	5	32.5	44.8	55.8	55.3
66	6	6	32.5	44.8	40.4	44.4
67	6	7	32.5	44.8	34.9	40.7
69	6	9	32.5	44.8	33.2	44.4
71	7	1	27.6	37.2	28.3	56.3
72	7	2	27.6	37.2	28.3	56.3
73	7	3	27.6	37.2	28.3	56.3
74	7	4	27.6	37.2	28.3	56.3
75	7	5	27.6	37.2	28.3	56.3
76	7	6	27.6	37.2	31	56.3
77	7	7	27.6	37.2	27.7	56.3
79	7	9	27.6	37.2	28.3	56.3
81	8	1	27.9	37.2	27.2	56.3
82	8	2	27.9	37.2	27.2	56.3
83	8	3	27.9	37.2	27.2	56.3
84	8	4	27.9	37.2	27.2	56.3
85	8	5	27.9	37.2	27.2	56.3
86	8	6	27.9	37.2	31	56.3
87	8	7	27.9	37.2	27.2	56.3
89	8	9	27.9	37.2	27.2	56.3
91	9	1	27.9	37.2	28.3	56.3
92	9	2	27.9	37.2	28.3	56.3
93	9	3	27.9	37.2	28.3	56.3
94	9	4	27.9	37.2	28.3	56.3
95	9	5	27.9	37.2	28.3	56.3
96	9	6	27.9	37.2	31	56.3
97	9	7	27.9	37.2	28.3	56.3
99	9	9	27.6	37.2	28.3	56.3
101	10	1	33.1	37.2	33.7	56.3
102	10	2	33.1	37.2	33.7	56.3
103	10	3	33.1	37.2	33.7	56.3
104	10	4	33.1	37.2	33.7	56.3
105	10	5	33.1	37.2	33.7	56.3
106	10	6	33.1	37.2	31	56.3
107	10	7	33.1	37.2	33.7	56.3
109	10	9	33.1	40	33.7	56.3
111	11	1	42.8	36.4	40.2	37.5
112	11	2	42.8	36.4	40.2	37.5
113	11	3	42.8	36.4	40.2	37.5
114	11	4	42.8	36.4	40.2	37.5
115	11	5	42.8	36.4	40.2	37.5
116	11	6	42.8	36.4	45.7	37.5
117	11	7	42.8	36.4	40.2	37.5
119	11	9	42.8	36.4	40.2	37.5
121	12	1	40.3	36.4	40.4	37.5
122	12	2	40.3	36.4	40.4	37.5
123	12	3	40.3	36.4	40.4	37.5
124	12	4	40.3	36.4	40.4	37.5
125	12	5	40.3	36.4	40.4	37.5
126	12	6	40.3	36.4	45.7	37.5
127	12	7	40.3	36.4	39.2	37.5
129	12	9	40.3	36.4	40.4	37.5
131	13	1	32.9	29.4	32.1	21.9
132	13	2	32.9	29.4	32.1	21.9
133	13	3	32.9	29.4	32.1	21.9
134	13	4	32.9	29.4	32.1	21.9
135	13	5	32.9	29.4	32.1	21.9
136	13	6	32.9	29.4	36.8	21.9
137	13	7	32.9	29.4	32.1	21.9
139	13	9	32.9	29.4	32.1	21.9
141	14	1	42.9	35	43.2	34.2
142	14	2	42.9	35	43.2	34.2
143	14	3	42.9	35	43.2	34.2
144	14	4	42.9	35	43.2	34.2
145	14	5	42.9	35	43.2	34.2
146	14	6	42.9	35	36.8	34.2
147	14	7	42.9	35	43.2	34.2
149	14	9	42.9	35	43.2	34.2
151	15	1	24.2	32.2	24.4	29
152	15	2	24.2	32.2	24.4	29
153	15	3	24.2	32.2	24.4	29
154	15	4	24.2	32.2	24.4	29
155	15	5	24.2	32.2	24.4	29
156	15	6	24.2	32.2	36.8	29
157	15	7	24.2	32.2	24.4	29
159	15	9	24.2	32.2	24.4	29
161	16	1	35.9	34.6	36.1	31.5
162	16	2	35.9	34.6	36.1	31.5
163	16	3	35.9	34.6	36.1	31.5
164	16	4	35.9	34.6	36.1	31.5
165	16	5	35.9	34.6	36.1	31.5
166	16	6	35.9	34.6	36.8	31.5
167	16	7	35.9	34.6	36.1	31.5
169	16	9	32.9	34.6	36.1	31.5
171	17	1	36.9	28.5	36.1	27.2
172	17	2	36.9	28.5	36.1	27.2
173	17	3	36.9	28.5	36.1	27.2
174	17	4	36.9	28.5	36.1	27.2
175	17	5	36.9	28.5	36.1	27.2
176	17	6	36.9	28.5	36.8	27.2
177	17	7	36.9	28.5	35.2	27.2
179	17	9	36.9	28.5	36.1	27.2
181	18	1	30.1	35.7	30.6	32.3
182	18	2	30.1	35.7	30.6	32.3
183	18	3	30.1	35.7	30.6	32.3
184	18	4	30.1	35.7	30.6	32.3
185	18	5	30.1	35.7	30.6	32.3
186	18	6	30.1	35.7	41.9	32.3
187	18	7	30.1	35.7	30.6	32.3
189	18	9	30.1	35.7	30.6	32.3
191	19	1	37.2	35.7	37.4	32.3
192	19	2	37.2	35.7	37.4	32.3
193	19	3	37.2	35.7	37.4	32.3
194	19	4	37.2	35.7	37.4	32.3
195	19	5	37.2	35.7	37.4	32.3
196	19	6	37.2	35.7	41.7	32.3
197	19	7	37.2	35.7	35.6	32.3
199	19	9	37.2	35.7	37.4	32.3
201	20	1	33.1	28.8	33	28.2
202	20	2	33.1	28.8	33	28.2
203	20	3	33.1	28.8	33	28.2
204	20	4	33.1	28.8	33	28.2
205	20	5	33.1	28.8	33	28.2
206	20	6	33.1	28.8	42.1	28.2
207	20	7	33.1	28.8	30.9	28.2
209	20	9	33.1	28.8	33	28.2
211	21	1	35.9	35.7	36.4	32.3
212	21	2	35.9	35.7	36.4	32.3
213	21	3	35.9	35.7	36.4	32.3
214	21	4	35.9	35.7	36.4	32.3
215	21	5	35.9	35.7	36.4	32.3
216	21	6	35.9	35.7	41.9	32.3
217	21	7	35.9	35.7	36.4	32.3
219	21	9	35.9	35.7	36.4	32.3
221	22	1	26	35.7	24.1	32.3
222	22	2	26	35.7	24.1	32.3
223	22	3	26	35.7	24.1	32.3
224	22	4	26	35.7	24.1	32.3
225	22	5	26	35.7	24.1	32.3
226	22	6	26	35.7	41.9	32.3
227	22	7	26	35.7	24.1	32.3
229	22	9	26	35.7	24.1	32.3
231	23	1	30.2	40	31	35.5
232	23	2	30.2	40	31	35.5
233	23	3	30.2	40	31	35.5
234	23	4	30.2	40	31	35.5
235	23	5	30.2	40	31	35.5
236	23	6	30.2	40	41.9	35.5
237	23	7	30.2	40	31	35.5
239	23	9	30.2	40	31	35.5
241	24	1	58.9	39.2	65	39.4
242	24	2	58.9	39.2	65	39.4
243	24	3	58.9	39.2	54.3	39.4
244	24	4	58.9	39.2	58.4	39.4
245	24	5	58.9	39.2	58.4	39.4
246	24	6	58.9	39.2	48.5	39.4
247	24	7	58.9	39.2	58.8	39.4
249	24	9	58.9	39.2	58.4	39.4
251	25	1	54	39.2	65	25.3
252	25	2	54	39.2	65	25.3
253	25	3	54	39.2	60.5	25.3
254	25	4	54	39.2	53.9	25.3
255	25	5	54	39.2	53.9	25.3
256	25	6	54	39.2	45.9	25.3
257	25	7	54	39.2	54.6	25.3
259	25	9	54	38.6	53.9	25.3
261	26	1	40.1	39.2	65	39.4
262	26	2	40.1	39.2	65	39.4
263	26	3	40.1	39.2	60.5	39.4
264	26	4	40.1	39.2	39.8	39.4
265	26	5	40.1	39.2	39.8	39.4
266	26	6	40.1	39.2	48.5	39.4
267	26	7	40.1	39.2	39.8	39.4
269	26	9	40.1	39.2	39.8	39.4
271	27	1	51	42.2	65	42
272	27	2	51	42.2	65	42
273	27	3	51	42.2	62.1	42
274	27	4	51	42.2	51	42
275	27	5	51	42.2	51	42
276	27	6	51	42.2	50.5	42
277	27	7	51	42.2	49.8	42
279	27	9	51	42.2	51	42
281	28	1	51.6	39.5	65	39.6
282	28	2	51.6	39.5	65	39.6
283	28	3	51.6	39.5	60.5	39.6
284	28	4	51.6	39.5	51.6	39.6
285	28	5	51.6	39.5	51.6	39.6
286	28	6	51.6	39.5	45.9	39.6
287	28	7	51.6	39.5	53.3	39.6
289	28	9	51.6	39.5	51.6	39.6
291	29	1	35.1	38.6	65	39.2
292	29	2	35.1	38.6	65	39.2
293	29	3	35.1	38.6	60.5	39.2
294	29	4	35.1	38.6	35.7	39.2
295	29	5	35.1	38.6	35.7	39.2
296	29	6	35.1	38.6	48.5	39.2
297	29	7	35.1	38.6	35.7	39.2
299	29	9	35.1	38.6	35.7	39.2
301	30	1	50.6	39.2	65	39.4
302	30	2	50.6	39.2	65	39.4
303	30	3	50.6	39.2	60.5	39.4
304	30	4	50.6	39.2	50.5	39.4
305	30	5	50.6	39.2	50.5	39.4
306	30	6	50.6	39.2	48.5	39.4
307	30	7	50.6	39.2	50.5	39.4
309	30	9	50.6	39.2	50.5	39.4
311	31	1	45.6	43.8	61.9	44.2
312	31	2	45.6	43.8	61.9	44.2
313	31	3	45.6	43.8	51.9	44.2
314	31	4	45.6	43.8	46	44.2
315	31	5	45.6	43.8	46	44.2
316	31	6	45.6	43.8	46	44.2
317	31	7	45.6	43.8	42.3	33.1
319	31	9	45.6	43.8	46	44.2
321	32	1	43.2	33.5	61.9	33.6
322	32	2	43.2	33.5	61.9	33.6
323	32	3	43.2	33.5	51.9	33.6
324	32	4	43.2	33.5	43.4	33.6
325	32	5	43.2	33.5	43.4	33.6
326	32	6	43.2	33.5	47.5	44.2
327	32	7	43.2	33.5	42.3	33.1
329	32	9	43.2	33.5	43.4	33.6
331	33	1	46.4	33.5	61.9	33.6
332	33	2	46.4	33.5	61.9	33.6
333	33	3	46.4	33.5	45.8	33.6
334	33	4	46.4	33.5	46.6	33.6
335	33	5	46.4	33.5	46.6	33.6
336	33	6	46.4	33.5	49.9	44.2
337	33	7	46.4	33.5	46	33.1
339	33	9	46.4	33.5	46.6	33.6
341	34	1	37.4	33.5	61.9	33.6
342	34	2	37.4	33.5	61.9	33.6
343	34	3	37.4	33.5	51.9	33.6
344	34	4	37.4	33.5	37.6	33.6
345	34	5	37.4	33.5	37.6	33.6
346	34	6	37.4	33.5	47.5	44.2
347	34	7	37.4	33.5	37.6	33.1
349	34	9	37.4	33.5	37.6	33.6
351	35	1	36.3	32.1	61.9	30.8
352	35	2	36.3	32.1	61.9	30.8
353	35	3	36.3	32.1	51.9	30.8
354	35	4	36.3	32.1	36.8	30.8
355	35	5	36.3	32.1	36.8	30.8
356	35	6	36.3	32.1	47.5	44.2
357	35	7	36.3	32.1	36.8	30.8
359	35	9	36.3	32.1	36.8	30.8
361	36	1	39.7	28.2	61.9	28.6
362	36	2	39.7	28.2	61.9	28.6
363	36	3	39.7	28.2	51.9	28.6
364	36	4	39.7	28.2	40	28.6
365	36	5	39.7	28.2	40	28.6
366	36	6	39.7	28.2	50.5	44.2
367	36	7	39.7	28.2	39.6	28.6
369	36	9	39.7	28.2	40	28.6
371	37	1	41.1	33.5	61.9	33.6
372	37	2	41.1	33.5	61.9	33.6
373	37	3	41.1	33.5	51.9	33.6
374	37	4	41.1	33.5	41.6	33.6
375	37	5	41.1	33.5	41.6	33.6
376	37	6	41.1	33.5	47.5	44.2
377	37	7	41.1	33.5	41.6	33.1
379	37	9	41.1	33.5	41.6	33.6
381	38	1	38.4	32.4	61.9	33.1
382	38	2	38.4	32.4	61.9	33.1
383	38	3	38.4	32.4	51.9	33.1
384	38	4	38.4	32.4	38.7	33.1
385	38	5	38.4	32.4	38.7	33.1
386	38	6	38.4	32.4	45.5	44.2
387	38	7	38.4	32.4	38.5	33.1
389	38	9	38.4	32.4	38.7	33.1
391	39	1	38.8	33.1	61.9	32.9
392	39	2	38.8	33.1	61.9	32.9
393	39	3	38.8	33.1	51.9	32.9
394	39	4	38.8	33.1	38.9	32.9
395	39	5	38.8	33.1	38.9	32.9
396	39	6	38.8	33.1	47.7	44.2
397	39	7	38.8	33.1	37.8	32.9
399	39	9	38.8	33.1	38.9	32.9
401	40	1	48.2	33.5	61.9	33.6
402	40	2	48.2	33.5	61.9	33.6
403	40	3	48.2	33.5	51.9	33.6
404	40	4	48.2	33.5	48.3	33.6
405	40	5	48.2	33.5	48.3	33.6
406	40	6	48.2	33.5	44.1	44.2
407	40	7	48.2	33.5	48.9	33.1
409	40	9	48.2	33.5	48.3	33.6
411	41	1	51.4	33.5	61.9	33.6
412	41	2	51.4	33.5	66	33.6
413	41	3	51.4	33.5	54.1	33.6
414	41	4	51.4	33.5	51.4	33.6
415	41	5	51.4	33.5	51.4	33.6
416	41	6	51.4	33.5	53.3	44.2
417	41	7	51.4	33.5	49.7	33.1
419	41	9	51.4	33.5	51.4	33.6
421	42	1	46.6	33.5	61.9	33.6
422	42	2	46.6	33.5	61.9	33.6
423	42	3	46.6	33.5	51.9	33.6
424	42	4	46.6	33.5	46.6	33.6
425	42	5	46.6	33.5	46.6	33.6
426	42	6	46.6	33.5	49.1	44.2
427	42	7	46.6	33.5	46.4	33.1
429	42	9	46.6	33.5	46.6	33.6
431	43	1	44.2	43.6	61.9	43.7
432	43	2	44.2	43.6	61.9	43.7
433	43	3	44.2	43.6	48.2	43.7
434	43	4	44.2	43.6	44.3	43.7
435	43	5	44.2	43.6	44.3	43.7
436	43	6	44.2	43.6	46.1	44.2
437	43	7	44.2	43.6	44.2	43.7
439	43	9	44.2	43.6	44.3	43.7
441	44	1	30.4	18.6	61.9	16.4
442	44	2	30.4	18.6	61.9	16.4
443	44	3	30.4	18.6	51.9	16.4
444	44	4	30.4	18.6	31.4	16.4
445	44	5	30.4	18.6	31.4	16.4
446	44	6	30.4	18.6	47.5	44.2
447	44	7	30.4	18.6	31.4	16.4
449	44	9	30.4	18.6	31.4	16.4
451	45	1	48.8	33.5	61.9	33.6
452	45	2	48.8	33.5	63.7	33.6
453	45	3	48.8	33.5	54.1	33.6
454	45	4	48.8	33.5	48.7	33.6
455	45	5	48.8	33.5	48.7	33.6
456	45	6	48.8	33.5	51.3	44.2
457	45	7	48.8	33.5	45.6	33.1
459	45	9	48.8	33.5	48.7	33.6
461	46	1	48.3	33.5	61.9	33.6
462	46	2	48.3	33.5	61.9	33.6
463	46	3	48.3	33.5	50.1	33.6
464	46	4	48.3	33.5	48.1	33.6
465	46	5	48.3	33.5	48.1	33.6
466	46	6	48.3	33.5	47.5	44.2
467	46	7	48.3	33.5	48	33.1
469	46	9	48.3	33.5	48.1	33.6
471	47	1	31.8	28.6	61.9	28.6
472	47	2	31.8	28.6	61.9	28.6
473	47	3	31.8	28.6	51.9	28.6
474	47	4	31.8	28.6	32.1	28.6
475	47	5	31.8	28.6	32.1	28.6
476	47	6	31.8	28.6	47.5	44.2
477	47	7	31.8	28.6	32.1	28.6
479	47	9	31.8	28.6	32.1	28.6
481	48	1	35	31.4	61.9	31.8
482	48	2	35	31.4	61.9	31.8
483	48	3	35	31.4	51.9	31.8
484	48	4	35	31.4	35.4	31.8
485	48	5	35	31.4	35.4	31.8
486	48	6	35	31.4	47.5	44.2
487	48	7	35	31.4	35.4	31.8
489	48	9	35	31.4	35.4	31.8
491	49	1	53.8	33.5	61.9	33.6
492	49	2	53.8	33.5	61.9	33.6
493	49	3	53.8	33.5	54.3	33.6
494	49	4	53.8	33.5	54.3	33.6
495	49	5	53.8	33.5	54.3	33.6
496	49	6	53.8	33.5	47.5	44.2
497	49	7	53.8	33.5	42.3	33.1
499	49	9	53.8	33.5	54.3	33.6
501	50	1	52.5	41.5	61.9	41.2
502	50	2	52.5	41.5	61.9	41.2
503	50	3	52.5	41.5	51.9	41.2
504	50	4	52.5	41.5	52.5	41.2
505	50	5	52.5	41.5	52.5	41.2
506	50	6	52.5	41.5	47.5	44.2
507	50	7	52.5	41.5	52.5	41.2
509	50	9	52.5	41.5	52.5	41.2
511	51	1	60.9	52.5	61.9	51.4
512	51	2	60.9	52.5	61.9	51.4
513	51	3	60.9	52.5	51.9	51.4
514	51	4	60.9	52.5	59.6	51.4
515	51	5	60.9	52.5	59.6	51.4
516	51	6	60.9	52.5	47.5	44.2
517	51	7	60.9	52.5	59.6	51.4
519	51	9	60.9	52.5	59.6	51.4
521	52	1	45.1	33.5	61.9	33.6
522	52	2	45.1	33.5	61.9	33.6
523	52	3	45.1	33.5	51.9	33.6
524	52	4	45.1	33.5	45.3	33.6
525	52	5	45.1	33.5	45.3	33.6
526	52	6	45.1	33.5	47.5	44.2
527	52	7	45.1	33.5	45.3	33.1
529	52	9	45.1	33.5	45.3	33.6
531	53	1	44.8	35.4	61.9	35.4
532	53	2	44.8	35.4	61.9	35.4
533	53	3	44.8	35.4	51.9	35.4
534	53	4	44.8	35.4	44.6	35.4
535	53	5	44.8	35.4	44.6	35.4
536	53	6	44.8	35.4	47.3	44.2
537	53	7	44.8	35.4	44.5	35.4
539	53	9	44.8	35.4	44.6	35.4
541	54	1	39.5	32.6	61.9	32.9
542	54	2	39.5	32.6	60.2	32.9
543	54	3	39.5	32.6	48	32.9
544	54	4	39.5	32.6	39.2	32.9
545	54	5	39.5	32.6	39.2	32.9
546	54	6	39.5	32.6	46.9	44.2
547	54	7	39.5	32.6	35.9	32.9
549	54	9	39.5	32.6	39.2	32.9
551	55	1	45.6	34.4	45.5	24.7
552	55	2	45.6	34.4	45.5	24.7
553	55	3	45.6	34.4	51.1	24.7
554	55	4	45.6	34.4	45.5	24.7
555	55	5	45.6	34.4	45.5	24.7
556	55	6	45.6	34.4	45.4	24.7
557	55	7	45.6	34.4	44.3	24.7
559	55	9	45.6	31.2	45.5	24.7
561	56	1	45.5	34.4	46	34.7
562	56	2	45.5	34.4	46	34.7
563	56	3	45.5	34.4	51.5	34.7
564	56	4	45.5	34.4	46	34.7
565	56	5	45.5	34.4	46	34.7
566	56	6	45.5	34.4	45.4	34.7
567	56	7	45.5	34.4	46	34.7
569	56	9	45.5	34.4	46	34.7
571	57	1	39.5	31.2	39.9	34.2
572	57	2	39.5	31.2	39.9	34.2
573	57	3	39.5	31.2	51.5	34.2
574	57	4	39.5	31.2	39.9	34.2
575	57	5	39.5	31.2	39.9	34.2
576	57	6	39.5	31.2	45.4	34.2
577	57	7	39.5	31.2	39.9	34.2
579	57	9	39.5	31.2	39.9	34.2
581	58	1	56.9	34.4	56.2	34.7
582	58	2	56.9	34.4	56.2	34.7
583	58	3	56.9	34.4	51.5	34.7
584	58	4	56.9	34.4	56.2	34.7
585	58	5	56.9	34.4	56.2	34.7
586	58	6	56.9	34.4	45.4	34.7
587	58	7	56.9	34.4	56.2	34.7
589	58	9	56.9	34.4	56.2	34.7
591	59	1	40.3	37.8	40.2	38.4
592	59	2	40.3	37.8	40.2	38.4
593	59	3	40.3	37.8	55.9	38.4
594	59	4	40.3	37.8	40.2	38.4
595	59	5	40.3	37.8	40.2	38.4
596	59	6	40.3	37.8	45.4	38.4
597	59	7	40.3	37.8	36.9	38.4
599	59	9	40.3	37.8	40.2	38.4
601	60	1	25.6	27.2	26.7	27.5
602	60	2	25.6	27.2	26.7	27.5
603	60	3	25.6	27.2	48.1	27.5
604	60	4	25.6	27.2	26.7	27.5
605	60	5	25.6	27.2	26.7	27.5
606	60	6	25.6	27.2	26.7	34.7
607	60	7	25.6	27.2	26.7	27.5
609	60	9	25.6	27.2	26.7	27.5
611	61	1	43.7	32.4	43.1	32.9
612	61	2	43.7	32.4	43.1	32.9
613	61	3	43.7	32.4	48.1	32.9
614	61	4	43.7	32.4	43.1	32.9
615	61	5	43.7	32.4	43.1	32.9
616	61	6	43.7	32.4	43.1	34.7
617	61	7	43.7	32.4	34.6	32.9
619	61	9	43.7	32.4	43.1	32.9
621	62	1	33.4	32	35.3	32.6
622	62	2	33.4	32	35.3	32.6
623	62	3	33.4	32	48.1	32.6
624	62	4	33.4	32	35.3	32.6
625	62	5	33.4	32	35.3	32.6
626	62	6	33.4	32	35.3	34.7
627	62	7	33.4	32	35.3	32.6
629	62	9	33.4	32	35.3	32.6
631	63	1	32.9	35.1	33.4	35.4
632	63	2	32.9	35.1	33.4	35.4
633	63	3	32.9	35.1	48.1	35.4
634	63	4	32.9	35.1	33.4	35.4
635	63	5	32.9	35.1	33.4	35.4
636	63	6	32.9	35.1	33.4	34.7
637	63	7	32.9	35.1	33.4	35.6
639	63	9	32.9	35.1	33.4	35.4
641	64	1	1	15.3	16.2	17.1
642	64	2	1	15.3	16.2	17.1
643	64	3	1	15.3	16.2	17.1
644	64	4	1	15.3	16.2	17.1
645	64	5	1	15.3	16.2	17.1
646	64	6	1	15.3	40.3	42.2
647	64	7	1	15.3	16.2	17.1
649	64	9	1	15.3	16.2	17.1
651	65	1	19.4	10.1	20.7	10.9
652	65	2	19.4	10.1	20.7	10.9
653	65	3	19.4	10.1	20.7	10.9
654	65	4	19.4	10.1	20.7	10.9
655	65	5	19.4	10.1	20.7	10.9
656	65	6	19.4	10.1	40.3	42.2
657	65	7	19.4	10.1	20.7	10.9
659	65	9	19.4	10.1	20.7	10.9
661	66	1	25	12.2	32.6	21.5
662	66	2	25	12.2	32.6	21.5
663	66	3	25	12.2	32.6	21.5
664	66	4	25	12.2	32.6	21.5
665	66	5	25	12.2	32.6	21.5
666	66	6	25	12.2	40.3	42.2
667	66	7	25	12.2	32.6	21.5
669	66	9	19.4	12.2	32.6	21.5
671	67	1	10.9	30.8	19	32.8
672	67	2	10.9	30.8	19	32.8
673	67	3	10.9	30.8	19	32.8
674	67	4	10.9	30.8	19	32.8
675	67	5	10.9	30.8	19	32.8
676	67	6	10.9	30.8	40.3	42.2
677	67	7	10.9	30.8	19	32.8
679	67	9	10.9	30.8	19	32.8
681	68	1	31	23.7	34.5	28.9
682	68	2	31	23.7	34.5	28.9
683	68	3	31	23.7	34.5	28.9
684	68	4	31	23.7	34.5	28.9
685	68	5	31	23.7	34.5	28.9
686	68	6	31	23.7	40.3	42.2
687	68	7	31	23.7	34.5	28.9
689	68	9	31	23.7	34.5	28.9
691	69	1	40.1	32.4	43.9	34.1
692	69	2	40.1	32.4	43.9	34.1
693	69	3	40.1	32.4	43.9	34.1
694	69	4	40.1	32.4	43.9	34.1
695	69	5	40.1	32.4	43.9	34.1
696	69	6	40.1	32.4	40.3	42.2
697	69	7	40.1	32.4	43.9	34.1
699	69	9	40.1	32.4	43.9	34.1
701	70	1	22.1	32.1	27.4	34
702	70	2	22.1	32.1	27.4	34
703	70	3	22.1	32.1	27.4	34
704	70	4	22.1	32.1	27.4	34
705	70	5	22.1	32.1	27.4	34
706	70	6	22.1	32.1	40.3	42.2
707	70	7	22.1	32.1	27.4	34
709	70	9	22.1	32.1	27.4	34
711	71	1	22.1	23.7	25.4	27.6
712	71	2	22.1	23.7	25.4	27.6
713	71	3	22.1	23.7	25.4	27.6
714	71	4	22.1	23.7	25.4	27.6
715	71	5	22.1	23.7	25.4	27.6
716	71	6	22.1	23.7	40.3	42.2
717	71	7	22.1	23.7	25.4	27.2
719	71	9	22.1	23.7	25.4	27.6
721	72	1	34.4	30.6	39	34.3
722	72	2	34.4	30.6	39	34.3
723	72	3	34.4	30.6	39	34.3
724	72	4	34.4	30.6	39	34.3
725	72	5	34.4	30.6	39	34.3
726	72	6	34.4	30.6	40.3	42.2
727	72	7	34.4	30.6	36.2	33.2
729	72	9	34.4	30.6	39	34.3
731	73	1	16.3	26.2	20.5	27.3
732	73	2	16.3	26.2	20.5	27.3
733	73	3	16.3	26.2	20.5	27.3
734	73	4	16.3	26.2	20.5	27.3
735	73	5	16.3	26.2	20.5	27.3
736	73	6	16.3	26.2	40.3	42.2
737	73	7	16.3	26.2	20.5	27.3
739	73	9	16.3	26.2	20.5	27.3
741	74	1	42.3	44.9	46.3	45
742	74	2	42.3	44.9	46.3	45
743	74	3	42.3	44.9	50.5	54.5
744	74	4	42.3	44.9	46.3	45
745	74	5	42.3	44.9	46.3	45
746	74	6	42.3	44.9	47.1	42.1
747	74	7	42.3	44.9	46.3	44
749	74	9	42.3	44.9	46.3	45
751	75	1	38.5	42.7	39.2	41.9
752	75	2	38.5	42.7	39.2	41.9
753	75	3	38.5	42.7	50.5	50.3
754	75	4	38.5	42.7	39.2	41.9
755	75	5	38.5	42.7	39.2	41.9
756	75	6	38.5	42.7	47.1	42.1
757	75	7	38.5	42.7	39.2	41.9
759	75	9	38.5	42.7	39.2	41.9
761	76	1	44.2	36.2	43.1	36.5
762	76	2	44.2	36.2	43.1	36.5
763	76	3	44.2	36.2	50.5	48.4
764	76	4	44.2	36.2	43.1	36.5
765	76	5	44.2	36.2	43.1	36.5
766	76	6	44.2	36.2	47.1	42.1
767	76	7	44.2	36.2	43.1	36
769	76	9	44.2	36.2	43.1	36.5
771	77	1	46.8	38.8	46.9	39.8
772	77	2	46.8	38.8	46.9	39.8
773	77	3	46.8	38.8	50.5	50.3
774	77	4	46.8	38.8	46.9	39.8
775	77	5	46.8	38.8	46.9	39.8
776	77	6	46.8	38.8	47.1	42.1
777	77	7	46.8	38.8	46	39.4
779	77	9	46.8	38.8	46.9	39.8
781	78	1	38.7	32.2	64.6	33.3
782	78	2	38.7	32.2	64.6	33.3
783	78	3	38.7	32.2	51.1	33.3
784	78	4	38.7	32.2	51.1	33.3
785	78	5	38.7	32.2	51.1	33.3
786	78	6	38.7	32.2	42.6	31.3
787	78	7	38.7	32.2	37.6	33.3
789	78	9	38.7	32.2	38.6	33.3
791	79	1	47.3	22.6	64.6	22.8
792	79	2	47.3	22.6	66.3	22.8
793	79	3	47.3	22.6	49.3	22.8
794	79	4	47.3	22.6	51.1	22.8
795	79	5	47.3	22.6	51.1	22.8
796	79	6	47.3	22.6	42.2	31.3
797	79	7	47.3	22.6	44	22.8
799	79	9	47.3	22.6	47.5	22.8
801	80	1	34.6	32.1	64.6	32.2
802	80	2	34.6	32.1	64.6	32.2
803	80	3	34.6	32.1	51.1	32.2
804	80	4	34.6	32.1	51.1	32.2
805	80	5	34.6	32.1	51.1	32.2
806	80	6	34.6	32.1	42.2	31.3
807	80	7	34.6	32.1	35.1	32.3
809	80	9	34.6	32.1	35.1	32.2
811	81	1	40	31.8	64.6	31.5
812	81	2	40	31.8	60.3	31.5
813	81	3	40	31.8	53.6	31.5
814	81	4	40	31.8	51.1	31.5
815	81	5	40	31.8	51.1	31.5
816	81	6	40	31.8	42.1	31.3
817	81	7	40	31.8	35.8	31.5
819	81	9	40	31.8	38.8	31.5
821	82	1	41.9	40.1	64.6	39.9
822	82	2	41.9	40.1	64.6	39.9
823	82	3	41.9	40.1	51.1	39.9
824	82	4	41.9	40.1	51.1	39.9
825	82	5	41.9	40.1	51.1	39.9
826	82	6	41.9	40.1	42.2	31.3
827	82	7	41.9	40.1	39	39.9
829	82	9	41.9	40.1	41.7	39.9
831	83	1	35.7	26.9	35.5	28.6
832	83	2	35.7	26.9	35.5	28.6
833	83	3	35.7	26.9	68.6	28.6
834	83	4	35.7	26.9	35.5	28.6
835	83	5	35.7	26.9	35.5	28.6
836	83	6	35.7	26.9	48.1	34.4
837	83	7	35.7	26.9	35.5	28.6
839	83	9	35.7	26.9	35.5	28.6
841	84	1	35.5	36.4	35.5	36.4
842	84	2	35.5	36.4	35.5	36.4
843	84	3	35.5	36.4	68.6	36.4
844	84	4	35.5	36.4	35.5	36.4
845	84	5	35.5	36.4	35.5	36.4
846	84	6	35.5	36.4	48.1	34.4
847	84	7	35.5	36.4	35.5	36.4
849	84	9	35.5	36.4	35.5	36.4
851	85	1	53.9	38.3	53.8	38.3
852	85	2	53.9	38.3	53.8	38.3
853	85	3	53.9	38.3	68.6	38.3
854	85	4	53.9	38.3	53.8	38.3
855	85	5	53.9	38.3	53.8	38.3
856	85	6	53.9	38.3	48.1	34.4
857	85	7	53.9	38.3	53.8	38.5
859	85	9	53.9	38.3	53.8	38.3
861	86	1	48.3	44.4	48.5	44.8
862	86	2	48.3	44.4	48.5	44.8
863	86	3	48.3	44.4	68.6	44.8
864	86	4	48.3	44.4	48.5	44.8
865	86	5	48.3	44.4	48.5	44.8
866	86	6	48.3	44.4	48.1	34.4
867	86	7	48.3	44.4	48.5	44.8
869	86	9	48.3	44.4	48.5	44.8
871	87	1	50.9	38.2	51	37.8
872	87	2	50.9	38.2	51	37.8
873	87	3	50.9	38.2	68.6	37.8
874	87	4	50.9	38.2	51	37.8
875	87	5	50.9	38.2	51	37.8
876	87	6	50.9	38.2	48.1	34.4
877	87	7	50.9	38.2	51	37.8
879	87	9	50.9	38.2	51	37.8
881	88	1	51.7	39.8	51.7	39.8
882	88	2	51.7	39.8	51.7	39.8
883	88	3	51.7	39.8	68.6	39.8
884	88	4	51.7	39.8	51.7	39.8
885	88	5	51.7	39.8	51.7	39.8
886	88	6	51.7	39.8	48.1	34.4
887	88	7	51.7	39.8	52.1	40.2
889	88	9	51.7	39.8	51.7	39.8
891	89	1	33.7	27.3	56.7	51.8
892	89	2	33.7	27.3	56.7	51.8
893	89	3	33.7	27.3	56.3	45.3
894	89	4	33.7	27.3	33.2	26.9
895	89	5	33.7	27.3	33.2	26.9
896	89	6	33.7	27.3	45.1	47.1
897	89	7	33.7	27.3	33.2	26.9
899	89	9	33.7	27.3	33.2	26.9
901	90	1	37	34.4	56.7	51.8
902	90	2	37	34.4	56.7	51.8
903	90	3	37	34.4	56.3	45.3
904	90	4	37	34.4	37.6	34.7
905	90	5	37	34.4	37.6	34.7
906	90	6	37	34.4	45.1	47.1
907	90	7	37	34.4	34.9	34.7
909	90	9	37	34.4	37.6	34.7
911	91	1	53.2	44.7	56.7	51.8
912	91	2	53.2	44.7	56.7	51.8
913	91	3	53.2	44.7	56.3	45.3
914	91	4	53.2	44.7	51.2	45.4
915	91	5	53.2	44.7	51.2	45.4
916	91	6	53.2	44.7	45.1	47.1
917	91	7	53.2	44.7	51.2	45.4
919	91	9	53.2	44.7	51.2	45.4
921	92	1	44.1	38.2	62.5	51.8
922	92	2	44.1	38.2	56.3	51.8
923	92	3	44.1	38.2	56.3	45.3
924	92	4	44.1	38.2	44.6	38.2
925	92	5	44.1	38.2	44.6	38.2
926	92	6	44.1	38.2	45.2	47.1
927	92	7	44.1	38.2	37.4	35.4
929	92	9	44.1	38.2	44.6	38.2
931	93	1	38.7	37.2	54.3	58.3
932	93	2	38.7	37.2	41.7	58.3
933	93	3	38.7	37.2	40.7	55.7
934	93	4	38.7	37.2	38.7	53.8
935	93	5	38.7	37.2	38.7	53.8
936	93	6	38.7	37.2	42.8	43.6
937	93	7	38.7	37.2	37.7	36.5
939	93	9	38.7	37.2	38.7	37.3
941	94	1	43.5	37.2	54.3	58.3
942	94	2	43.5	37.2	49.7	58.3
943	94	3	43.5	37.2	35.2	55.7
944	94	4	43.5	37.2	41	53.8
945	94	5	43.5	37.2	41	53.8
946	94	6	43.5	37.2	42.8	43.6
947	94	7	43.5	37.2	39.6	36.5
949	94	9	43.5	37.2	41	37.3
951	95	1	42	37.2	54.3	58.3
952	95	2	42	37.2	54.3	58.3
953	95	3	42	37.2	42.5	55.7
954	95	4	42	37.2	42	53.8
955	95	5	42	37.2	42	53.8
956	95	6	42	37.2	42.8	43.6
957	95	7	42	37.2	41.7	36.5
959	95	9	42	37.2	42	37.3
961	96	1	51.8	37.2	54.3	58.3
962	96	2	51.8	37.2	60.9	58.3
963	96	3	51.8	37.2	49.4	55.7
964	96	4	51.8	37.2	51.2	53.8
965	96	5	51.8	37.2	51.2	53.8
966	96	6	51.8	37.2	42.8	43.6
967	96	7	51.8	37.2	46.1	36.5
969	96	9	51.8	37.2	51.2	37.3
971	97	1	28.5	37.2	54.3	58.3
972	97	2	28.5	37.2	54.3	58.3
973	97	3	28.5	37.2	43.5	55.7
974	97	4	28.5	37.2	28.3	53.8
975	97	5	28.5	37.2	28.3	53.8
976	97	6	28.5	37.2	42.8	43.6
977	97	7	28.5	37.2	28.3	36.5
979	97	9	28.5	37.2	28.3	37.3
981	98	1	40	37.2	54.3	58.3
982	98	2	40	37.2	55	58.3
983	98	3	40	37.2	43.2	55.7
984	98	4	40	37.2	40	53.8
985	98	5	40	37.2	40	53.8
986	98	6	40	37.2	42.8	43.6
987	98	7	40	37.2	36.9	26.1
989	98	9	40	38.2	40	37.3
991	99	1	35.8	30	57.4	28.8
992	99	2	35.8	30	57.4	28.8
993	99	3	35.8	30	46	28.8
994	99	4	35.8	30	36.4	28.8
995	99	5	35.8	30	36.4	28.8
996	99	6	35.8	30	40.9	28.8
997	99	7	35.8	30	36.4	28.8
999	99	9	35.8	30	36.4	28.8
1001	100	1	42	33.8	57.4	31.8
1002	100	2	42	33.8	57.4	31.8
1003	100	3	42	33.8	46	31.8
1004	100	4	42	33.8	42	31.8
1005	100	5	42	33.8	42	31.8
1006	100	6	42	33.8	40.9	31.8
1007	100	7	42	33.8	39.7	31.8
1009	100	9	42	33.8	42	31.8
1011	101	1	40.3	32.1	57.4	30.5
1012	101	2	40.3	32.1	57.4	30.5
1013	101	3	40.3	32.1	46	30.5
1014	101	4	40.3	32.1	39.9	30.5
1015	101	5	40.3	32.1	39.9	30.5
1016	101	6	40.3	32.1	40.9	30.5
1017	101	7	40.3	32.1	39.9	30.5
1019	101	9	40.3	32.1	39.9	30.5
1021	102	1	32.1	32.4	32.7	31.8
1022	102	2	32.1	32.4	32.7	31.8
1023	102	3	32.1	32.4	32.7	31.8
1024	102	4	32.1	32.4	32.7	31.8
1025	102	5	32.1	32.4	32.7	31.8
1026	102	6	32.1	32.4	44.4	31.8
1027	102	7	32.1	32.4	32.7	31.8
1029	102	9	32.1	32.4	32.7	31.8
1031	103	1	31.2	32.4	31.9	31.8
1032	103	2	31.2	32.4	31.9	31.8
1033	103	3	31.2	32.4	31.9	31.8
1034	103	4	31.2	32.4	31.9	31.8
1035	103	5	31.2	32.4	31.9	31.8
1036	103	6	31.2	32.4	44.4	31.8
1037	103	7	31.2	32.4	31.9	31.8
1039	103	9	31.2	32.4	31.9	31.8
1041	104	1	35.6	32.4	35.9	31.8
1042	104	2	35.6	32.4	35.9	31.8
1043	104	3	35.6	32.4	35.9	31.8
1044	104	4	35.6	32.4	35.9	31.8
1045	104	5	35.6	32.4	35.9	31.8
1046	104	6	35.6	32.4	44.4	31.8
1047	104	7	35.6	32.4	35.9	31.8
1049	104	9	35.6	32.4	35.9	31.8
1051	105	1	32.9	32.4	33.2	31.8
1052	105	2	32.9	32.4	33.2	31.8
1053	105	3	32.9	32.4	33.2	31.8
1054	105	4	32.9	32.4	33.2	31.8
1055	105	5	32.9	32.4	33.2	31.8
1056	105	6	32.9	32.4	44.4	31.8
1057	105	7	32.9	32.4	32.7	31.8
1059	105	9	32.9	32.4	33.2	31.8
1061	106	1	26.6	28.8	26.9	28.2
1062	106	2	26.6	28.8	26.9	28.2
1063	106	3	26.6	28.8	39.5	28.2
1064	106	4	26.6	28.8	26.9	28.2
1065	106	5	26.6	28.8	26.9	28.2
1066	106	6	26.6	28.8	37.7	28.2
1067	106	7	26.6	28.8	26.9	28.2
1069	106	9	26.6	28.8	26.9	28.2
1071	107	1	32	27.6	31.9	27.1
1072	107	2	32	27.6	31.9	27.1
1073	107	3	32	27.6	39.5	27.1
1074	107	4	32	27.6	31.9	27.1
1075	107	5	32	27.6	31.9	27.1
1076	107	6	32	27.6	37.7	27.1
1077	107	7	32	27.6	31.9	27.1
1079	107	9	32	27.6	31.9	27.1
1081	108	1	26.4	30.3	26.6	28.9
1082	108	2	26.4	30.3	26.6	28.9
1083	108	3	26.4	30.3	39.5	28.9
1084	108	4	26.4	30.3	26.6	28.9
1085	108	5	26.4	30.3	26.6	28.9
1086	108	6	26.4	30.3	37.7	28.9
1087	108	7	26.4	30.3	26.6	28.9
1089	108	9	26.4	30.3	26.6	28.9
1091	109	1	21.8	28.8	23	28.2
1092	109	2	21.8	28.8	23	28.2
1093	109	3	21.8	28.8	39.5	28.2
1094	109	4	21.8	28.8	23	28.2
1095	109	5	21.8	28.8	23	28.2
1096	109	6	21.8	28.8	37.7	28.2
1097	109	7	21.8	28.8	23	28.2
1099	109	9	21.8	28.8	23	28.2
1101	110	1	15.5	23.8	18.2	21.1
1102	110	2	15.5	23.8	18.2	21.1
1103	110	3	15.5	23.8	39.5	21.1
1104	110	4	15.5	23.8	18.2	21.1
1105	110	5	15.5	23.8	18.2	21.1
1106	110	6	15.5	23.8	37.7	21.1
1107	110	7	15.5	23.8	18.2	21.1
1109	110	9	15.5	23.8	18.2	21.1
1111	111	1	30	28.8	30.6	28.2
1112	111	2	30	28.8	30.6	28.2
1113	111	3	30	28.8	39.5	28.2
1114	111	4	30	28.8	30.6	28.2
1115	111	5	30	28.8	30.6	28.2
1116	111	6	30	28.8	37.7	28.2
1117	111	7	30	28.8	30.6	28.2
1119	111	9	30	28.8	30.6	28.2
1121	112	1	22.8	24.6	19.3	19
1122	112	2	22.8	24.6	19.3	19
1123	112	3	22.8	24.6	39.5	19
1124	112	4	22.8	24.6	19.3	19
1125	112	5	22.8	24.6	19.3	19
1126	112	6	22.8	24.6	37.7	19
1127	112	7	22.8	24.6	19.3	19
1129	112	9	22.8	24.6	19.3	19
1131	113	1	28.9	28.8	29.2	26.1
1132	113	2	28.9	28.8	29.2	26.1
1133	113	3	28.9	28.8	38.9	26.1
1134	113	4	28.9	28.8	29.2	26.1
1135	113	5	28.9	28.8	29.2	26.1
1136	113	6	28.9	28.8	37.7	26.1
1137	113	7	28.9	28.8	28.5	26.1
1139	113	9	28.9	24.6	29.2	26.1
1141	114	1	30	29.3	30.5	29.7
1142	114	2	30	29.3	30.5	29.7
1143	114	3	30	29.3	40.6	29.7
1144	114	4	30	29.3	30.5	29.7
1145	114	5	30	29.3	30.5	29.7
1146	114	6	30	29.3	37.7	29.7
1147	114	7	30	29.3	29.9	29.7
1149	114	9	30	29.3	30.5	29.7
1151	115	1	76.2	53.1	67.6	52.4
1152	115	2	76.2	53.1	67.6	52.4
1153	115	3	76.2	53.1	54	52.4
1154	115	4	76.2	53.1	74.9	52.4
1155	115	5	76.2	53.1	66.8	52.4
1156	115	6	76.2	53.1	45.7	63.5
1157	115	7	76.2	53.1	39.9	51.9
1159	115	9	76.2	53.1	74.9	52.4
1161	116	1	45.7	53.1	67.6	52.4
1162	116	2	45.7	53.1	67.6	52.4
1163	116	3	45.7	53.1	54	52.4
1164	116	4	45.7	53.1	66.8	52.4
1165	116	5	45.7	53.1	66.8	52.4
1166	116	6	45.7	53.1	45.7	63.5
1167	116	7	45.7	53.1	44.9	51.9
1169	116	9	45.7	53.1	44.9	52.4
1171	117	1	65.8	53.1	67.6	52.4
1172	117	2	65.8	53.1	67.6	52.4
1173	117	3	65.8	53.1	54	52.4
1174	117	4	65.8	53.1	66.8	52.4
1175	117	5	65.8	53.1	66.8	52.4
1176	117	6	65.8	53.1	45.7	63.5
1177	117	7	65.8	53.1	64.4	51.9
1179	117	9	65.8	53.1	64.4	52.4
1181	118	1	39.1	53.1	67.6	52.4
1182	118	2	39.1	53.1	67.6	52.4
1183	118	3	39.1	53.1	54	52.4
1184	118	4	39.1	53.1	66.8	52.4
1185	118	5	39.1	53.1	66.8	52.4
1186	118	6	39.1	53.1	45.7	63.5
1187	118	7	39.1	53.1	39.5	51.9
1189	118	9	39.1	53.1	39.5	52.4
1191	119	1	43	53.1	67.6	52.4
1192	119	2	43	53.1	67.6	52.4
1193	119	3	43	53.1	54	52.4
1194	119	4	43	53.1	66.8	52.4
1195	119	5	43	53.1	66.8	52.4
1196	119	6	43	53.1	45.7	63.5
1197	119	7	43	53.1	43	51.9
1199	119	9	43	53.1	43	52.4
1201	120	1	39.8	53.1	67.6	52.4
1202	120	2	39.8	53.1	67.6	52.4
1203	120	3	39.8	53.1	54	52.4
1204	120	4	39.8	53.1	66.8	52.4
1205	120	5	39.8	53.1	66.8	52.4
1206	120	6	39.8	53.1	45.7	63.5
1207	120	7	39.8	53.1	40.1	51.9
1209	120	9	39.8	53.1	40.1	52.4
1211	121	1	52.1	53.3	67.6	53.4
1212	121	2	52.1	53.3	63.4	53.4
1213	121	3	52.1	53.3	55.7	53.4
1214	121	4	52.1	53.3	66.8	53.4
1215	121	5	52.1	53.3	66.8	53.4
1216	121	6	52.1	53.3	45.7	63.5
1217	121	7	52.1	53.3	48.8	53.4
1219	121	9	52.1	53.3	51.7	53.4
1221	122	1	38.4	52.8	67.6	52.1
1222	122	2	38.4	52.8	70.3	52.1
1223	122	3	38.4	52.8	50.3	52.1
1224	122	4	38.4	52.8	50.2	52.1
1225	122	5	38.4	52.8	66.8	52.1
1226	122	6	38.4	52.8	45.7	63.5
1227	122	7	38.4	52.8	37.9	52.1
1229	122	9	38.4	52.8	38.6	52.1
1231	123	1	44.1	53.1	67.6	52.4
1232	123	2	44.1	53.1	67.6	52.4
1233	123	3	44.1	53.1	54	52.4
1234	123	4	44.1	53.1	66.8	52.4
1235	123	5	44.1	53.1	66.8	52.4
1236	123	6	44.1	53.1	44.7	63.5
1237	123	7	44.1	53.1	39.9	51.9
1239	123	9	44.1	53.1	44.7	52.4
1241	124	1	30.8	53.1	67.6	52.4
1242	124	2	30.8	53.1	67.6	52.4
1243	124	3	30.8	53.1	54	52.4
1244	124	4	30.8	53.1	66.8	52.4
1245	124	5	30.8	53.1	66.8	52.4
1246	124	6	30.8	53.1	45.7	63.5
1247	124	7	30.8	53.1	31.5	51.9
1249	124	9	30.8	53.1	31.5	52.4
1251	125	1	39.2	53.1	67.6	52.4
1252	125	2	39.2	53.1	67.6	52.4
1253	125	3	39.2	53.1	54	52.4
1254	125	4	39.2	53.1	66.8	52.4
1255	125	5	39.2	53.1	66.8	52.4
1256	125	6	39.2	53.1	45.7	63.5
1257	125	7	39.2	53.1	40	51.9
1259	125	9	39.2	53.1	40	52.4
1261	126	1	56.9	53.1	67.6	52.4
1262	126	2	56.9	53.1	67.6	52.4
1263	126	3	56.9	53.1	54	52.4
1264	126	4	56.9	53.1	66.8	52.4
1265	126	5	56.9	53.1	66.8	52.4
1266	126	6	56.9	53.1	45.7	63.5
1267	126	7	56.9	53.1	56.2	51.9
1269	126	9	56.9	53.1	56.2	52.4
1271	127	1	47.1	58.2	67.6	57.4
1272	127	2	47.1	58.2	67.6	57.4
1273	127	3	47.1	58.2	54	57.4
1274	127	4	47.1	58.2	66.8	57.4
1275	127	5	47.1	58.2	66.8	57.4
1276	127	6	47.1	58.2	45.7	63.5
1277	127	7	47.1	58.2	47.5	57
1279	127	9	47.1	58.2	47.5	57.4
1281	128	1	65.5	54.6	67.6	54.1
1282	128	2	65.5	54.6	67.6	54.1
1283	128	3	65.5	54.6	54	54.1
1284	128	4	65.5	54.6	66.8	54.1
1285	128	5	65.5	54.6	66.8	54.1
1286	128	6	65.5	54.6	45.7	63.5
1287	128	7	65.5	54.6	64.1	54.1
1289	128	9	65.5	54.6	64.1	54.1
1291	129	1	44.1	32.4	67.6	33.9
1292	129	2	44.1	32.4	67.6	33.9
1293	129	3	44.1	32.4	54	33.9
1294	129	4	44.1	32.4	66.8	33.9
1295	129	5	44.1	32.4	66.8	33.9
1296	129	6	44.1	32.4	50.2	63.5
1297	129	7	44.1	32.4	43.7	33.9
1299	129	9	44.1	32.4	44.3	33.9
1301	130	1	42.7	53.1	67.6	38.9
1302	130	2	42.7	53.1	67.6	38.9
1303	130	3	42.7	53.1	54	38.9
1304	130	4	42.7	53.1	66.8	38.9
1305	130	5	42.7	53.1	66.8	38.9
1306	130	6	42.7	53.1	45.7	63.5
1307	130	7	42.7	53.1	42.8	38.9
1309	130	9	42.7	39.2	42.8	38.9
1311	131	1	32.2	30.6	67.6	29.7
1312	131	2	32.2	30.6	67.6	29.7
1313	131	3	32.2	30.6	54	29.7
1314	131	4	32.2	30.6	66.8	29.7
1315	131	5	32.2	30.6	66.8	29.7
1316	131	6	32.2	30.6	45.7	63.5
1317	131	7	32.2	30.6	32.7	29.7
1319	131	9	32.2	30.6	32.7	29.7
1321	132	1	31.2	53.1	67.6	52.4
1322	132	2	31.2	53.1	67.6	52.4
1323	132	3	31.2	53.1	54	52.4
1324	132	4	31.2	53.1	66.8	52.4
1325	132	5	31.2	53.1	66.8	52.4
1326	132	6	31.2	53.1	45.7	63.5
1327	132	7	31.2	53.1	31.9	51.9
1329	132	9	31.2	53.1	31.9	52.4
1331	133	1	38.2	53.1	67.6	52.4
1332	133	2	38.2	53.1	67.6	52.4
1333	133	3	38.2	53.1	54	52.4
1334	133	4	38.2	53.1	66.8	52.4
1335	133	5	38.2	53.1	66.8	52.4
1336	133	6	38.2	53.1	44.6	63.5
1337	133	7	38.2	53.1	37	51.9
1339	133	9	38.2	53.1	38.6	52.4
1341	134	1	36	53.1	67.6	52.4
1342	134	2	36	53.1	67.6	52.4
1343	134	3	36	53.1	54	52.4
1344	134	4	36	53.1	66.8	52.4
1345	134	5	36	53.1	66.8	52.4
1346	134	6	36	53.1	45.7	63.5
1347	134	7	36	53.1	35.8	51.9
1349	134	9	36	53.1	35.8	52.4
1351	135	1	44.9	39.2	67.6	41.4
1352	135	2	44.9	39.2	67.6	41.4
1353	135	3	44.9	39.2	54	41.4
1354	135	4	44.9	39.2	66.8	41.4
1355	135	5	44.9	39.2	66.8	41.4
1356	135	6	44.9	39.2	45.7	63.5
1357	135	7	44.9	39.2	46.1	41.4
1359	135	9	44.9	39.2	46.1	41.4
1361	136	1	40.5	42.5	40.8	42.7
1362	136	2	40.5	42.5	40.8	42.7
1363	136	3	40.5	42.5	40.8	42.7
1364	136	4	40.5	42.5	54.1	42.7
1365	136	5	40.5	42.5	54.1	42.7
1366	136	6	40.5	42.5	42.6	44.4
1367	136	7	40.5	42.5	39.1	42.6
1369	136	9	40.5	42.5	40.8	42.7
1371	137	1	33	35	32.8	34.6
1372	137	2	33	35	32.8	34.6
1373	137	3	33	35	32.8	34.6
1374	137	4	33	35	54.1	34.6
1375	137	5	33	35	54.1	34.6
1376	137	6	33	35	42.6	44.4
1377	137	7	33	35	32.8	34.6
1379	137	9	33	35	32.8	34.6
1381	138	1	68.8	66.5	68.3	72.7
1382	138	2	68.8	66.5	68.3	72.7
1383	138	3	68.8	66.5	68.8	71.8
1384	138	4	68.8	66.5	68.3	66.9
1385	138	5	68.8	66.5	68.3	66.9
1386	138	6	68.8	66.5	68.4	63.6
1387	138	7	68.8	66.5	58.9	62.8
1389	138	9	68.8	66.5	68.3	66.9
1391	139	1	59.1	61.2	59	72.7
1392	139	2	59.1	61.2	59	72.7
1393	139	3	59.1	61.2	68.8	64.1
1394	139	4	59.1	61.2	68.3	66.9
1395	139	5	59.1	61.2	68.3	66.9
1396	139	6	59.1	61.2	62.5	59.5
1397	139	7	59.1	61.2	58.6	61
1399	139	9	59.1	61.2	59	61.1
1401	140	1	65.2	58.2	64.9	72.7
1402	140	2	65.2	58.2	64.9	72.7
1403	140	3	65.2	58.2	68.8	71.8
1404	140	4	65.2	58.2	68.3	66.9
1405	140	5	65.2	58.2	68.3	66.9
1406	140	6	65.2	58.2	68.4	63.6
1407	140	7	65.2	58.2	64.9	57.4
1409	140	9	65.2	58.2	64.9	57.8
1411	141	1	73.5	67.2	76.5	72.7
1412	141	2	73.5	67.2	76.5	72.7
1413	141	3	73.5	67.2	68.8	80.5
1414	141	4	73.5	67.2	68.3	66.9
1415	141	5	73.5	67.2	68.3	66.9
1416	141	6	73.5	67.2	68.4	66.9
1417	141	7	73.5	67.2	76.5	67.3
1419	141	9	73.5	67.2	76.5	67.5
1421	142	1	74.4	73.2	74.9	72.7
1422	142	2	74.4	73.2	74.9	72.7
1423	142	3	74.4	73.2	68.8	71.8
1424	142	4	74.4	73.2	68.3	66.9
1425	142	5	74.4	73.2	68.3	66.9
1426	142	6	74.4	73.2	74.9	73.5
1427	142	7	74.4	73.2	58.9	62.8
1429	142	9	74.4	73.2	74.9	73.5
1431	143	1	64.6	58.2	70.8	62.3
1432	143	2	64.6	58.2	67.4	61.8
1433	143	3	64.6	58.2	62.4	55.5
1434	143	4	64.6	58.2	63.1	57.5
1435	143	5	64.6	58.2	65.6	59.2
1436	143	6	64.6	58.2	56	51.4
1437	143	7	64.6	58.2	60	50.4
1439	143	9	64.6	58.2	63.6	57.6
1441	144	1	51.9	50	70.8	62.3
1442	144	2	51.9	50	70.8	62.3
1443	144	3	51.9	50	63.3	56.8
1444	144	4	51.9	50	65.6	59.2
1445	144	5	51.9	50	65.6	59.2
1446	144	6	51.9	50	45.6	51.4
1447	144	7	51.9	50	52.9	50.1
1449	144	9	51.9	50	51.8	50.2
1451	145	1	40.1	43.2	70.8	62.3
1452	145	2	40.1	43.2	70.8	62.3
1453	145	3	40.1	43.2	63.3	56.8
1454	145	4	40.1	43.2	65.6	59.2
1455	145	5	40.1	43.2	65.6	59.2
1456	145	6	40.1	43.2	56	51.4
1457	145	7	40.1	43.2	40.6	42.4
1459	145	9	40.1	43.2	40.6	42.4
1461	146	1	49.4	51.2	70.8	62.3
1462	146	2	49.4	51.2	70.8	62.3
1463	146	3	49.4	51.2	50.3	58
1464	146	4	49.4	51.2	65.6	59.2
1465	146	5	49.4	51.2	65.6	59.2
1466	146	6	49.4	51.2	56	51.4
1467	146	7	49.4	51.2	49.7	47.3
1469	146	9	49.4	51.2	49.9	49.8
1471	147	1	71.9	52	70.8	62.3
1472	147	2	71.9	52	72.5	62.3
1473	147	3	71.9	52	63	56.8
1474	147	4	71.9	52	65.6	59.2
1475	147	5	71.9	52	65.6	59.2
1476	147	6	71.9	52	56	51.4
1477	147	7	71.9	52	60	50.4
1479	147	9	71.9	52	70.8	52
1481	148	1	67.6	62.3	70.8	62.3
1482	148	2	67.6	62.3	70.8	62.3
1483	148	3	67.6	62.3	73	56.8
1484	148	4	67.6	62.3	69.4	59.2
1485	148	5	67.6	62.3	65.6	59.2
1486	148	6	67.6	62.3	56	51.4
1487	148	7	67.6	62.3	66.3	63.6
1489	148	9	67.6	62.3	66.7	63.6
1491	149	1	80.1	52	70.8	62.3
1492	149	2	80.1	52	81.2	62.3
1493	149	3	80.1	52	63.3	56.8
1494	149	4	80.1	52	78.7	59.2
1495	149	5	80.1	52	65.6	59.2
1496	149	6	80.1	52	56	51.4
1497	149	7	80.1	52	60	50.4
1499	149	9	80.1	52	79.3	52
1501	150	1	69.2	68.2	70.8	62.3
1502	150	2	69.2	68.2	78.3	75.5
1503	150	3	69.2	68.2	73.2	72.3
1504	150	4	69.2	68.2	71.6	78.4
1505	150	5	69.2	68.2	65.6	59.2
1506	150	6	69.2	68.2	68.2	51.4
1507	150	7	69.2	68.2	65.1	57.5
1509	150	9	69.2	68.2	68	67.1
1511	151	1	52	38.3	63.7	58.2
1512	151	2	52	38.3	63.7	58.2
1513	151	3	52	38.3	43.5	59.7
1514	151	4	52	38.3	58.6	53.8
1515	151	5	52	38.3	58.6	53.8
1516	151	6	52	38.3	54.2	43.7
1517	151	7	52	38.3	51.6	37.2
1519	151	9	52	38.3	51.6	38.3
1521	152	1	65.1	38.3	63.7	58.2
1522	152	2	65.1	38.3	63.7	58.2
1523	152	3	65.1	38.3	43.5	59.7
1524	152	4	65.1	38.3	66.5	53.8
1525	152	5	65.1	38.3	58.6	53.8
1526	152	6	65.1	38.3	63	43.7
1527	152	7	65.1	38.3	64	37.2
1529	152	9	65.1	38.3	64	38.3
1531	153	1	41.6	43.6	63.7	58.2
1532	153	2	41.6	43.6	63.7	58.2
1533	153	3	41.6	43.6	43.5	59.7
1534	153	4	41.6	43.6	58.6	53.8
1535	153	5	41.6	43.6	58.6	53.8
1536	153	6	41.6	43.6	54.2	43.7
1537	153	7	41.6	43.6	42.1	45.5
1539	153	9	41.6	43.6	42.1	45.5
1541	154	1	49.7	50.2	63.7	58.2
1542	154	2	49.7	50.2	53.3	58.2
1543	154	3	49.7	50.2	43.5	59.7
1544	154	4	49.7	50.2	39.4	48.7
1545	154	5	49.7	50.2	58.6	53.8
1546	154	6	49.7	50.2	54.2	43.7
1547	154	7	49.7	50.2	45	37.2
1549	154	9	49.7	50.2	46.1	48.7
1551	155	1	36.6	41.5	63.7	58.2
1552	155	2	36.6	41.5	63.7	58.2
1553	155	3	36.6	41.5	43.5	59.7
1554	155	4	36.6	41.5	58.6	53.8
1555	155	5	36.6	41.5	58.6	53.8
1556	155	6	36.6	41.5	32.2	28.5
1557	155	7	36.6	41.5	35.9	41.9
1559	155	9	36.6	41.5	34.2	41.4
1561	156	1	63.1	66	63.7	58.2
1562	156	2	63.1	66	63.7	58.2
1563	156	3	63.1	66	43.5	57.5
1564	156	4	63.1	66	62.7	68.4
1565	156	5	63.1	66	58.6	53.8
1566	156	6	63.1	66	54.2	43.7
1567	156	7	63.1	66	45	37.2
1569	156	9	63.1	66	62.7	63
1571	157	1	48.4	56.8	63.7	58.2
1572	157	2	48.4	56.8	63.7	58.2
1573	157	3	48.4	56.8	43.5	59.7
1574	157	4	48.4	56.8	58.6	58.8
1575	157	5	48.4	56.8	58.6	53.8
1576	157	6	48.4	56.8	54.2	43.7
1577	157	7	48.4	56.8	45	57.2
1579	157	9	63.1	56.8	47.6	58.2
1581	158	1	48.4	45.1	63.7	58.2
1582	158	2	48.4	45.1	63.7	58.2
1583	158	3	48.4	45.1	43.5	59.7
1584	158	4	48.4	45.1	58.6	53.8
1585	158	5	48.4	45.1	58.6	53.8
1586	158	6	48.4	45.1	54.2	43.7
1587	158	7	48.4	45.1	45	43.7
1589	158	9	48.4	45.1	47.6	43.7
1591	159	1	55.7	51.9	63.7	58.2
1592	159	2	55.7	51.9	54.2	54.1
1593	159	3	55.7	51.9	43.5	56.2
1594	159	4	55.7	51.9	53.4	50.6
1595	159	5	55.7	51.9	58.6	53.8
1596	159	6	55.7	51.9	54.2	43.7
1597	159	7	55.7	51.9	45	37.2
1599	159	9	55.7	51.9	53.6	51.5
1601	160	1	45	43.1	63.7	58.2
1602	160	2	45	43.1	63.7	58.2
1603	160	3	45	43.1	43.5	59.7
1604	160	4	45	43.1	58.6	53.8
1605	160	5	45	43.1	58.6	53.8
1606	160	6	45	43.1	54.9	43.7
1607	160	7	45	43.1	35.8	43.4
1609	160	9	45	43.1	41.1	43.4
1611	161	1	39.1	43.1	63.7	58.2
1612	161	2	39.1	43.1	63.7	58.2
1613	161	3	39.1	43.1	43.5	59.7
1614	161	4	39.1	43.1	58.6	53.8
1615	161	5	39.1	43.1	58.6	53.8
1616	161	6	39.1	43.1	54.2	50.1
1617	161	7	39.1	43.1	35.9	43.1
1619	161	9	39.1	43.1	35.9	43.3
1621	162	1	37.6	40.2	63.7	58.2
1622	162	2	37.6	40.2	63.7	58.2
1623	162	3	37.6	40.2	43.5	59.7
1624	162	4	37.6	40.2	58.6	53.8
1625	162	5	37.6	40.2	58.6	53.8
1626	162	6	37.6	40.2	54.2	43.5
1627	162	7	37.6	40.2	37.7	40
1629	162	9	37.6	40.2	37.7	40.3
1631	163	1	18	38.7	63.7	58.2
1632	163	2	18	38.7	63.7	58.2
1633	163	3	18	38.7	43.5	59.7
1634	163	4	18	38.7	58.6	53.8
1635	163	5	18	38.7	58.6	53.8
1636	163	6	18	38.7	54.2	43.7
1637	163	7	18	38.7	18.5	39.1
1639	163	9	18	38.7	18.5	39.1
1641	164	1	42.3	34.6	63.7	58.2
1642	164	2	42.3	34.6	63.7	58.2
1643	164	3	42.3	34.6	43.5	59.7
1644	164	4	42.3	34.6	58.6	53.8
1645	164	5	42.3	34.6	58.6	53.8
1646	164	6	42.3	34.6	39.8	43.7
1647	164	7	42.3	34.6	41.8	34.6
1649	164	9	42.3	34.6	40.9	34.6
1651	165	1	35.7	38.3	63.7	58.2
1652	165	2	35.7	38.3	63.7	58.2
1653	165	3	35.7	38.3	43.5	59.7
1654	165	4	35.7	38.3	58.6	53.8
1655	165	5	35.7	38.3	58.6	53.8
1656	165	6	35.7	38.3	54.2	43.7
1657	165	7	35.7	38.3	35.7	38.3
1659	165	9	35.7	38.3	35.7	38.3
1661	166	1	37.4	28.7	63.7	58.2
1662	166	2	37.4	28.7	63.7	58.2
1663	166	3	37.4	28.7	33.4	59.7
1664	166	4	37.4	28.7	58.6	53.8
1665	166	5	37.4	28.7	58.6	53.8
1666	166	6	37.4	28.7	54.2	39.1
1667	166	7	37.4	28.7	32.7	28.4
1669	166	9	37.4	28.7	33	28.5
1671	167	1	54.1	57.9	63.7	58.2
1672	167	2	54.1	57.9	60	57.2
1673	167	3	54.1	57.9	50	55
1674	167	4	54.1	57.9	58.6	64
1675	167	5	54.1	57.9	58.6	53.8
1676	167	6	54.1	57.9	54.2	43.7
1677	167	7	54.1	57.9	51.1	57.2
1679	167	9	54.1	57.9	53.6	57
1681	168	1	33.1	32.5	63.7	58.2
1682	168	2	33.1	32.5	63.7	58.2
1683	168	3	33.1	32.5	43.5	59.7
1684	168	4	33.1	32.5	59.9	45
1685	168	5	33.1	32.5	58.6	53.8
1686	168	6	33.1	32.5	54.2	28.6
1687	168	7	33.1	32.5	31.1	31.7
1689	168	9	33.1	32.5	31.1	32.4
1691	169	1	58	38.3	63.7	58.2
1692	169	2	58	38.3	63.7	58.2
1693	169	3	58	38.3	43.5	59.7
1694	169	4	58	38.3	58.6	53.8
1695	169	5	58	38.3	58.6	53.8
1696	169	6	58	38.3	54.2	43.7
1697	169	7	58	38.3	59.4	37.2
1699	169	9	58	38.3	59.4	38.3
1701	170	1	40	42.8	63.7	58.2
1702	170	2	40	42.8	63.7	58.2
1703	170	3	40	42.8	43.5	59.7
1704	170	4	40	42.8	58.6	53.8
1705	170	5	40	42.8	58.6	53.8
1706	170	6	40	42.8	48.6	43.7
1707	170	7	40	42.8	40.1	42.2
1709	170	9	40	42.8	41.1	42.2
1711	171	1	65.7	68.1	91.4	58.2
1712	171	2	65.7	68.1	58.6	64.9
1713	171	3	65.7	68.1	64.2	68.2
1714	171	4	65.7	68.1	59.9	64.4
1715	171	5	65.7	68.1	58.6	53.8
1716	171	6	65.7	68.1	54.2	43.7
1717	171	7	65.7	68.1	45	37.2
1719	171	9	65.7	68.1	64.3	66.3
1721	172	1	45.6	53.5	63.7	58.2
1722	172	2	45.6	53.5	63.7	58.2
1723	172	3	45.6	53.5	43.5	59.7
1724	172	4	45.6	53.5	58.6	53.8
1725	172	5	45.6	53.5	58.6	53.8
1726	172	6	45.6	53.5	52.9	51.1
1727	172	7	45.6	53.5	44.6	53.3
1729	172	9	45.6	53.5	45.6	53.2
1731	173	1	79	66.3	77.1	80.6
1732	173	2	79	66.3	77.1	80.6
1733	173	3	79	66.3	77.1	80.6
1734	173	4	79	66.3	77.1	80.6
1735	173	5	79	66.3	66.7	65.8
1736	173	6	79	66.3	77.1	80.6
1737	173	7	79	66.3	77.1	80.6
1739	173	9	79	73.1	77.1	80.6
1741	174	1	70.7	73.1	69.6	70.9
1742	174	2	70.7	73.1	69.6	70.9
1743	174	3	70.7	73.1	69.6	70.9
1744	174	4	70.7	73.1	69.6	70.9
1745	174	5	70.7	73.1	66.7	65.8
1746	174	6	70.7	73.1	69.6	70.9
1747	174	7	70.7	73.1	69.6	70.9
1749	174	9	70.7	73.1	69.6	70.9
1751	175	1	63.7	61.4	63.3	61.1
1752	175	2	63.7	61.4	63.3	61.1
1753	175	3	63.7	61.4	63.3	61.1
1754	175	4	63.7	61.4	63.3	61.1
1755	175	5	63.7	61.4	66.7	65.8
1756	175	6	63.7	61.4	63.3	61.1
1757	175	7	63.7	61.4	63.3	61.1
1759	175	9	63.7	61.4	63.3	61.1
1761	176	1	62.3	66.3	62.2	65.8
1762	176	2	62.3	66.3	62.2	65.8
1763	176	3	62.3	66.3	62.2	65.8
1764	176	4	62.3	66.3	62.2	65.8
1765	176	5	62.3	66.3	66.7	65.8
1766	176	6	62.3	66.3	62.2	65.8
1767	176	7	62.3	66.3	62.2	65.8
1769	176	9	62.3	62.6	62.2	65.8
1771	177	1	64.3	62.6	63.9	62.6
1772	177	2	64.3	62.6	63.9	62.6
1773	177	3	64.3	62.6	63.9	62.6
1774	177	4	64.3	62.6	63.9	62.6
1775	177	5	64.3	62.6	66.7	65.8
1776	177	6	64.3	62.6	63.9	62.6
1777	177	7	64.3	62.6	63.9	62.6
1779	177	9	64.3	62.6	63.9	62.6
1781	178	1	77.4	65.8	76	63.9
1782	178	2	77.4	65.8	76	63.9
1783	178	3	77.4	65.8	76	63.9
1784	178	4	77.4	65.8	76	63.9
1785	178	5	77.4	65.8	66.7	65.8
1786	178	6	77.4	65.8	76	63.9
1787	178	7	77.4	65.8	76	63.9
1789	178	9	77.4	65.8	76	63.9
1791	179	1	71.7	66.3	70.6	66
1792	179	2	71.7	66.3	70.6	66
1793	179	3	71.7	66.3	70.6	66
1794	179	4	71.7	66.3	70.6	66
1795	179	5	71.7	66.3	66.7	65.8
1796	179	6	71.7	66.3	70.6	66
1797	179	7	71.7	66.3	70.6	66
1799	179	9	71.7	66.3	70.6	66
1801	180	1	67.6	66.1	66.8	65.5
1802	180	2	67.6	66.1	66.8	65.5
1803	180	3	67.6	66.1	66.8	65.5
1804	180	4	67.6	66.1	66.8	65.5
1805	180	5	67.6	66.1	66.7	65.8
1806	180	6	67.6	66.1	66.8	65.5
1807	180	7	67.6	66.1	66.8	65.5
1809	180	9	67.6	66.1	66.8	65.5
1811	181	1	87.9	94.4	85.8	82
1812	181	2	87.9	94.4	80.5	90.2
1813	181	3	87.9	94.4	88.7	78.8
1814	181	4	87.9	94.4	79.9	73.9
1815	181	5	87.9	94.4	79.9	73.9
1816	181	6	87.9	94.4	64.4	65.7
1817	181	7	87.9	94.4	94.5	96.4
1819	181	9	87.9	94.4	86.1	94.7
1821	182	1	99	70.1	85.8	82
1822	182	2	99	70.1	96.4	82
1823	182	3	99	70.1	88.7	78.8
1824	182	4	99	70.1	79.9	73.9
1825	182	5	99	70.1	79.9	73.9
1826	182	6	99	70.1	64.4	65.7
1827	182	7	99	70.1	73.2	69.6
1829	182	9	99	70.1	96.4	69.8
1831	183	1	49.3	58.4	85.8	82
1832	183	2	49.3	58.4	85.8	82
1833	183	3	49.3	58.4	88.7	73.6
1834	183	4	49.3	58.4	79.9	69.2
1835	183	5	49.3	58.4	79.9	73.9
1836	183	6	49.3	58.4	52.7	65.7
1837	183	7	49.3	58.4	48.1	56.6
1839	183	9	49.3	58.4	49.3	57.9
1841	184	1	82.6	83	85.8	82
1842	184	2	82.6	83	80.1	82
1843	184	3	82.6	83	88.7	78.8
1844	184	4	82.6	83	79.9	73.9
1845	184	5	82.6	83	79.9	73.9
1846	184	6	82.6	83	64.4	65.7
1847	184	7	82.6	83	78.6	85.6
1849	184	9	82.6	83	79.3	85.6
1851	185	1	60.9	80.2	85.8	82
1852	185	2	60.9	80.2	85.8	82
1853	185	3	60.9	80.2	88.7	78.8
1854	185	4	60.9	80.2	79.9	73.9
1855	185	5	60.9	80.2	79.9	73.9
1856	185	6	60.9	80.2	64.4	65.7
1857	185	7	60.9	80.2	60.2	80.1
1859	185	9	60.9	80.2	74.5	80.1
1861	186	1	75	70.1	85.8	82
1862	186	2	75	70.1	85.8	82
1863	186	3	75	70.1	88.7	78.8
1864	186	4	75	70.1	79.9	73.9
1865	186	5	75	70.1	79.9	73.9
1866	186	6	75	70.1	64.4	65.7
1867	186	7	75	70.1	60.2	69.6
1869	186	9	60.9	70.1	60.2	69.8
1871	187	1	75	78.3	85.8	82
1872	187	2	75	78.3	85.8	82
1873	187	3	75	78.3	88.7	83
1874	187	4	75	78.3	79.9	73.9
1875	187	5	75	78.3	79.9	73.9
1876	187	6	75	78.3	64.4	65.7
1877	187	7	75	78.3	73.2	69.6
1879	187	9	75	78.3	74.5	83
1881	188	1	66.1	84.2	85.8	82
1882	188	2	66.1	84.2	85.8	82
1883	188	3	66.1	84.2	88.7	78.8
1884	188	4	66.1	84.2	79.9	73.9
1885	188	5	66.1	84.2	79.9	73.9
1886	188	6	66.1	84.2	64.4	65.7
1887	188	7	66.1	84.2	65.5	85
1889	188	9	66.1	84.2	65.5	85
1891	189	1	75	77	85.8	82
1892	189	2	75	77	85.8	82
1893	189	3	75	77	88.7	78.8
1894	189	4	75	77	79.9	73.9
1895	189	5	75	77	79.9	73.9
1896	189	6	75	77	64.4	65.7
1897	189	7	75	77	73.2	79
1899	189	9	75	77	74.5	79
1901	190	1	72.5	70.1	85.8	82
1902	190	2	72.5	70.1	85.8	82
1903	190	3	72.5	70.1	88.7	78.8
1904	190	4	72.5	70.1	79.9	73.9
1905	190	5	72.5	70.1	79.9	73.9
1906	190	6	72.5	70.1	64.4	65.7
1907	190	7	72.5	70.1	71.6	69.6
1909	190	9	72.5	70.1	71.6	69.8
1911	191	1	63.9	73.5	85.8	82
1912	191	2	63.9	73.5	85.8	82
1913	191	3	63.9	73.5	88.7	78.8
1914	191	4	63.9	73.5	79.9	73.9
1915	191	5	63.9	73.5	79.9	73.9
1916	191	6	63.9	73.5	64.4	65.7
1917	191	7	63.9	73.5	64.6	72.6
1919	191	9	63.9	73.5	64.6	72.6
1921	192	1	99	70.1	85.8	82
1922	192	2	99	70.1	85.8	82
1923	192	3	99	70.1	88.7	78.8
1924	192	4	99	70.1	79.9	73.9
1925	192	5	99	70.1	79.9	73.9
1926	192	6	99	70.1	64.4	65.7
1927	192	7	99	70.1	99	69.6
1929	192	9	99	89	99	69.8
1931	193	1	71.3	80.9	85.8	82
1932	193	2	71.3	80.9	85.8	82
1933	193	3	71.3	80.9	88.7	78.8
1934	193	4	71.3	80.9	77.4	76
1935	193	5	71.3	80.9	79.9	73.9
1936	193	6	71.3	80.9	64.4	65.7
1937	193	7	71.3	80.9	77.3	81
1939	193	9	71.3	80.9	77.3	80.8
1941	194	1	68.8	77.6	85.8	82
1942	194	2	68.8	77.6	85.8	82
1943	194	3	68.8	77.6	88.7	81.6
1944	194	4	68.8	77.6	74.7	73.9
1945	194	5	68.8	77.6	79.9	73.9
1946	194	6	68.8	77.6	64.4	65.7
1947	194	7	68.8	77.6	71.3	77.1
1949	194	9	68.8	77.6	71.5	77.1
1951	195	1	78.6	70.1	85.8	82
1952	195	2	78.6	70.1	85.8	82
1953	195	3	78.6	70.1	88.7	78.8
1954	195	4	78.6	70.1	79.9	73.9
1955	195	5	78.6	70.1	79.9	73.9
1956	195	6	78.6	70.1	64.4	65.7
1957	195	7	78.6	70.1	77.1	69.6
1959	195	9	78.6	70.1	77.1	69.8
1961	196	1	74.3	70.1	85.8	82
1962	196	2	74.3	70.1	85.8	82
1963	196	3	74.3	70.1	88.7	78.8
1964	196	4	74.3	70.1	79.9	73.9
1965	196	5	74.3	70.1	79.9	73.9
1966	196	6	74.3	70.1	64.4	65.7
1967	196	7	74.3	70.1	73.4	69.6
1969	196	9	74.3	70.1	73.4	69.8
1971	197	1	75.6	70.1	85.8	82
1972	197	2	75.6	70.1	85.8	82
1973	197	3	75.6	70.1	88.7	78.8
1974	197	4	75.6	70.1	79.9	73.9
1975	197	5	75.6	70.1	79.9	73.9
1976	197	6	75.6	70.1	64.4	65.7
1977	197	7	75.6	70.1	73.9	69.6
1979	197	9	75.6	70.1	73.9	69.8
1981	198	1	72	70.1	85.8	82
1982	198	2	72	70.1	85.8	82
1983	198	3	72	70.1	88.7	78.8
1984	198	4	72	70.1	79.9	73.9
1985	198	5	72	70.1	79.9	73.9
1986	198	6	72	70.1	64.4	65.7
1987	198	7	72	70.1	70.8	69.6
1989	198	9	72	70.1	70.8	69.8
1991	199	1	65.9	70.1	85.8	82
1992	199	2	65.9	70.1	85.8	82
1993	199	3	65.9	70.1	88.7	78.8
1994	199	4	65.9	70.1	79.9	73.9
1995	199	5	65.9	70.1	79.9	73.9
1996	199	6	65.9	70.1	64.4	65.7
1997	199	7	65.9	70.1	65	69.6
1999	199	9	65.9	70.1	65	69.8
2001	200	1	67.2	70.1	85.8	82
2002	200	2	67.2	70.1	85.8	82
2003	200	3	67.2	70.1	88.7	78.8
2004	200	4	67.2	70.1	79.9	73.9
2005	200	5	67.2	70.1	79.9	73.9
2006	200	6	67.2	70.1	64.4	65.7
2007	200	7	67.2	70.1	66.3	69.6
2009	200	9	67.2	70.1	66.3	69.8
2011	201	1	73.3	70.1	85.8	82
2012	201	2	73.3	70.1	82	82
2013	201	3	73.3	70.1	88.7	78.8
2014	201	4	73.3	70.1	79.9	73.9
2015	201	5	73.3	70.1	79.9	73.9
2016	201	6	73.3	70.1	64.4	65.7
2017	201	7	73.3	70.1	70.7	69.6
2019	201	9	73.3	70.1	72.2	69.8
2021	202	1	79.1	70.1	85.8	82
2022	202	2	79.1	70.1	85.8	82
2023	202	3	79.1	70.1	88.7	78.8
2024	202	4	79.1	70.1	79.9	73.9
2025	202	5	79.1	70.1	79.9	73.9
2026	202	6	79.1	70.1	64.4	65.7
2027	202	7	79.1	70.1	77.1	69.6
2029	202	9	79.1	70.1	77.1	69.8
2031	203	1	76.2	70.1	85.8	82
2032	203	2	76.2	70.1	85.8	82
2033	203	3	76.2	70.1	88.7	78.8
2034	203	4	76.2	70.1	79.9	73.9
2035	203	5	76.2	70.1	79.9	73.9
2036	203	6	76.2	70.1	64.4	65.7
2037	203	7	76.2	70.1	75.1	69.6
2039	203	9	76.2	70.1	75.1	69.8
2041	204	1	82.5	70.1	85.8	82
2042	204	2	82.5	70.1	85.8	82
2043	204	3	82.5	70.1	88.7	78.8
2044	204	4	82.5	70.1	79.9	73.9
2045	204	5	82.5	70.1	79.9	73.9
2046	204	6	82.5	70.1	64.4	65.7
2047	204	7	82.5	70.1	80.3	69.6
2049	204	9	82.5	70.1	80.3	69.8
2051	205	1	96.3	80.8	85.8	82
2052	205	2	96.3	80.8	85.8	82
2053	205	3	96.3	80.8	88.7	78.8
2054	205	4	96.3	80.8	79.9	73.9
2055	205	5	96.3	80.8	79.9	73.9
2056	205	6	96.3	80.8	64.4	65.7
2057	205	7	96.3	80.8	93	80.2
2059	205	9	96.3	80.8	93	80.2
2061	206	1	77.8	87.4	85.8	82
2062	206	2	77.8	87.4	85.8	82
2063	206	3	77.8	87.4	88.4	89.2
2064	206	4	77.8	87.4	91.6	73.9
2065	206	5	77.8	87.4	79.9	73.9
2066	206	6	77.8	87.4	64.4	65.7
2067	206	7	77.8	87.4	76.4	87.8
2069	206	9	77.8	87.4	79.2	88.3
2071	207	1	73	67.8	85.8	82
2072	207	2	73	67.8	85.8	82
2073	207	3	73	67.8	64.4	50.8
2074	207	4	73	67.8	80.1	73.9
2075	207	5	73	67.8	79.9	73.9
2076	207	6	73	67.8	64.4	65.7
2077	207	7	73	67.8	84.4	73.6
2079	207	9	73	67.8	73.9	68.2
2081	208	1	71.8	64.8	85.8	82
2082	208	2	71.8	64.8	85.8	82
2083	208	3	71.8	64.8	77.8	84.2
2084	208	4	71.8	64.8	79.9	73.9
2085	208	5	71.8	64.8	79.9	73.9
2086	208	6	71.8	64.8	64.4	65.7
2087	208	7	71.8	64.8	68.9	58.6
2089	208	9	71.8	64.8	71.3	64.1
2091	209	1	82.6	70.1	85.8	82
2092	209	2	82.6	70.1	81.2	82
2093	209	3	82.6	70.1	88.7	78.8
2094	209	4	82.6	70.1	79.9	73.9
2095	209	5	82.6	70.1	79.9	73.9
2096	209	6	82.6	70.1	64.4	65.7
2097	209	7	82.6	70.1	81.2	69.6
2099	209	9	82.6	70.1	81.2	69.8
2101	210	1	71.9	78.1	85.8	82
2102	210	2	71.9	78.1	85.8	82
2103	210	3	71.9	78.1	88.7	78.8
2104	210	4	71.9	78.1	79.9	73.9
2105	210	5	71.9	78.1	79.9	73.9
2106	210	6	71.9	78.1	64.4	65.7
2107	210	7	71.9	78.1	71.3	78.2
2109	210	9	71.9	78.1	71.3	78.2
2111	211	1	77.3	70.1	85.8	82
2112	211	2	77.3	70.1	83.7	82
2113	211	3	77.3	70.1	88.7	78.8
2114	211	4	77.3	70.1	79.9	73.9
2115	211	5	77.3	70.1	79.9	73.9
2116	211	6	77.3	70.1	64.4	65.7
2117	211	7	77.3	70.1	74.9	69.6
2119	211	9	77.3	70.1	76	69.8
2121	212	1	90.7	70.1	85.8	82
2122	212	2	90.7	70.1	94.3	82
2123	212	3	90.7	70.1	88.7	78.8
2124	212	4	90.7	70.1	79.9	73.9
2125	212	5	90.7	70.1	79.9	73.9
2126	212	6	90.7	70.1	64.4	65.7
2127	212	7	90.7	70.1	86.5	69.6
2129	212	9	90.7	70.1	88.2	69.8
2131	213	1	99	70.1	85.8	82
2132	213	2	99	70.1	85.8	82
2133	213	3	99	70.1	99	78.8
2134	213	4	99	70.1	79.9	73.9
2135	213	5	99	70.1	79.9	73.9
2136	213	6	99	70.1	64.4	65.7
2137	213	7	99	70.1	99	69.6
2139	213	9	99	70.1	99	69.8
2141	214	1	99	89	85.8	82
2142	214	2	99	89	99	82
2143	214	3	99	89	88.7	78.8
2144	214	4	99	89	79.9	73.9
2145	214	5	99	89	79.9	73.9
2146	214	6	99	89	64.4	65.7
2147	214	7	99	89	98.1	94.1
2149	214	9	99	89	98.6	94.1
2151	215	1	72.9	72.4	85.8	82
2152	215	2	72.9	72.4	85.8	82
2153	215	3	72.9	72.4	88.7	78.8
2154	215	4	72.9	72.4	79.2	73.9
2155	215	5	72.9	72.4	79.9	73.9
2156	215	6	72.9	72.4	64.4	65.7
2157	215	7	72.9	72.4	71.8	71.8
2159	215	9	72.9	72.4	71.8	71.8
2161	216	1	74.2	70.1	85.8	82
2162	216	2	74.2	70.1	85.8	82
2163	216	3	74.2	70.1	88.7	78.8
2164	216	4	74.2	70.1	86.4	73.9
2165	216	5	74.2	70.1	79.9	73.9
2166	216	6	74.2	70.1	64.4	65.7
2167	216	7	74.2	70.1	59.9	69.6
2169	216	9	74.2	70.1	76	69.8
2171	217	1	85	80.6	85.8	82
2172	217	2	85	80.6	76.2	78.3
2173	217	3	85	80.6	89.9	87
2174	217	4	85	80.6	79.9	73.9
2175	217	5	85	80.6	79.9	73.9
2176	217	6	85	80.6	64.4	65.7
2177	217	7	85	80.6	85.3	80.9
2179	217	9	85	80.6	83.6	80.8
2181	218	1	68.2	71.5	85.8	82
2182	218	2	68.2	71.5	85.8	82
2183	218	3	68.2	71.5	77.4	78.8
2184	218	4	68.2	71.5	79.9	73.9
2185	218	5	68.2	71.5	79.9	73.9
2186	218	6	68.2	71.5	64.4	65.7
2187	218	7	68.2	71.5	66.8	71.4
2189	218	9	68.2	71.5	67.3	71.4
2191	219	1	64.6	66.8	85.8	82
2192	219	2	64.6	66.8	85.8	82
2193	219	3	64.6	66.8	88.7	78.8
2194	219	4	64.6	66.8	79.9	73.9
2195	219	5	64.6	66.8	79.9	73.9
2196	219	6	64.6	66.8	64.4	65.7
2197	219	7	64.6	66.8	64	66.6
2199	219	9	64.6	66.8	64	66.6
2201	220	1	67.7	73.8	85.8	82
2202	220	2	67.7	73.8	85.8	82
2203	220	3	67.7	73.8	88.7	78.8
2204	220	4	67.7	73.8	79.2	73.9
2205	220	5	67.7	73.8	79.9	73.9
2206	220	6	67.7	73.8	67.8	65.7
2207	220	7	67.7	73.8	66.5	72.3
2209	220	9	67.7	73.8	67	72.3
2211	221	1	54	37.2	53.9	58.3
2212	221	2	54	37.2	53.9	58.3
2213	221	3	54	37.2	53.9	55.7
2214	221	4	54	37.2	53.9	53.8
2215	221	5	54	37.2	53.9	53.8
2216	221	6	54	37.2	53.9	43.6
2217	221	7	54	37.2	53.9	36.5
2219	221	9	54	37.2	53.9	37.3
2221	222	1	54	37.2	53.9	58.3
2222	222	2	54	37.2	53.9	58.3
2223	222	3	54	37.2	53.9	55.7
2224	222	4	54	37.2	53.9	53.8
2225	222	5	54	37.2	53.9	53.8
2226	222	6	54	37.2	53.9	43.6
2227	222	7	54	37.2	53.9	36.5
2229	222	9	54	37.2	53.9	37.3
