ISCO88	STDEMPST	MCAMSIS	FCAMSIS	ISEI	TREI
0	0	45.25	-999	-999	-999
0	1	45.25	-999	-999	-999
0	6	45.25	-999	-999	-999
1	0	64.58	54.84	-999	-999
1	1	56.27	48.61	-999	-999
1	6	72.12	64.33	-999	-999
2	0	86.55	74.49	-999	-999
2	1	94.3	99	-999	-999
2	6	83.69	73.17	-999	-999
3	0	62.04	60.77	-999	-999
3	1	77.35	78.89	-999	-999
3	6	60.69	59.13	-999	-999
4	0	51.28	56.53	-999	-999
4	1	54.19	76.53	-999	-999
4	6	51.25	55.09	-999	-999
5	0	52.44	46.09	-999	-999
5	1	64.9	65.98	-999	-999
5	6	49.41	44.01	-999	-999
6	0	45.09	37.67	-999	-999
6	1	45.35	37.61	-999	-999
6	6	39.07	43.81	-999	-999
7	0	43.54	39.38	-999	-999
7	1	72.9	58.19	-999	-999
7	6	41.05	38.56	-999	-999
8	0	41.3	36.51	-999	-999
8	1	64.86	53.87	-999	-999
8	6	39.44	35.87	-999	-999
9	0	37.16	38.01	-999	-999
9	1	45.26	49.31	-999	-999
9	6	37.03	37.88	-999	-999
10	0	64.58	54.84	-999	-999
10	1	56.27	48.61	-999	-999
10	6	72.12	64.33	-999	-999
11	0	85.02	93.82	-999	-999
11	1	85.02	93.82	-999	-999
11	6	85.02	93.82	-999	-999
12	0	64.58	54.84	-999	-999
12	1	56.27	48.61	-999	-999
12	6	72.12	64.33	-999	-999
13	0	64.36	54.68	-999	-999
13	1	56.27	48.61	-999	-999
13	6	71.85	64.01	-999	-999
20	0	86.55	74.49	-999	-999
20	1	94.3	99	-999	-999
20	6	83.69	73.17	-999	-999
21	0	95.13	99	-999	-999
21	1	98.95	99	-999	-999
21	6	91.43	99	-999	-999
22	0	83.5	62.74	-999	-999
22	1	91.79	99	-999	-999
22	6	74.37	59.04	-999	-999
23	0	86.15	78.08	-999	-999
23	1	90.11	79.4	-999	-999
23	6	86.11	78.08	-999	-999
24	0	87.64	79.69	-999	-999
24	1	95.65	99	-999	-999
24	6	81.5	76.33	-999	-999
30	0	62.04	60.77	-999	-999
30	1	77.35	78.89	-999	-999
30	6	60.69	59.13	-999	-999
31	0	66.54	66.54	-999	-999
31	1	82.93	64.59	-999	-999
31	6	64.48	66.63	-999	-999
32	0	55.76	53.92	-999	-999
32	1	57.16	81.38	-999	-999
32	6	55.7	52.18	-999	-999
33	0	62.04	60.77	-999	-999
33	1	77.35	78.89	-999	-999
33	6	60.69	59.13	-999	-999
34	0	59.88	62.64	-999	-999
34	1	72.91	78.87	-999	-999
34	6	58.97	60.95	-999	-999
40	0	51.28	56.53	-999	-999
40	1	54.19	76.53	-999	-999
40	6	51.25	55.09	-999	-999
41	0	50.56	56.89	-999	-999
41	1	53.89	77.06	-999	-999
41	6	50.52	55.3	-999	-999
42	0	58.01	53.65	-999	-999
42	1	58.49	57.26	-999	-999
42	6	58.01	53.59	-999	-999
50	0	52.44	46.09	-999	-999
50	1	64.9	65.98	-999	-999
50	6	49.41	44.01	-999	-999
51	0	48.78	42.59	-999	-999
51	1	48.24	53.31	-999	-999
51	6	48.82	41.54	-999	-999
52	0	56.11	48.06	-999	-999
52	1	68.41	72.53	-999	-999
52	6	50.23	45.41	-999	-999
60	0	45.09	37.67	-999	-999
60	1	45.35	37.61	-999	-999
60	6	39.07	43.81	-999	-999
61	0	45.1	37.67	-999	-999
61	1	45.35	37.61	-999	-999
61	6	39.07	43.81	-999	-999
62	0	39.07	37.67	-999	-999
62	1	39.07	37.61	-999	-999
62	6	39.07	43.81	-999	-999
70	0	43.54	39.38	-999	-999
70	1	72.9	58.19	-999	-999
70	6	41.05	38.56	-999	-999
71	0	40.11	43.22	-999	-999
71	1	74.57	58.6	-999	-999
71	6	37.75	41.71	-999	-999
72	0	44.53	35.07	-999	-999
72	1	75.23	58.6	-999	-999
72	6	42.76	34.93	-999	-999
73	0	54.22	44.84	-999	-999
73	1	71.78	58.6	-999	-999
73	6	50.58	44.35	-999	-999
74	0	44.41	40.19	-999	-999
74	1	69.69	58.01	-999	-999
74	6	40.34	38.98	-999	-999
75	0	43.54	39.38	-999	-999
75	1	72.9	58.19	-999	-999
75	6	41.05	38.56	-999	-999
80	0	41.3	36.51	-999	-999
80	1	64.86	53.87	-999	-999
80	6	39.44	35.87	-999	-999
81	0	38.21	37.26	-999	-999
81	1	69.28	58.6	-999	-999
81	6	37.31	36.81	-999	-999
82	0	41.83	36.2	-999	-999
82	1	68.67	57.76	-999	-999
82	6	38.37	35.56	-999	-999
83	0	42	40.62	-999	-999
83	1	58.41	40.62	-999	-999
83	6	40.99	40.62	-999	-999
84	0	41.3	36.51	-999	-999
84	1	64.86	53.87	-999	-999
84	6	39.44	35.87	-999	-999
90	0	37.16	38.01	-999	-999
90	1	45.26	49.31	-999	-999
90	6	37.03	37.88	-999	-999
91	0	42.67	37.49	-999	-999
91	1	49.04	52.67	-999	-999
91	6	42.41	37.35	-999	-999
92	0	37.71	38.28	-999	-999
92	1	37.71	38.28	-999	-999
92	6	37.71	38.28	-999	-999
93	0	35.23	39.59	-999	-999
93	1	49.04	58.6	-999	-999
93	6	35.19	39.44	-999	-999
100	0	64.58	54.84	-999	-999
100	1	56.27	48.61	-999	-999
100	6	72.12	64.33	-999	-999
110	0	85.02	93.82	-999	-999
110	1	56.27	48.61	-999	-999
110	6	85.02	93.82	-999	-999
111	0	85.02	93.82	-999	-999
111	1	85.02	93.82	-999	-999
111	6	85.02	93.82	-999	-999
112	0	85.02	93.82	-999	-999
112	1	56.27	48.61	-999	-999
112	6	85.02	93.82	-999	-999
113	0	85.02	93.82	-999	-999
113	1	56.27	48.61	-999	-999
113	6	85.02	93.82	-999	-999
114	0	85.02	93.82	-999	-999
114	1	56.27	48.61	-999	-999
114	6	85.02	93.82	-999	-999
120	0	64.58	54.84	-999	-999
120	1	56.27	48.61	-999	-999
120	6	72.12	64.33	-999	-999
121	0	64.58	54.84	-999	-999
121	1	56.27	48.61	-999	-999
121	6	72.12	64.33	-999	-999
122	0	64.58	54.84	-999	-999
122	1	56.27	48.61	-999	-999
122	6	72.12	64.33	-999	-999
123	0	64.58	54.84	-999	-999
123	1	56.27	48.61	-999	-999
123	6	72.12	64.33	-999	-999
124	0	64.58	54.84	-999	-999
124	1	56.27	48.61	-999	-999
124	6	72.12	64.33	-999	-999
125	0	64.58	54.84	-999	-999
125	1	56.27	48.61	-999	-999
125	6	72.12	64.33	-999	-999
130	0	64.36	54.68	-999	-999
130	1	56.27	48.61	-999	-999
130	6	71.85	64.01	-999	-999
131	0	64.36	54.68	-999	-999
131	1	56.27	48.61	-999	-999
131	6	71.85	64.01	-999	-999
200	0	86.55	74.49	-999	-999
200	1	94.3	99	-999	-999
200	6	83.69	73.17	-999	-999
210	0	88.55	99	-999	-999
210	1	88.55	99	-999	-999
210	6	88.55	99	-999	-999
211	0	88.55	99	-999	-999
211	1	88.55	99	-999	-999
211	6	88.55	99	-999	-999
212	0	88.55	99	-999	-999
212	1	88.55	99	-999	-999
212	6	88.55	99	-999	-999
213	0	95.13	99	-999	-999
213	1	98.95	99	-999	-999
213	6	91.43	99	-999	-999
214	0	99	99	-999	-999
214	1	99	99	-999	-999
214	6	99	99	-999	-999
220	0	83.5	62.74	-999	-999
220	1	91.79	99	-999	-999
220	6	74.37	59.04	-999	-999
221	0	95.65	99	-999	-999
221	1	95.65	99	-999	-999
221	6	95.65	99	-999	-999
222	0	93.06	99	-999	-999
222	1	91.79	99	-999	-999
222	6	95.65	99	-999	-999
223	0	42.94	53.34	-999	-999
223	1	42.94	53.34	-999	-999
223	6	42.94	53.34	-999	-999
230	0	86.15	78.08	-999	-999
230	1	90.11	79.4	-999	-999
230	6	86.11	78.08	-999	-999
231	0	99	99	-999	-999
231	1	99	99	-999	-999
231	6	99	99	-999	-999
232	0	93.23	95.55	-999	-999
232	1	93.23	95.55	-999	-999
232	6	93.23	95.55	-999	-999
233	0	77.7	80.97	-999	-999
233	1	77.7	80.97	-999	-999
233	6	77.7	80.97	-999	-999
234	0	86.15	78.08	-999	-999
234	1	90.11	79.4	-999	-999
234	6	86.11	78.08	-999	-999
235	0	77.7	57.74	-999	-999
235	1	77.7	57.74	-999	-999
235	6	77.7	57.74	-999	-999
240	0	87.64	79.69	-999	-999
240	1	95.65	99	-999	-999
240	6	81.5	76.33	-999	-999
241	0	87.64	79.69	-999	-999
241	1	95.65	99	-999	-999
241	6	81.5	76.33	-999	-999
242	0	95.5	93.82	-999	-999
242	1	99	93.82	-999	-999
242	6	80.53	93.82	-999	-999
243	0	75.89	70.45	-999	-999
243	1	75.89	70.45	-999	-999
243	6	75.89	70.45	-999	-999
244	0	75.89	70.45	-999	-999
244	1	75.89	70.45	-999	-999
244	6	75.89	70.45	-999	-999
245	0	82.29	90.52	-999	-999
245	1	74.86	99	-999	-999
245	6	89.4	83.03	-999	-999
246	0	75.89	70.45	-999	-999
246	1	75.89	70.45	-999	-999
246	6	75.89	70.45	-999	-999
300	0	62.04	60.77	-999	-999
300	1	77.35	78.89	-999	-999
300	6	60.69	59.13	-999	-999
310	0	65.47	79.16	-999	-999
310	1	88.55	79.16	-999	-999
310	6	63.58	79.16	-999	-999
311	0	65.42	62.96	-999	-999
311	1	85.63	61.59	-999	-999
311	6	62.69	63.03	-999	-999
312	0	71.61	70.38	-999	-999
312	1	72.59	70.38	-999	-999
312	6	71.53	70.38	-999	-999
313	0	67.92	73.58	-999	-999
313	1	72.59	73.58	-999	-999
313	6	66.3	73.58	-999	-999
314	0	64.98	73.58	-999	-999
314	1	64.98	73.58	-999	-999
314	6	64.98	73.58	-999	-999
315	0	64.52	66.54	-999	-999
315	1	64.52	64.59	-999	-999
315	6	64.52	66.63	-999	-999
320	0	55.76	53.92	-999	-999
320	1	57.16	81.38	-999	-999
320	6	55.7	52.18	-999	-999
321	0	57.58	54.44	-999	-999
321	1	57.58	79.7	-999	-999
321	6	57.58	48.13	-999	-999
322	0	54.32	53.91	-999	-999
322	1	56.97	81.49	-999	-999
322	6	54.15	52.24	-999	-999
323	0	55.76	53.92	-999	-999
323	1	57.16	81.38	-999	-999
323	6	55.7	52.18	-999	-999
324	0	55.76	53.92	-999	-999
324	1	57.16	81.38	-999	-999
324	6	55.7	52.18	-999	-999
330	0	62.04	60.77	-999	-999
330	1	77.35	78.89	-999	-999
330	6	60.69	59.13	-999	-999
331	0	62.04	60.77	-999	-999
331	1	77.35	78.89	-999	-999
331	6	60.69	59.13	-999	-999
332	0	62.04	60.77	-999	-999
332	1	77.35	78.89	-999	-999
332	6	60.69	59.13	-999	-999
333	0	62.04	60.77	-999	-999
333	1	77.35	78.89	-999	-999
333	6	60.69	59.13	-999	-999
334	0	62.04	60.77	-999	-999
334	1	77.35	78.89	-999	-999
334	6	60.69	59.13	-999	-999
340	0	58.55	62.64	-999	-999
340	1	58.55	78.87	-999	-999
340	6	58.55	60.95	-999	-999
341	0	57.97	62.31	-999	-999
341	1	81.02	54.4	-999	-999
341	6	56.33	62.62	-999	-999
342	0	57.93	65.16	-999	-999
342	1	73.26	73.26	-999	-999
342	6	54.77	63.21	-999	-999
343	0	57.18	59.97	-999	-999
343	1	57.18	96.53	-999	-999
343	6	57.18	57.05	-999	-999
344	0	64.52	66.49	-999	-999
344	1	64.52	66.49	-999	-999
344	6	64.52	66.49	-999	-999
345	0	59.88	62.64	-999	-999
345	1	72.91	78.87	-999	-999
345	6	58.97	60.95	-999	-999
346	0	59.88	62.64	-999	-999
346	1	72.91	78.87	-999	-999
346	6	58.97	60.95	-999	-999
347	0	63.93	68.07	-999	-999
347	1	63.93	68.07	-999	-999
347	6	63.93	68.07	-999	-999
348	0	75.89	70.45	-999	-999
348	1	75.89	70.45	-999	-999
348	6	75.89	70.45	-999	-999
400	0	51.28	56.53	-999	-999
400	1	54.19	76.53	-999	-999
400	6	51.25	55.09	-999	-999
410	0	50.56	56.89	-999	-999
410	1	53.89	77.06	-999	-999
410	6	50.52	55.3	-999	-999
411	0	61.41	61.84	-999	-999
411	1	61.41	75.45	-999	-999
411	6	61.41	61.04	-999	-999
412	0	50.56	56.89	-999	-999
412	1	53.89	77.06	-999	-999
412	6	50.52	55.3	-999	-999
413	0	48.48	50.64	-999	-999
413	1	55.78	77.6	-999	-999
413	6	48.42	50.18	-999	-999
414	0	50.56	56.89	-999	-999
414	1	53.89	77.06	-999	-999
414	6	50.52	55.3	-999	-999
419	0	52.84	54.95	-999	-999
419	1	52.84	77.6	-999	-999
419	6	52.84	52.67	-999	-999
420	0	58.01	53.65	-999	-999
420	1	58.49	57.26	-999	-999
420	6	58.01	53.59	-999	-999
421	0	58.06	53.53	-999	-999
421	1	58.49	57.26	-999	-999
421	6	58.06	53.46	-999	-999
422	0	57.64	54.19	-999	-999
422	1	57.64	54.19	-999	-999
422	6	57.64	54.19	-999	-999
500	0	52.44	46.09	-999	-999
500	1	64.9	65.98	-999	-999
500	6	49.41	44.01	-999	-999
510	0	42.8	49.14	-999	-999
510	1	42.8	66.91	-999	-999
510	6	42.8	44.7	-999	-999
511	0	45.7	50.76	-999	-999
511	1	45.7	66.91	-999	-999
511	6	45.7	44.7	-999	-999
512	0	43.67	40.06	-999	-999
512	1	43.4	40.74	-999	-999
512	6	43.69	40.01	-999	-999
513	0	48.78	42.59	-999	-999
513	1	48.24	53.31	-999	-999
513	6	48.82	41.54	-999	-999
514	0	50.73	47.81	-999	-999
514	1	53.32	66.91	-999	-999
514	6	48.78	44.7	-999	-999
515	0	48.78	42.59	-999	-999
515	1	48.24	53.31	-999	-999
515	6	48.82	41.54	-999	-999
516	0	54.72	66.49	-999	-999
516	1	54.72	66.49	-999	-999
516	6	54.72	66.49	-999	-999
520	0	56.11	48.06	-999	-999
520	1	68.41	72.53	-999	-999
520	6	50.23	45.41	-999	-999
521	0	56.11	48.06	-999	-999
521	1	68.41	72.53	-999	-999
521	6	50.23	45.41	-999	-999
522	0	57.2	47.95	-999	-999
522	1	68.41	72.53	-999	-999
522	6	51.58	45.41	-999	-999
523	0	45.3	59.41	-999	-999
523	1	68.41	72.53	-999	-999
523	6	38.74	45.41	-999	-999
600	0	45.09	37.67	-999	-999
600	1	45.35	37.61	-999	-999
600	6	39.07	43.81	-999	-999
610	0	45.1	37.67	-999	-999
610	1	45.35	37.61	-999	-999
610	6	39.07	43.81	-999	-999
611	0	45.1	37.67	-999	-999
611	1	45.35	37.61	-999	-999
611	6	39.07	43.81	-999	-999
612	0	45.1	37.67	-999	-999
612	1	45.35	37.61	-999	-999
612	6	39.07	43.81	-999	-999
613	0	45.29	37.64	-999	-999
613	1	45.35	37.61	-999	-999
613	6	39.07	43.81	-999	-999
614	0	39.26	43.81	-999	-999
614	1	45.35	43.81	-999	-999
614	6	39.07	43.81	-999	-999
615	0	39.07	37.67	-999	-999
615	1	39.07	37.61	-999	-999
615	6	39.07	43.81	-999	-999
620	0	39.07	37.67	-999	-999
620	1	45.35	37.61	-999	-999
620	6	39.07	43.81	-999	-999
621	0	39.07	37.67	-999	-999
621	1	45.35	37.61	-999	-999
621	6	39.07	43.81	-999	-999
625	0	39.07	37.67	-999	-999
625	1	39.07	37.61	-999	-999
625	6	39.07	43.81	-999	-999
700	0	43.54	39.38	-999	-999
700	1	72.9	58.19	-999	-999
700	6	41.05	38.56	-999	-999
710	0	40.11	43.22	-999	-999
710	1	74.57	58.6	-999	-999
710	6	37.75	41.71	-999	-999
711	0	41.12	43.22	-999	-999
711	1	70.7	58.6	-999	-999
711	6	37.42	41.71	-999	-999
712	0	37.58	41.71	-999	-999
712	1	73.06	41.71	-999	-999
712	6	36.79	41.71	-999	-999
713	0	41.77	43.66	-999	-999
713	1	75.04	58.6	-999	-999
713	6	38.82	41.71	-999	-999
714	0	43.07	43.52	-999	-999
714	1	74.51	58.6	-999	-999
714	6	37.48	41.71	-999	-999
720	0	44.53	35.07	-999	-999
720	1	75.23	58.6	-999	-999
720	6	42.76	34.93	-999	-999
721	0	42.84	37.63	-999	-999
721	1	74.13	37.63	-999	-999
721	6	42.33	37.63	-999	-999
722	0	42.72	39.62	-999	-999
722	1	74.13	58.6	-999	-999
722	6	41.41	38.43	-999	-999
723	0	45.13	39.55	-999	-999
723	1	78.94	58.6	-999	-999
723	6	42.13	38.43	-999	-999
724	0	46.49	34.12	-999	-999
724	1	70.86	34.12	-999	-999
724	6	45.19	34.12	-999	-999
730	0	54.22	44.84	-999	-999
730	1	71.78	58.6	-999	-999
730	6	50.58	44.35	-999	-999
731	0	59.05	45.84	-999	-999
731	1	71.36	58.6	-999	-999
731	6	53.87	45.45	-999	-999
732	0	49.81	37.71	-999	-999
732	1	74.68	58.6	-999	-999
732	6	48.68	36.66	-999	-999
733	0	54.22	44.84	-999	-999
733	1	71.78	58.6	-999	-999
733	6	50.58	44.35	-999	-999
734	0	49.18	46.29	-999	-999
734	1	74.68	58.6	-999	-999
734	6	47.99	45.83	-999	-999
740	0	44.41	40.19	-999	-999
740	1	69.69	58.01	-999	-999
740	6	40.34	38.98	-999	-999
741	0	42.15	40.15	-999	-999
741	1	57.38	40.15	-999	-999
741	6	37.65	40.15	-999	-999
742	0	44.15	39.93	-999	-999
742	1	73.91	58.6	-999	-999
742	6	40.12	36.89	-999	-999
743	0	49.22	42.41	-999	-999
743	1	64.96	57.42	-999	-999
743	6	45.48	41.39	-999	-999
744	0	51.33	35.63	-999	-999
744	1	64.96	35.63	-999	-999
744	6	47.56	35.63	-999	-999
750	0	43.54	39.38	-999	-999
750	1	72.9	58.19	-999	-999
750	6	41.05	38.56	-999	-999
751	0	43.54	39.38	-999	-999
751	1	72.9	58.19	-999	-999
751	6	41.05	38.56	-999	-999
752	0	43.54	39.38	-999	-999
752	1	72.9	58.19	-999	-999
752	6	41.05	38.56	-999	-999
753	0	43.54	39.38	-999	-999
753	1	72.9	58.19	-999	-999
753	6	41.05	38.56	-999	-999
800	0	41.3	36.51	-999	-999
800	1	64.86	53.87	-999	-999
800	6	39.44	35.87	-999	-999
810	0	38.21	37.26	-999	-999
810	1	69.28	58.6	-999	-999
810	6	37.31	36.81	-999	-999
811	0	36.44	36.16	-999	-999
811	1	69.28	36.16	-999	-999
811	6	35.53	36.16	-999	-999
812	0	34.81	36.16	-999	-999
812	1	69.28	36.16	-999	-999
812	6	34.12	36.16	-999	-999
813	0	44.51	42.42	-999	-999
813	1	69.28	58.6	-999	-999
813	6	40.53	41.5	-999	-999
814	0	39.03	36.16	-999	-999
814	1	39.03	36.16	-999	-999
814	6	39.03	36.16	-999	-999
815	0	38.68	32.79	-999	-999
815	1	38.68	32.79	-999	-999
815	6	38.68	32.79	-999	-999
816	0	37.95	36.16	-999	-999
816	1	69.28	36.16	-999	-999
816	6	37.42	36.16	-999	-999
817	0	38.21	37.26	-999	-999
817	1	69.28	58.6	-999	-999
817	6	37.31	36.81	-999	-999
820	0	41.83	36.2	-999	-999
820	1	68.67	57.76	-999	-999
820	6	38.37	35.56	-999	-999
821	0	38.21	37.65	-999	-999
821	1	69.28	37.65	-999	-999
821	6	37.87	37.65	-999	-999
822	0	33.73	31.68	-999	-999
822	1	33.73	31.68	-999	-999
822	6	33.73	31.68	-999	-999
823	0	33.65	31.68	-999	-999
823	1	69.28	31.68	-999	-999
823	6	32.52	31.68	-999	-999
824	0	33.1	33.92	-999	-999
824	1	33.1	58.6	-999	-999
824	6	33.1	31.68	-999	-999
825	0	41.62	38.13	-999	-999
825	1	69.28	38.13	-999	-999
825	6	37.81	38.13	-999	-999
826	0	37.91	35.82	-999	-999
826	1	69.28	57.42	-999	-999
826	6	33.89	35.06	-999	-999
827	0	47.49	39.67	-999	-999
827	1	68.29	58.6	-999	-999
827	6	39.97	38.78	-999	-999
828	0	46.02	35.96	-999	-999
828	1	70.86	58.6	-999	-999
828	6	45.24	35.61	-999	-999
829	0	37.04	35.61	-999	-999
829	1	37.04	35.61	-999	-999
829	6	37.04	35.61	-999	-999
830	0	42	40.62	-999	-999
830	1	58.41	40.62	-999	-999
830	6	40.99	40.62	-999	-999
831	0	52.29	40.62	-999	-999
831	1	52.29	40.62	-999	-999
831	6	52.29	40.62	-999	-999
832	0	52.29	40.62	-999	-999
832	1	52.29	40.62	-999	-999
832	6	52.29	40.62	-999	-999
833	0	41.59	40.62	-999	-999
833	1	58.41	40.62	-999	-999
833	6	40.51	40.62	-999	-999
834	0	40.51	40.62	-999	-999
834	1	40.51	40.62	-999	-999
834	6	40.51	40.62	-999	-999
840	0	41.3	36.51	-999	-999
840	1	64.86	53.87	-999	-999
840	6	39.44	35.87	-999	-999
900	0	37.16	38.01	-999	-999
900	1	45.26	49.31	-999	-999
900	6	37.03	37.88	-999	-999
910	0	42.67	37.49	-999	-999
910	1	49.04	52.67	-999	-999
910	6	42.41	37.35	-999	-999
911	0	42.67	37.49	-999	-999
911	1	49.04	52.67	-999	-999
911	6	42.41	37.35	-999	-999
912	0	42.67	37.49	-999	-999
912	1	49.04	52.67	-999	-999
912	6	42.41	37.35	-999	-999
913	0	38.94	36.28	-999	-999
913	1	49.04	52.67	-999	-999
913	6	38.57	35.95	-999	-999
914	0	44.72	37.74	-999	-999
914	1	49.04	52.67	-999	-999
914	6	44.54	37.65	-999	-999
915	0	42.23	50.46	-999	-999
915	1	49.04	50.46	-999	-999
915	6	41.97	50.46	-999	-999
916	0	42.67	37.49	-999	-999
916	1	49.04	52.67	-999	-999
916	6	42.41	37.35	-999	-999
920	0	37.71	38.28	-999	-999
920	1	37.71	38.28	-999	-999
920	6	37.71	38.28	-999	-999
921	0	37.71	38.28	-999	-999
921	1	37.71	38.28	-999	-999
921	6	37.71	38.28	-999	-999
930	0	31.72	38.43	-999	-999
930	1	31.72	38.43	-999	-999
930	6	31.72	38.43	-999	-999
931	0	31.12	38.43	-999	-999
931	1	31.12	38.43	-999	-999
931	6	31.12	38.43	-999	-999
932	0	37.36	39.65	-999	-999
932	1	49.04	58.6	-999	-999
932	6	37.33	39.58	-999	-999
933	0	40.81	41.99	-999	-999
933	1	49.04	58.6	-999	-999
933	6	40.7	38.43	-999	-999
1000	0	64.58	54.84	55	51
1000	1	56.27	48.61	55	51
1000	6	72.12	64.33	55	51
1100	0	85.02	93.82	70	67
1100	1	56.27	48.61	70	67
1100	6	85.02	93.82	70	67
1110	0	85.02	93.82	77	64
1110	1	85.02	93.82	77	64
1110	6	85.02	93.82	77	64
1120	0	85.02	93.82	77	71
1120	1	56.27	48.61	77	71
1120	6	85.02	93.82	77	71
1130	0	85.02	93.82	66	63
1130	1	56.27	48.61	66	63
1130	6	85.02	93.82	66	63
1140	0	85.02	93.82	58	63
1140	1	56.27	48.61	58	63
1140	6	85.02	93.82	58	63
1141	0	85.02	93.82	58	63
1141	1	56.27	48.61	58	63
1141	6	85.02	93.82	58	63
1142	0	85.02	93.82	58	63
1142	1	56.27	48.61	58	63
1142	6	85.02	93.82	58	63
1143	0	85.02	93.82	58	63
1143	1	56.27	48.61	58	63
1143	6	85.02	93.82	58	63
1200	0	64.58	54.84	68	60
1200	1	56.27	48.61	68	60
1200	6	72.12	64.33	68	60
1210	0	64.58	54.84	70	70
1210	1	56.27	48.61	70	70
1210	6	72.12	64.33	70	70
1220	0	64.58	54.84	67	63
1220	1	56.27	48.61	67	63
1220	6	72.12	64.33	67	63
1221	0	64.58	54.84	67	60
1221	1	56.27	48.61	67	60
1221	6	72.12	64.33	67	60
1222	0	64.58	54.84	67	60
1222	1	56.27	48.61	67	60
1222	6	72.12	64.33	67	60
1223	0	64.58	54.84	67	60
1223	1	56.27	48.61	67	60
1223	6	72.12	64.33	67	60
1224	0	64.58	54.84	59	60
1224	1	56.27	48.61	59	60
1224	6	72.12	64.33	59	60
1225	0	64.58	54.84	59	60
1225	1	56.27	48.61	59	60
1225	6	72.12	64.33	59	60
1226	0	64.58	54.84	59	60
1226	1	56.27	48.61	59	60
1226	6	72.12	64.33	59	60
1227	0	64.58	54.84	87	60
1227	1	56.27	48.61	87	60
1227	6	72.12	64.33	87	60
1228	0	64.58	54.84	59	60
1228	1	56.27	48.61	59	60
1228	6	72.12	64.33	59	60
1229	0	64.58	54.84	67	60
1229	1	56.27	48.61	67	60
1229	6	72.12	64.33	67	60
1230	0	64.58	54.84	61	60
1230	1	56.27	48.61	61	60
1230	6	72.12	64.33	61	60
1231	0	64.58	54.84	69	60
1231	1	56.27	48.61	69	60
1231	6	72.12	64.33	69	60
1232	0	64.58	54.84	69	60
1232	1	56.27	48.61	69	60
1232	6	72.12	64.33	69	60
1233	0	64.58	54.84	56	60
1233	1	56.27	48.61	56	60
1233	6	72.12	64.33	56	60
1234	0	64.58	54.84	69	60
1234	1	56.27	48.61	69	60
1234	6	72.12	64.33	69	60
1235	0	64.58	54.84	69	60
1235	1	56.27	48.61	69	60
1235	6	72.12	64.33	69	60
1236	0	64.58	54.84	69	60
1236	1	56.27	48.61	69	60
1236	6	72.12	64.33	69	60
1237	0	64.58	54.84	69	60
1237	1	56.27	48.61	69	60
1237	6	72.12	64.33	69	60
1239	0	64.58	54.84	69	60
1239	1	56.27	48.61	69	60
1239	6	72.12	64.33	69	60
1240	0	64.58	54.84	58	55
1240	1	56.27	48.61	58	55
1240	6	72.12	64.33	58	55
1250	0	64.58	54.84	64	65
1250	1	56.27	48.61	64	65
1250	6	72.12	64.33	64	65
1251	0	64.58	54.84	70	73
1251	1	56.27	48.61	70	73
1251	6	72.12	64.33	70	73
1252	0	64.58	54.84	60	63
1252	1	56.27	48.61	60	63
1252	6	72.12	64.33	60	63
1300	0	64.36	54.68	51	50
1300	1	56.27	48.61	51	50
1300	6	71.85	64.01	51	50
1310	0	76.32	72.3	51	50
1310	1	81.71	67.21	51	50
1310	6	74.11	74.68	51	50
1311	0	64.36	54.68	43	47
1311	1	56.27	48.61	43	47
1311	6	71.85	64.01	43	47
1312	0	64.36	54.68	56	52
1312	1	56.27	48.61	56	52
1312	6	71.85	64.01	56	52
1313	0	64.36	54.68	51	52
1313	1	56.27	48.61	51	52
1313	6	71.85	64.01	51	52
1314	0	64.36	54.68	49	46
1314	1	56.27	48.61	49	46
1314	6	71.85	64.01	49	46
1315	0	41.8	49.95	44	38
1315	1	39.59	46.3	44	38
1315	6	53.22	57.85	44	38
1316	0	64.36	54.68	51	52
1316	1	56.27	48.61	51	52
1316	6	71.85	64.01	51	52
1317	0	64.36	54.68	51	52
1317	1	56.27	48.61	51	52
1317	6	71.85	64.01	51	52
1318	0	64.36	54.68	51	52
1318	1	56.27	48.61	51	52
1318	6	71.85	64.01	51	52
1319	0	77.91	54.68	51	52
1319	1	81.71	48.61	51	52
1319	6	74.11	64.01	51	52
2000	0	86.55	74.49	70	62
2000	1	94.3	99	70	62
2000	6	83.69	73.17	70	62
2100	0	88.55	99	69	63
2100	1	88.55	99	69	63
2100	6	88.55	99	69	63
2110	0	88.55	99	74	69
2110	1	88.55	99	74	69
2110	6	88.55	99	74	69
2111	0	88.55	99	74	75
2111	1	88.55	99	74	75
2111	6	88.55	99	74	75
2112	0	88.55	99	74	72
2112	1	88.55	99	74	72
2112	6	88.55	99	74	72
2113	0	88.55	99	74	69
2113	1	88.55	99	74	69
2113	6	88.55	99	74	69
2114	0	88.55	99	74	67
2114	1	88.55	99	74	67
2114	6	88.55	99	74	67
2120	0	88.55	99	71	56
2120	1	88.55	99	71	56
2120	6	88.55	99	71	56
2121	0	88.55	99	71	69
2121	1	98.95	99	71	69
2121	6	88.55	99	71	69
2122	0	88.55	99	71	55
2122	1	98.95	99	71	55
2122	6	88.55	99	71	55
2130	0	95.13	99	71	51
2130	1	98.95	99	71	51
2130	6	91.43	99	71	51
2131	0	95.13	99	71	51
2131	1	98.95	99	71	51
2131	6	91.43	99	71	51
2132	0	95.13	99	71	51
2132	1	98.95	99	71	51
2132	6	91.43	99	71	51
2139	0	95.13	99	71	51
2139	1	98.95	99	71	51
2139	6	91.43	99	71	51
2140	0	99	99	73	63
2140	1	99	99	73	63
2140	6	99	99	73	63
2141	0	99	99	69	72
2141	1	99	99	69	72
2141	6	99	99	69	72
2142	0	99	99	69	70
2142	1	99	99	69	70
2142	6	99	99	69	70
2143	0	99	99	68	65
2143	1	99	99	68	65
2143	6	99	99	68	65
2144	0	99	99	68	65
2144	1	99	99	68	65
2144	6	99	99	68	65
2145	0	99	99	67	66
2145	1	99	99	67	66
2145	6	99	99	67	66
2146	0	99	99	71	66
2146	1	99	99	71	66
2146	6	99	99	71	66
2147	0	99	99	67	61
2147	1	99	99	67	61
2147	6	99	99	67	61
2148	0	99	99	56	58
2148	1	99	99	56	58
2148	6	99	99	56	58
2149	0	99	99	69	56
2149	1	99	99	69	56
2149	6	99	99	69	56
2200	0	83.5	62.74	80	70
2200	1	91.79	99	80	70
2200	6	74.37	59.04	80	70
2210	0	95.65	99	78	62
2210	1	95.65	99	78	62
2210	6	95.65	99	78	62
2211	0	95.65	99	77	69
2211	1	91.79	99	77	69
2211	6	95.65	99	77	69
2212	0	95.65	99	77	68
2212	1	91.79	99	77	68
2212	6	95.65	99	77	68
2213	0	95.65	99	79	56
2213	1	91.79	99	79	56
2213	6	95.65	99	79	56
2220	0	93.06	99	85	73
2220	1	91.79	99	85	73
2220	6	95.65	99	85	73
2221	0	98.24	99	88	78
2221	1	99	99	88	78
2221	6	95.65	97.96	88	78
2222	0	69.12	99	85	70
2222	1	64.7	99	85	70
2222	6	95.65	97.96	85	70
2223	0	76.3	99	83	61
2223	1	64.7	99	83	61
2223	6	95.65	99	83	61
2224	0	71.84	99	74	64
2224	1	64.7	99	74	64
2224	6	95.65	99	74	64
2229	0	93.06	99	85	73
2229	1	91.79	99	85	73
2229	6	95.65	99	85	73
2230	0	42.94	53.34	43	54
2230	1	42.94	53.34	43	54
2230	6	42.94	53.34	43	54
2300	0	86.15	78.08	69	61
2300	1	90.11	79.4	69	61
2300	6	86.11	78.08	69	61
2310	0	99	99	77	78
2310	1	99	99	77	78
2310	6	99	99	77	78
2320	0	99	99	69	60
2320	1	99	99	69	60
2320	6	99	99	69	60
2321	0	93.23	95.55	70	60
2321	1	90.11	79.4	70	60
2321	6	93.23	95.55	70	60
2322	0	83.09	81.74	66	57
2322	1	83.09	81.74	66	57
2322	6	83.09	81.74	66	57
2323	0	93.23	95.55	-999	-999
2323	1	90.11	79.4	-999	-999
2323	6	93.23	95.55	-999	-999
2330	0	77.7	80.97	66	57
2330	1	77.7	80.97	66	57
2330	6	77.7	80.97	66	57
2331	0	77.7	80.97	66	57
2331	1	77.7	80.97	66	57
2331	6	77.7	80.97	66	57
2332	0	77.7	80.97	43	49
2332	1	77.7	80.97	43	49
2332	6	77.7	80.97	43	49
2340	0	86.15	78.08	66	62
2340	1	90.11	79.4	66	62
2340	6	86.11	78.08	66	62
2350	0	77.7	57.74	66	62
2350	1	77.7	57.74	66	62
2350	6	77.7	57.74	66	62
2351	0	77.7	57.74	70	68
2351	1	90.11	57.74	70	68
2351	6	77.7	57.74	70	68
2352	0	77.7	57.74	70	68
2352	1	90.11	57.74	70	68
2352	6	77.7	57.74	70	68
2359	0	77.7	57.74	65	62
2359	1	90.11	57.74	65	62
2359	6	77.7	57.74	65	62
2400	0	87.64	79.69	68	60
2400	1	95.65	99	68	60
2400	6	81.5	76.33	68	60
2410	0	87.64	79.69	69	57
2410	1	95.65	99	69	57
2410	6	81.5	76.33	69	57
2411	0	87.64	79.69	69	62
2411	1	95.65	99	69	62
2411	6	81.5	76.33	69	62
2412	0	87.64	79.69	69	56
2412	1	95.65	99	69	56
2412	6	81.5	76.33	69	56
2419	0	87.64	79.69	69	57
2419	1	95.65	99	69	57
2419	6	81.5	76.33	69	57
2420	0	95.5	93.82	85	73
2420	1	99	93.82	85	73
2420	6	80.53	93.82	85	73
2421	0	95.5	93.82	85	73
2421	1	99	93.82	85	73
2421	6	80.53	93.82	85	73
2422	0	98.33	93.82	90	76
2422	1	99	93.82	90	76
2422	6	85.02	93.82	90	76
2429	0	93.83	93.82	82	71
2429	1	99	93.82	82	71
2429	6	78.51	93.82	82	71
2430	0	75.89	70.45	65	54
2430	1	75.89	70.45	65	54
2430	6	75.89	70.45	65	54
2431	0	75.89	70.45	65	54
2431	1	75.89	99	65	54
2431	6	75.89	70.45	65	54
2432	0	75.89	70.45	65	54
2432	1	75.89	99	65	54
2432	6	75.89	70.45	65	54
2440	0	75.89	70.45	65	58
2440	1	75.89	70.45	65	58
2440	6	75.89	70.45	65	58
2441	0	75.89	70.45	78	60
2441	1	75.89	70.45	78	60
2441	6	75.89	70.45	78	60
2442	0	75.89	70.45	71	67
2442	1	75.89	70.45	71	67
2442	6	75.89	70.45	71	67
2443	0	75.89	70.45	71	67
2443	1	75.89	70.45	71	67
2443	6	75.89	70.45	71	67
2444	0	75.89	70.45	65	62
2444	1	75.89	70.45	65	62
2444	6	75.89	70.45	65	62
2445	0	75.89	70.45	71	67
2445	1	75.89	70.45	71	67
2445	6	75.89	70.45	71	67
2446	0	75.89	70.45	51	52
2446	1	75.89	70.45	51	52
2446	6	75.89	70.45	51	52
2450	0	88.77	85.23	61	57
2450	1	74.86	99	61	57
2450	6	89.4	83.03	61	57
2451	0	81.26	88.66	65	58
2451	1	74.86	99	65	58
2451	6	89.4	83.03	65	58
2452	0	74.86	99	54	57
2452	1	74.86	99	54	57
2452	6	89.4	83.03	54	57
2453	0	79.71	89.36	64	45
2453	1	74.86	99	64	45
2453	6	89.4	83.03	64	45
2454	0	74.86	99	64	40
2454	1	74.86	99	64	40
2454	6	89.4	83.03	64	40
2455	0	84.11	99	64	57
2455	1	74.86	99	64	57
2455	6	89.4	83.03	64	57
2460	0	75.89	70.45	53	60
2460	1	75.89	70.45	53	60
2460	6	75.89	70.45	53	60
3000	0	62.04	60.77	54	48
3000	1	77.35	78.89	54	48
3000	6	60.69	59.13	54	48
3100	0	65.47	79.16	50	48
3100	1	88.55	79.16	50	48
3100	6	63.58	79.16	50	48
3110	0	64.64	62.96	49	47
3110	1	85.63	61.59	49	47
3110	6	64.64	63.03	49	47
3111	0	70.85	79.16	45	46
3111	1	88.55	61.59	45	46
3111	6	66.81	79.16	45	46
3112	0	71.04	79.16	45	39
3112	1	88.55	61.59	45	39
3112	6	67.15	79.16	45	39
3113	0	67.46	62.96	46	46
3113	1	88.55	61.59	46	46
3113	6	64.03	63.03	46	46
3114	0	62.84	79.16	46	46
3114	1	88.55	61.59	46	46
3114	6	61.9	79.16	46	46
3115	0	71.12	79.16	54	46
3115	1	88.55	61.59	54	46
3115	6	69.08	79.16	54	46
3116	0	55.49	50.61	54	46
3116	1	85.63	61.59	54	46
3116	6	55.49	50.61	54	46
3117	0	64.64	62.96	54	53
3117	1	85.63	61.59	54	53
3117	6	64.64	63.03	54	53
3118	0	59.36	61.59	51	55
3118	1	78.65	61.59	51	55
3118	6	56.24	61.59	51	55
3119	0	66.6	79.16	53	46
3119	1	88.55	61.59	53	46
3119	6	64.64	79.16	53	46
3120	0	71.61	70.38	52	53
3120	1	72.59	64.59	52	53
3120	6	71.53	70.38	52	53
3121	0	71.61	70.38	52	53
3121	1	72.59	64.59	52	53
3121	6	71.53	70.38	52	53
3122	0	71.61	70.38	52	53
3122	1	72.59	70.38	52	53
3122	6	71.53	70.38	52	53
3123	0	71.61	70.38	52	53
3123	1	72.59	64.59	52	53
3123	6	71.53	70.38	52	53
3130	0	67.35	73.58	52	46
3130	1	72.59	73.58	52	46
3130	6	66.3	73.58	52	46
3131	0	68.4	73.58	48	46
3131	1	72.59	73.58	48	46
3131	6	66.3	73.58	48	46
3132	0	67.92	73.58	57	49
3132	1	72.59	73.58	57	49
3132	6	66.3	73.58	57	49
3133	0	67.92	73.58	57	58
3133	1	72.59	73.58	57	58
3133	6	66.3	73.58	57	58
3139	0	66.3	73.58	52	44
3139	1	72.59	73.58	52	44
3139	6	66.3	73.58	52	44
3140	0	64.98	73.58	57	57
3140	1	64.98	64.59	57	57
3140	6	64.98	73.58	57	57
3141	0	64.98	73.58	52	60
3141	1	64.98	64.59	52	60
3141	6	64.98	73.58	52	60
3142	0	64.98	73.58	52	55
3142	1	64.98	64.59	52	55
3142	6	64.98	73.58	52	55
3143	0	64.98	73.58	69	60
3143	1	64.98	73.58	69	60
3143	6	64.98	73.58	69	60
3144	0	64.98	73.58	69	50
3144	1	64.98	64.59	69	50
3144	6	64.98	73.58	69	50
3145	0	64.98	73.58	50	46
3145	1	64.98	64.59	50	46
3145	6	64.98	73.58	50	46
3150	0	64.52	66.54	50	54
3150	1	82.93	64.59	50	54
3150	6	64.52	66.63	50	54
3151	0	64.52	66.54	50	54
3151	1	82.93	64.59	50	54
3151	6	64.52	66.63	50	54
3152	0	64.52	66.54	50	54
3152	1	64.52	64.59	50	54
3152	6	64.52	66.63	50	54
3200	0	55.76	53.92	48	51
3200	1	57.16	81.38	48	51
3200	6	55.7	52.18	48	51
3210	0	57.58	54.44	50	52
3210	1	57.58	79.7	50	52
3210	6	57.58	48.13	50	52
3211	0	57.58	54.44	50	52
3211	1	57.58	79.7	50	52
3211	6	57.58	48.13	50	52
3212	0	57.58	54.44	50	47
3212	1	57.58	79.7	50	47
3212	6	57.58	48.13	50	47
3213	0	57.58	54.44	50	55
3213	1	57.58	79.7	50	55
3213	6	57.58	48.13	50	55
3220	0	54.32	53.91	55	51
3220	1	56.97	81.49	55	51
3220	6	54.15	52.24	55	51
3221	0	54.32	53.91	51	53
3221	1	56.97	81.49	51	53
3221	6	54.15	52.24	51	53
3222	0	54.32	53.91	51	48
3222	1	56.97	81.49	51	48
3222	6	54.15	52.24	51	48
3223	0	54.32	53.91	51	52
3223	1	56.97	81.49	51	52
3223	6	54.15	52.24	51	52
3224	0	54.32	53.91	60	60
3224	1	56.97	81.49	60	60
3224	6	54.15	52.24	60	60
3225	0	54.32	53.91	51	44
3225	1	56.97	81.49	51	44
3225	6	54.15	52.24	51	44
3226	0	56.97	67.21	60	51
3226	1	56.97	82.92	60	51
3226	6	56.97	65.04	60	51
3227	0	54.32	53.91	51	48
3227	1	56.97	81.49	51	48
3227	6	54.15	52.24	51	48
3228	0	54.32	53.91	51	44
3228	1	56.97	81.49	51	44
3228	6	54.15	52.24	51	44
3229	0	52.84	49.21	51	45
3229	1	56.97	79.7	51	45
3229	6	52.84	48.13	51	45
3230	0	55.76	53.92	38	44
3230	1	57.16	81.38	38	44
3230	6	55.7	52.18	38	44
3231	0	55.76	53.92	38	44
3231	1	57.16	81.38	38	44
3231	6	55.7	52.18	38	44
3232	0	55.76	53.92	38	44
3232	1	57.16	81.38	38	44
3232	6	55.7	52.18	38	44
3240	0	55.76	53.92	49	29
3240	1	57.16	81.38	49	29
3240	6	55.7	52.18	49	29
3241	0	55.76	53.92	51	29
3241	1	57.16	81.38	51	29
3241	6	55.7	52.18	51	29
3242	0	55.76	53.92	38	22
3242	1	57.16	81.38	38	22
3242	6	55.7	52.18	38	22
3300	0	62.04	60.77	38	50
3300	1	77.35	78.89	38	50
3300	6	60.69	59.13	38	50
3310	0	62.04	60.77	38	50
3310	1	77.35	78.89	38	50
3310	6	60.69	59.13	38	50
3320	0	62.04	60.77	38	50
3320	1	77.35	78.89	38	50
3320	6	60.69	59.13	38	50
3330	0	62.04	60.77	38	50
3330	1	77.35	78.89	38	50
3330	6	60.69	59.13	38	50
3340	0	62.04	60.77	38	50
3340	1	77.35	78.89	38	50
3340	6	60.69	59.13	38	50
3400	0	58.55	62.64	55	48
3400	1	58.55	78.87	55	48
3400	6	58.55	60.95	55	48
3410	0	57.97	62.31	55	47
3410	1	81.02	54.4	55	47
3410	6	56.33	62.62	55	47
3411	0	50.7	60.87	61	50
3411	1	81.02	54.4	61	50
3411	6	45.88	62.64	61	50
3412	0	57.97	62.31	54	44
3412	1	81.02	54.4	54	44
3412	6	56.33	62.62	54	44
3413	0	57.97	62.31	59	49
3413	1	81.02	54.4	59	49
3413	6	56.33	62.62	59	49
3414	0	57.97	62.31	56	43
3414	1	81.02	54.4	56	43
3414	6	56.33	62.62	56	43
3415	0	58.52	59.5	56	46
3415	1	81.02	54.4	56	46
3415	6	54.46	62.64	56	46
3416	0	57.38	61.4	50	49
3416	1	81.02	54.4	50	49
3416	6	56.91	62.31	50	49
3417	0	57.97	62.31	56	46
3417	1	81.02	54.4	56	46
3417	6	56.33	62.62	56	46
3419	0	58.74	62.57	55	46
3419	1	81.02	54.4	55	46
3419	6	58.55	62.64	55	46
3420	0	57.93	65.16	55	42
3420	1	73.26	73.26	55	42
3420	6	54.77	63.21	55	42
3421	0	57.93	65.16	55	55
3421	1	73.26	73.26	55	55
3421	6	54.77	63.21	55	55
3422	0	57.93	65.16	55	50
3422	1	73.26	73.26	55	50
3422	6	54.77	63.21	55	50
3423	0	53.15	67.62	55	49
3423	1	73.26	99	55	49
3423	6	52.82	63.86	55	49
3429	0	63.88	54.59	55	42
3429	1	73.26	54.4	55	42
3429	6	58.51	55.03	55	42
3430	0	57.18	59.97	54	49
3430	1	57.18	96.53	54	49
3430	6	57.18	57.05	54	49
3431	0	57.18	59.97	54	53
3431	1	57.18	96.53	54	53
3431	6	57.18	57.05	54	53
3432	0	57.18	59.97	59	49
3432	1	57.18	96.53	59	49
3432	6	57.18	57.05	59	49
3433	0	57.18	59.97	51	49
3433	1	57.18	96.53	51	49
3433	6	57.18	57.05	51	49
3434	0	57.18	59.97	61	51
3434	1	57.18	96.53	61	51
3434	6	57.18	57.05	61	51
3439	0	57.18	59.97	54	53
3439	1	57.18	96.53	54	53
3439	6	57.18	57.05	54	53
3440	0	64.52	66.49	56	52
3440	1	64.52	66.49	56	52
3440	6	64.52	66.49	56	52
3441	0	64.52	66.49	56	44
3441	1	72.91	78.87	56	44
3441	6	64.52	66.49	56	44
3442	0	64.52	66.49	57	52
3442	1	72.91	78.87	57	52
3442	6	64.52	66.49	57	52
3443	0	64.52	66.49	56	55
3443	1	72.91	78.87	56	55
3443	6	64.52	66.49	56	55
3444	0	64.52	66.49	46	54
3444	1	72.91	78.87	46	54
3444	6	64.52	66.49	46	54
3449	0	64.52	66.49	56	55
3449	1	72.91	78.87	56	55
3449	6	64.52	66.49	56	55
3450	0	59.88	62.64	56	45
3450	1	72.91	78.87	56	45
3450	6	58.97	60.95	56	45
3451	0	59.88	62.64	55	60
3451	1	72.91	78.87	55	60
3451	6	58.97	60.95	55	60
3452	0	59.88	62.64	56	44
3452	1	72.91	78.87	56	44
3452	6	58.97	60.95	56	44
3460	0	59.88	62.64	43	49
3460	1	72.91	78.87	43	49
3460	6	58.97	60.95	43	49
3470	0	63.93	68.07	52	45
3470	1	63.93	68.07	52	45
3470	6	63.93	68.07	52	45
3471	0	63.93	68.07	53	49
3471	1	63.93	68.07	53	49
3471	6	63.93	68.07	53	49
3472	0	63.93	68.07	64	50
3472	1	63.93	68.07	64	50
3472	6	63.93	68.07	64	50
3473	0	63.93	68.07	50	32
3473	1	63.93	68.07	50	32
3473	6	63.93	68.07	50	32
3474	0	63.93	68.07	50	33
3474	1	63.93	68.07	50	33
3474	6	63.93	68.07	50	33
3475	0	63.93	68.07	54	49
3475	1	63.93	68.07	54	49
3475	6	63.93	68.07	54	49
3480	0	75.89	70.45	38	50
3480	1	75.89	70.45	38	50
3480	6	75.89	70.45	38	50
4000	0	51.28	56.53	45	37
4000	1	54.19	76.53	45	37
4000	6	51.25	55.09	45	37
4100	0	50.56	56.89	45	37
4100	1	53.89	77.06	45	37
4100	6	50.52	55.3	45	37
4110	0	61.41	61.84	51	45
4110	1	53.89	75.45	51	45
4110	6	61.41	61.04	51	45
4111	0	61.41	61.51	51	42
4111	1	61.41	75.45	51	42
4111	6	61.41	60.69	51	42
4112	0	61.41	61.84	50	42
4112	1	53.89	75.45	50	42
4112	6	61.41	61.04	50	42
4113	0	61.41	61.84	50	45
4113	1	53.89	75.45	50	45
4113	6	61.41	61.04	50	45
4114	0	61.41	61.84	51	45
4114	1	53.89	75.45	51	45
4114	6	61.41	61.04	51	45
4115	0	61.41	70.34	53	53
4115	1	61.41	75.45	53	53
4115	6	61.41	70.05	53	53
4120	0	50.56	56.89	51	44
4120	1	53.89	77.06	51	44
4120	6	50.52	55.3	51	44
4121	0	50.56	56.89	51	45
4121	1	53.89	77.06	51	45
4121	6	50.52	55.3	51	45
4122	0	50.56	56.89	51	36
4122	1	53.89	77.06	51	36
4122	6	50.52	55.3	51	36
4130	0	45.35	45.58	36	32
4130	1	55.78	77.6	36	32
4130	6	45.35	45.58	36	32
4131	0	48.48	50.64	32	30
4131	1	55.78	77.6	32	30
4131	6	48.42	50.18	32	30
4132	0	48.48	50.64	43	44
4132	1	55.78	77.6	43	44
4132	6	48.42	50.18	43	44
4133	0	55.78	57.93	45	37
4133	1	55.78	77.6	45	37
4133	6	55.78	57.09	45	37
4140	0	50.56	56.89	39	37
4140	1	53.89	77.06	39	37
4140	6	50.52	55.3	39	37
4141	0	50.56	56.89	39	36
4141	1	53.89	77.06	39	36
4141	6	50.52	55.3	39	36
4142	0	50.56	56.89	39	33
4142	1	53.89	77.06	39	33
4142	6	50.52	55.3	39	33
4143	0	50.56	56.89	39	41
4143	1	53.89	77.06	39	41
4143	6	50.52	55.3	39	41
4144	0	50.56	56.89	39	37
4144	1	53.89	77.06	39	37
4144	6	50.52	55.3	39	37
4190	0	52.84	54.95	39	37
4190	1	52.84	77.6	39	37
4190	6	52.84	52.67	39	37
4200	0	58.01	53.65	49	39
4200	1	58.49	57.26	49	39
4200	6	58.01	53.59	49	39
4210	0	58.49	62.43	48	37
4210	1	58.49	62.43	48	37
4210	6	58.49	62.43	48	37
4211	0	57.64	46.91	53	34
4211	1	58.49	46.91	53	34
4211	6	57.64	46.91	53	34
4212	0	57.64	46.91	46	42
4212	1	58.49	57.26	46	42
4212	6	57.64	46.91	46	42
4213	0	57.64	46.91	40	34
4213	1	58.49	57.26	40	34
4213	6	57.64	46.91	40	34
4214	0	58.06	53.53	40	15
4214	1	58.49	57.26	40	15
4214	6	58.06	53.46	40	15
4215	0	58.06	53.53	40	27
4215	1	58.49	57.26	40	27
4215	6	58.06	53.46	40	27
4220	0	57.64	54.19	52	38
4220	1	58.49	57.26	52	38
4220	6	57.64	54.19	52	38
4221	0	57.64	54.19	52	38
4221	1	58.49	57.26	52	38
4221	6	57.64	54.19	52	38
4222	0	57.64	54.19	52	38
4222	1	58.49	57.26	52	38
4222	6	57.64	54.19	52	38
4223	0	57.64	54.19	52	38
4223	1	57.64	54.19	52	38
4223	6	57.64	54.19	52	38
5000	0	52.44	46.09	40	32
5000	1	64.9	65.98	40	32
5000	6	49.41	44.01	40	32
5100	0	42.8	49.14	38	32
5100	1	42.8	66.91	38	32
5100	6	42.8	44.7	38	32
5110	0	45.7	50.76	34	32
5110	1	45.7	66.91	34	32
5110	6	45.7	44.7	34	32
5111	0	45.7	50.76	34	50
5111	1	45.7	66.91	34	50
5111	6	45.7	44.7	34	50
5112	0	45.7	44.7	34	32
5112	1	45.7	66.91	34	32
5112	6	45.7	44.7	34	32
5113	0	45.7	66.91	34	29
5113	1	45.7	66.91	34	29
5113	6	45.7	44.7	34	29
5120	0	43.67	40.06	32	26
5120	1	43.4	40.74	32	26
5120	6	43.69	40.01	32	26
5121	0	42.65	39.13	30	37
5121	1	42.15	40.97	30	37
5121	6	42.8	38.87	30	37
5122	0	42.76	39.03	30	31
5122	1	42.15	40.97	30	31
5122	6	42.8	38.87	30	31
5123	0	45.49	40.54	34	21
5123	1	45.49	40.62	34	21
5123	6	45.49	40.53	34	21
5130	0	48.78	42.59	25	27
5130	1	48.24	53.31	25	27
5130	6	48.82	41.54	25	27
5131	0	48.78	42.59	25	23
5131	1	48.24	53.31	25	23
5131	6	48.82	41.54	25	23
5132	0	48.78	42.59	25	42
5132	1	48.24	53.31	25	42
5132	6	48.82	41.54	25	42
5133	0	48.78	42.59	25	17
5133	1	48.24	53.31	25	17
5133	6	48.82	41.54	25	17
5139	0	48.78	42.59	25	29
5139	1	48.24	53.31	25	29
5139	6	48.82	41.54	25	29
5140	0	50.73	47.81	30	29
5140	1	53.32	66.91	30	29
5140	6	48.78	44.7	30	29
5141	0	53.97	47.84	29	32
5141	1	53.97	66.91	29	32
5141	6	53.97	44.7	29	32
5142	0	50.73	47.81	19	17
5142	1	53.32	66.91	19	17
5142	6	48.78	44.7	19	17
5143	0	43.83	47.81	54	34
5143	1	43.83	66.91	54	34
5143	6	43.83	44.7	54	34
5149	0	43.83	46.72	19	29
5149	1	53.32	66.91	19	29
5149	6	43.83	44.7	19	29
5150	0	48.78	42.59	43	37
5150	1	48.24	53.31	43	37
5150	6	48.82	41.54	43	37
5151	0	48.78	42.59	43	37
5151	1	48.24	53.31	43	37
5151	6	48.82	41.54	43	37
5152	0	48.78	42.59	43	37
5152	1	48.24	53.31	43	37
5152	6	48.82	41.54	43	37
5160	0	54.72	66.49	47	37
5160	1	48.24	53.31	47	37
5160	6	54.72	66.49	47	37
5161	0	53.14	66.49	42	35
5161	1	53.14	53.31	42	35
5161	6	53.14	66.49	42	35
5162	0	54.86	66.49	50	40
5162	1	54.86	66.49	50	40
5162	6	54.86	66.49	50	40
5163	0	54.72	66.49	40	39
5163	1	48.24	53.31	40	39
5163	6	54.72	66.49	40	39
5164	0	54.72	66.49	40	39
5164	1	48.24	53.31	40	39
5164	6	54.72	66.49	40	39
5169	0	54.86	66.49	40	30
5169	1	54.86	53.31	40	30
5169	6	54.86	66.49	40	30
5200	0	56.11	48.06	43	31
5200	1	68.41	72.53	43	31
5200	6	50.23	45.41	43	31
5210	0	56.11	48.06	43	28
5210	1	68.41	72.53	43	28
5210	6	50.23	45.41	43	28
5220	0	57.2	47.95	43	32
5220	1	68.41	72.53	43	32
5220	6	51.58	45.41	43	32
5230	0	45.3	59.41	37	24
5230	1	68.41	72.53	37	24
5230	6	38.74	45.41	37	24
6000	0	45.09	37.67	23	37
6000	1	45.35	37.61	23	37
6000	6	39.07	43.81	23	37
6100	0	45.1	37.67	23	38
6100	1	45.35	37.61	23	38
6100	6	39.07	43.81	23	38
6110	0	45.1	37.67	23	40
6110	1	45.35	37.61	23	40
6110	6	39.07	43.81	23	40
6111	0	45.1	37.67	23	40
6111	1	45.35	37.61	23	40
6111	6	39.07	43.81	23	40
6112	0	45.1	37.67	23	40
6112	1	45.35	37.61	23	40
6112	6	39.07	43.81	23	40
6113	0	45.1	37.67	23	40
6113	1	45.35	37.61	23	40
6113	6	39.07	43.81	23	40
6114	0	45.1	37.67	23	40
6114	1	45.35	37.61	23	40
6114	6	39.07	43.81	23	40
6120	0	45.1	37.67	23	40
6120	1	45.35	37.61	23	40
6120	6	39.07	43.81	23	40
6121	0	45.1	37.67	23	40
6121	1	45.35	37.61	23	40
6121	6	39.07	43.81	23	40
6122	0	45.1	37.67	23	40
6122	1	45.35	37.61	23	40
6122	6	39.07	43.81	23	40
6123	0	45.1	37.67	23	40
6123	1	45.35	37.61	23	40
6123	6	39.07	43.81	23	40
6124	0	45.1	37.67	23	40
6124	1	45.35	37.61	23	40
6124	6	39.07	43.81	23	40
6129	0	45.1	37.67	23	40
6129	1	45.35	37.61	23	40
6129	6	39.07	43.81	23	40
6130	0	45.29	37.64	23	38
6130	1	45.35	37.61	23	38
6130	6	39.07	43.81	23	38
6131	0	45.29	37.64	23	40
6131	1	45.35	37.61	23	40
6131	6	39.07	43.81	23	40
6132	0	45.29	37.64	27	41
6132	1	45.35	37.61	27	41
6132	6	39.07	43.81	27	41
6133	0	45.29	37.64	28	40
6133	1	45.35	37.61	28	40
6133	6	39.07	43.81	28	40
6134	0	45.29	37.64	28	30
6134	1	45.35	37.61	28	30
6134	6	39.07	43.81	28	30
6140	0	39.26	43.81	22	24
6140	1	45.35	43.81	22	24
6140	6	39.07	43.81	22	24
6141	0	39.26	43.81	22	24
6141	1	45.35	37.61	22	24
6141	6	39.07	43.81	22	24
6142	0	39.26	43.81	22	16
6142	1	45.35	37.61	22	16
6142	6	39.07	43.81	22	16
6150	0	39.07	37.67	28	28
6150	1	39.07	37.61	28	28
6150	6	39.07	43.81	28	28
6151	0	39.07	37.67	28	23
6151	1	45.35	37.61	28	23
6151	6	39.07	43.81	28	23
6152	0	39.07	37.67	28	23
6152	1	45.35	37.61	28	23
6152	6	39.07	43.81	28	23
6153	0	39.07	37.67	28	28
6153	1	45.35	37.61	28	28
6153	6	39.07	43.81	28	28
6154	0	39.07	37.67	28	6
6154	1	45.35	37.61	28	6
6154	6	39.07	43.81	28	6
6200	0	39.07	37.67	16	38
6200	1	45.35	37.61	16	38
6200	6	39.07	43.81	16	38
6210	0	39.07	37.67	16	38
6210	1	45.35	37.61	16	38
6210	6	39.07	43.81	16	38
6254	0	39.07	37.67	-999	-999
6254	1	39.07	37.61	-999	-999
6254	6	39.07	43.81	-999	-999
7000	0	43.54	39.38	34	38
7000	1	72.9	58.19	34	38
7000	6	41.05	38.56	34	38
7100	0	40.11	43.22	31	34
7100	1	74.57	58.6	31	34
7100	6	37.75	41.71	31	34
7110	0	41.12	43.22	30	34
7110	1	70.7	58.6	30	34
7110	6	37.42	41.71	30	34
7111	0	41.12	43.22	30	34
7111	1	70.7	58.6	30	34
7111	6	37.42	41.71	30	34
7112	0	41.12	43.22	30	36
7112	1	70.7	58.6	30	36
7112	6	37.42	41.71	30	36
7113	0	41.12	43.22	27	34
7113	1	70.7	58.6	27	34
7113	6	37.42	41.71	27	34
7120	0	37.58	41.71	30	34
7120	1	73.06	58.6	30	34
7120	6	36.79	41.71	30	34
7121	0	37.58	41.71	29	36
7121	1	73.06	58.6	29	36
7121	6	36.79	41.71	29	36
7122	0	37.81	41.71	29	34
7122	1	70.7	41.71	29	34
7122	6	37.42	41.71	29	34
7123	0	32.88	41.71	26	34
7123	1	73.06	58.6	26	34
7123	6	32.88	41.71	26	34
7124	0	38.13	41.71	29	37
7124	1	74.51	41.71	29	37
7124	6	35.82	41.71	29	37
7129	0	37.58	41.71	30	28
7129	1	73.06	58.6	30	28
7129	6	36.79	41.71	30	28
7130	0	36.31	43.66	34	37
7130	1	70.7	58.6	34	37
7130	6	35.8	41.71	34	37
7131	0	35.6	41.71	19	31
7131	1	70.7	58.6	19	31
7131	6	32.68	41.71	19	31
7132	0	43.99	43.66	30	31
7132	1	70.7	58.6	30	31
7132	6	40.57	41.71	30	31
7133	0	42.48	50.16	31	31
7133	1	70.7	58.6	31	31
7133	6	37.93	41.71	31	31
7134	0	52.5	44.12	34	28
7134	1	70.7	58.6	34	28
7134	6	37.93	41.71	34	28
7135	0	41.77	43.66	26	26
7135	1	75.04	58.6	26	26
7135	6	38.82	41.71	26	26
7136	0	43.51	41.71	33	34
7136	1	77.64	58.6	33	34
7136	6	40.32	41.71	33	34
7137	0	41.77	43.66	37	44
7137	1	75.04	58.6	37	44
7137	6	38.82	41.71	37	44
7139	0	41.77	43.66	-999	-999
7139	1	75.04	58.6	-999	-999
7139	6	38.82	41.71	-999	-999
7140	0	43.07	43.52	29	31
7140	1	74.51	58.6	29	31
7140	6	37.48	41.71	29	31
7141	0	43.07	43.52	29	31
7141	1	74.51	58.6	29	31
7141	6	37.48	41.71	29	31
7142	0	43.07	43.52	32	29
7142	1	74.51	58.6	32	29
7142	6	37.48	41.71	32	29
7143	0	43.07	43.52	29	20
7143	1	74.51	58.6	29	20
7143	6	37.48	41.71	29	20
7200	0	44.53	35.07	34	40
7200	1	75.23	58.6	34	40
7200	6	42.76	34.93	34	40
7210	0	42.84	37.63	31	38
7210	1	74.13	58.6	31	38
7210	6	42.33	37.63	31	38
7211	0	42.84	37.63	29	38
7211	1	74.13	58.6	29	38
7211	6	42.33	37.63	29	38
7212	0	42.33	37.63	30	39
7212	1	74.13	37.63	30	39
7212	6	42.33	37.63	30	39
7213	0	50.28	37.63	33	34
7213	1	74.13	58.6	33	34
7213	6	42.33	37.63	33	34
7214	0	42.84	37.63	30	44
7214	1	74.13	58.6	30	44
7214	6	42.33	37.63	30	44
7215	0	42.84	37.63	30	32
7215	1	74.13	58.6	30	32
7215	6	42.33	37.63	30	32
7216	0	42.84	37.63	30	26
7216	1	74.13	58.6	30	26
7216	6	42.33	37.63	30	26
7220	0	42.72	39.62	35	37
7220	1	74.13	58.6	35	37
7220	6	41.41	38.43	35	37
7221	0	55.46	58.6	33	35
7221	1	74.13	58.6	33	35
7221	6	47.46	38.43	33	35
7222	0	42.45	38.43	40	40
7222	1	74.13	58.6	40	40
7222	6	41.4	38.43	40	40
7223	0	38.83	38.43	34	38
7223	1	74.13	58.6	34	38
7223	6	38.09	38.43	34	38
7224	0	42.72	39.62	24	27
7224	1	74.13	58.6	24	27
7224	6	41.41	38.43	24	27
7230	0	45.13	39.55	34	43
7230	1	78.94	58.6	34	43
7230	6	42.13	38.43	34	43
7231	0	45.13	39.55	34	43
7231	1	78.94	58.6	34	43
7231	6	42.13	38.43	34	43
7232	0	45.13	39.55	42	50
7232	1	78.94	58.6	42	50
7232	6	42.13	38.43	42	50
7233	0	45.29	39.62	33	42
7233	1	78.94	58.6	33	42
7233	6	42.35	38.43	33	42
7234	0	39.52	38.43	23	20
7234	1	78.94	58.6	23	20
7234	6	33.89	38.43	23	20
7240	0	46.49	34.12	40	38
7240	1	70.86	58.6	40	38
7240	6	45.19	34.12	40	38
7241	0	46.49	34.12	40	38
7241	1	70.86	58.6	40	38
7241	6	45.19	34.12	40	38
7242	0	35.19	33.36	39	48
7242	1	70.86	33.36	39	48
7242	6	35.19	33.36	39	48
7243	0	47.29	40.24	41	42
7243	1	70.86	40.24	41	42
7243	6	45.94	40.24	41	42
7244	0	46.49	34.12	40	35
7244	1	70.86	58.6	40	35
7244	6	45.19	34.12	40	35
7245	0	46.49	34.12	38	36
7245	1	70.86	58.6	38	36
7245	6	45.19	34.12	38	36
7300	0	54.22	44.84	34	39
7300	1	71.78	58.6	34	39
7300	6	50.58	44.35	34	39
7310	0	59.05	45.84	38	45
7310	1	71.36	58.6	38	45
7310	6	53.87	45.45	38	45
7311	0	57.82	45.91	38	47
7311	1	74.68	58.6	38	47
7311	6	52.09	45.45	38	47
7312	0	64.07	45.45	38	33
7312	1	71.36	58.6	38	33
7312	6	64.07	45.45	38	33
7313	0	64.07	45.45	38	43
7313	1	64.07	58.6	38	43
7313	6	64.07	45.45	38	43
7320	0	49.81	37.71	28	28
7320	1	74.68	58.6	28	28
7320	6	48.68	36.66	28	28
7321	0	49.81	37.71	27	25
7321	1	74.68	58.6	27	25
7321	6	48.68	36.66	27	25
7322	0	49.81	37.71	29	37
7322	1	74.68	58.6	29	37
7322	6	48.68	36.66	29	37
7323	0	49.81	37.71	29	31
7323	1	74.68	58.6	29	31
7323	6	48.68	36.66	29	31
7324	0	49.81	37.71	29	31
7324	1	74.68	58.6	29	31
7324	6	48.68	36.66	29	31
7330	0	54.22	44.84	29	31
7330	1	71.78	58.6	29	31
7330	6	50.58	44.35	29	31
7331	0	54.22	44.84	29	31
7331	1	71.78	58.6	29	31
7331	6	50.58	44.35	29	31
7332	0	54.22	44.84	29	31
7332	1	71.78	58.6	29	31
7332	6	50.58	44.35	29	31
7340	0	50.56	45.83	40	42
7340	1	74.68	58.6	40	42
7340	6	50.56	45.83	40	42
7341	0	52.69	45.83	40	42
7341	1	74.68	58.6	40	42
7341	6	50.56	45.83	40	42
7342	0	49.18	46.29	40	41
7342	1	74.68	58.6	40	41
7342	6	47.99	45.83	40	41
7343	0	49.18	46.29	42	41
7343	1	74.68	58.6	42	41
7343	6	47.99	45.83	42	41
7344	0	50.56	46.34	40	42
7344	1	74.68	58.6	40	42
7344	6	50.56	45.83	40	42
7345	0	47.24	47.11	37	32
7345	1	74.68	58.6	37	32
7345	6	46.14	45.83	37	32
7346	0	50.56	45.83	38	52
7346	1	74.68	58.6	38	52
7346	6	50.56	45.83	38	52
7400	0	44.41	40.19	33	33
7400	1	69.69	58.01	33	33
7400	6	40.34	38.98	33	33
7410	0	42.15	40.15	30	28
7410	1	57.38	58.01	30	28
7410	6	37.65	40.15	30	28
7411	0	42.15	40.15	30	24
7411	1	57.38	40.15	30	24
7411	6	37.65	40.15	30	24
7412	0	42.15	40.15	31	33
7412	1	57.38	58.01	31	33
7412	6	37.65	40.15	31	33
7413	0	42.15	40.15	30	34
7413	1	57.38	58.01	30	34
7413	6	37.65	40.15	30	34
7414	0	42.15	40.15	30	35
7414	1	57.38	58.01	30	35
7414	6	37.65	40.15	30	35
7415	0	42.15	40.15	30	34
7415	1	57.38	58.01	30	34
7415	6	37.65	40.15	30	34
7416	0	42.15	40.15	30	34
7416	1	57.38	58.01	30	34
7416	6	37.65	40.15	30	34
7420	0	44.15	39.93	33	29
7420	1	73.91	58.6	33	29
7420	6	40.12	36.89	33	29
7421	0	39.25	39.87	33	29
7421	1	73.91	58.6	33	29
7421	6	33.47	34.98	33	29
7422	0	44.55	39.94	33	40
7422	1	73.91	58.6	33	40
7422	6	40.97	38.01	33	40
7423	0	55.04	46.79	33	36
7423	1	73.91	58.6	33	36
7423	6	33.47	34.98	33	36
7424	0	53.69	34.98	33	21
7424	1	73.91	58.6	33	21
7424	6	33.47	34.98	33	21
7430	0	49.22	42.41	36	34
7430	1	64.96	57.42	36	34
7430	6	45.48	41.39	36	34
7431	0	49.22	42.41	29	29
7431	1	64.96	57.42	29	29
7431	6	45.48	41.39	29	29
7432	0	49.22	42.41	29	32
7432	1	64.96	57.42	29	32
7432	6	45.48	41.39	29	32
7433	0	46.08	42.48	45	40
7433	1	64.96	57.42	45	40
7433	6	44.2	41.39	45	40
7434	0	49.22	42.41	36	35
7434	1	64.96	57.42	36	35
7434	6	45.48	41.39	36	35
7435	0	49.22	42.41	36	40
7435	1	64.96	57.42	36	40
7435	6	45.48	41.39	36	40
7436	0	49.22	42.41	33	26
7436	1	64.96	57.42	33	26
7436	6	45.48	41.39	33	26
7437	0	51.8	41.39	28	31
7437	1	64.96	57.42	28	31
7437	6	46.81	41.39	28	31
7440	0	51.04	35.63	31	27
7440	1	64.96	35.63	31	27
7440	6	47.56	35.63	31	27
7441	0	64.96	35.63	31	22
7441	1	64.96	35.63	31	22
7441	6	47.56	35.63	31	22
7442	0	49.39	35.63	31	27
7442	1	64.96	35.63	31	27
7442	6	47.56	35.63	31	27
7500	0	43.54	39.38	42	48
7500	1	72.9	58.19	42	48
7500	6	41.05	38.56	42	48
7510	0	43.54	39.38	42	46
7510	1	72.9	58.19	42	46
7510	6	41.05	38.56	42	46
7520	0	43.54	39.38	39	46
7520	1	72.9	58.19	39	46
7520	6	41.05	38.56	39	46
7530	0	43.54	39.38	26	37
7530	1	72.9	58.19	26	37
7530	6	41.05	38.56	26	37
8000	0	41.3	36.51	31	34
8000	1	64.86	53.87	31	34
8000	6	39.44	35.87	31	34
8100	0	38.21	37.26	30	36
8100	1	69.28	58.6	30	36
8100	6	37.31	36.81	30	36
8110	0	36.44	36.16	35	31
8110	1	69.28	58.6	35	31
8110	6	35.53	36.16	35	31
8111	0	33.83	36.16	35	34
8111	1	69.28	58.6	35	34
8111	6	33.83	36.16	35	34
8112	0	38.19	36.16	35	32
8112	1	69.28	58.6	35	32
8112	6	36.55	36.16	35	32
8113	0	36.55	36.16	35	31
8113	1	69.28	36.16	35	31
8113	6	36.55	36.16	35	31
8120	0	34.81	36.16	30	40
8120	1	69.28	58.6	30	40
8120	6	34.12	36.16	30	40
8121	0	39.84	36.16	31	45
8121	1	69.28	36.16	31	45
8121	6	39.84	36.16	31	45
8122	0	33.16	36.16	30	36
8122	1	69.28	36.16	30	36
8122	6	32.11	36.16	30	36
8123	0	34.81	36.16	28	38
8123	1	69.28	58.6	28	38
8123	6	34.12	36.16	28	38
8124	0	32.11	36.16	30	28
8124	1	69.28	58.6	30	28
8124	6	32.11	36.16	30	28
8129	0	34.81	36.16	-999	-999
8129	1	69.28	36.16	-999	-999
8129	6	34.12	36.16	-999	-999
8130	0	44.43	42.93	22	31
8130	1	69.28	58.6	22	31
8130	6	40.53	41.5	22	31
8131	0	44.51	42.42	22	31
8131	1	69.28	58.6	22	31
8131	6	40.53	41.5	22	31
8139	0	45.32	41.5	22	31
8139	1	69.28	58.6	22	31
8139	6	40.53	41.5	22	31
8140	0	39.03	36.16	27	28
8140	1	69.28	58.6	27	28
8140	6	39.03	36.16	27	28
8141	0	39.03	36.16	27	29
8141	1	69.28	58.6	27	29
8141	6	39.03	36.16	27	29
8142	0	39.03	36.16	27	28
8142	1	69.28	58.6	27	28
8142	6	39.03	36.16	27	28
8143	0	39.03	36.16	27	28
8143	1	39.03	36.16	27	28
8143	6	39.03	36.16	27	28
8150	0	38.68	32.79	35	42
8150	1	38.68	32.79	35	42
8150	6	38.68	32.79	35	42
8151	0	38.68	32.79	35	43
8151	1	69.28	58.6	35	43
8151	6	38.68	32.79	35	43
8152	0	38.68	32.79	35	43
8152	1	69.28	58.6	35	43
8152	6	38.68	32.79	35	43
8153	0	38.68	32.79	35	43
8153	1	69.28	58.6	35	43
8153	6	38.68	32.79	35	43
8154	0	38.68	32.79	35	43
8154	1	69.28	58.6	35	43
8154	6	38.68	32.79	35	43
8155	0	38.68	32.79	35	37
8155	1	69.28	58.6	35	37
8155	6	38.68	32.79	35	37
8159	0	38.68	32.79	35	43
8159	1	69.28	58.6	35	43
8159	6	38.68	32.79	35	43
8160	0	37.95	36.16	32	38
8160	1	69.28	58.6	32	38
8160	6	37.42	36.16	32	38
8161	0	37.95	36.16	33	42
8161	1	69.28	36.16	33	42
8161	6	37.42	36.16	33	42
8162	0	37.95	36.16	27	35
8162	1	69.28	58.6	27	35
8162	6	37.42	36.16	27	35
8163	0	37.95	36.16	33	34
8163	1	69.28	58.6	33	34
8163	6	37.42	36.16	33	34
8170	0	38.21	37.26	26	30
8170	1	69.28	58.6	26	30
8170	6	37.31	36.81	26	30
8171	0	38.21	37.26	26	30
8171	1	69.28	58.6	26	30
8171	6	37.31	36.81	26	30
8172	0	38.21	37.26	26	30
8172	1	69.28	58.6	26	30
8172	6	37.31	36.81	26	30
8200	0	41.83	36.2	32	34
8200	1	68.67	57.76	32	34
8200	6	38.37	35.56	32	34
8210	0	38.21	37.65	36	37
8210	1	69.28	57.76	36	37
8210	6	37.87	37.65	36	37
8211	0	37.87	37.65	36	38
8211	1	69.28	37.65	36	38
8211	6	37.87	37.65	36	38
8212	0	40.86	37.65	30	30
8212	1	69.28	37.65	30	30
8212	6	37.87	37.65	30	30
8220	0	33.73	31.68	30	43
8220	1	68.67	57.76	30	43
8220	6	33.73	31.68	30	43
8221	0	33.73	31.68	30	43
8221	1	68.67	57.76	30	43
8221	6	33.73	31.68	30	43
8222	0	33.73	31.68	30	43
8222	1	68.67	57.76	30	43
8222	6	33.73	31.68	30	43
8223	0	33.73	31.68	30	28
8223	1	33.73	31.68	30	28
8223	6	33.73	31.68	30	28
8224	0	33.73	31.68	30	43
8224	1	68.67	57.76	30	43
8224	6	33.73	31.68	30	43
8229	0	33.73	31.68	30	43
8229	1	68.67	57.76	30	43
8229	6	33.73	31.68	30	43
8230	0	33.65	31.68	30	30
8230	1	69.28	57.76	30	30
8230	6	32.52	31.68	30	30
8231	0	32.37	31.68	30	30
8231	1	69.28	31.68	30	30
8231	6	30.89	31.68	30	30
8232	0	34.12	31.68	30	30
8232	1	69.28	31.68	30	30
8232	6	33.1	31.68	30	30
8240	0	33.1	33.92	29	31
8240	1	33.1	58.6	29	31
8240	6	33.1	31.68	29	31
8250	0	41.62	38.13	38	41
8250	1	69.28	57.76	38	41
8250	6	37.81	38.13	38	41
8251	0	41.62	38.13	38	41
8251	1	69.28	57.76	38	41
8251	6	37.81	38.13	38	41
8252	0	44.1	38.13	38	32
8252	1	69.28	38.13	38	32
8252	6	37.81	38.13	38	32
8253	0	39.56	38.13	38	28
8253	1	69.28	38.13	38	28
8253	6	37.81	38.13	38	28
8260	0	37.91	35.82	30	28
8260	1	69.28	57.42	30	28
8260	6	33.89	35.06	30	28
8261	0	35.7	31.93	29	29
8261	1	69.28	57.42	29	29
8261	6	35.7	31.93	29	29
8262	0	33.69	36.2	29	29
8262	1	69.28	57.42	29	29
8262	6	31.91	36.2	29	29
8263	0	46.04	35.05	32	25
8263	1	69.28	57.42	32	25
8263	6	35.58	34.09	32	25
8264	0	34.5	39.55	24	25
8264	1	69.28	57.42	24	25
8264	6	32.76	38.79	24	25
8265	0	37.91	35.82	32	26
8265	1	69.28	57.42	32	26
8265	6	33.89	35.06	32	26
8266	0	37.91	35.82	32	28
8266	1	69.28	57.42	32	28
8266	6	33.89	35.06	32	28
8269	0	35.8	43.33	32	26
8269	1	69.28	57.42	32	26
8269	6	32.76	42.53	32	26
8270	0	41.01	33.95	29	33
8270	1	68.29	58.6	29	33
8270	6	41.01	33.95	29	33
8271	0	47.49	39.67	29	31
8271	1	68.29	58.6	29	31
8271	6	39.97	38.78	29	31
8272	0	38.7	33.95	29	34
8272	1	68.29	58.6	29	34
8272	6	38.7	33.95	29	34
8273	0	49.14	39.67	29	33
8273	1	68.29	58.6	29	33
8273	6	38.7	38.78	29	33
8274	0	50.72	42.01	29	33
8274	1	68.29	58.6	29	33
8274	6	41.01	40.87	29	33
8275	0	47.49	39.67	29	35
8275	1	68.29	58.6	29	35
8275	6	39.97	38.78	29	35
8276	0	37.97	33.95	29	45
8276	1	68.29	58.6	29	45
8276	6	37.97	33.95	29	45
8277	0	37.97	33.95	29	34
8277	1	68.29	58.6	29	34
8277	6	37.97	33.95	29	34
8278	0	40.5	33.95	29	34
8278	1	68.29	58.6	29	34
8278	6	37.97	33.95	29	34
8279	0	41.01	40.87	29	39
8279	1	68.29	58.6	29	39
8279	6	41.01	40.87	29	39
8280	0	46.02	35.96	31	33
8280	1	70.86	58.6	31	33
8280	6	45.24	35.61	31	33
8281	0	46.02	35.96	30	30
8281	1	70.86	58.6	30	30
8281	6	45.24	35.61	30	30
8282	0	50.07	35.61	34	48
8282	1	70.86	58.6	34	48
8282	6	49.17	35.61	34	48
8283	0	46.02	35.96	34	48
8283	1	70.86	58.6	34	48
8283	6	45.24	35.61	34	48
8284	0	34.6	35.96	30	30
8284	1	70.86	58.6	30	30
8284	6	34.6	35.61	30	30
8285	0	46.02	35.96	30	31
8285	1	70.86	58.6	30	31
8285	6	45.24	35.61	30	31
8286	0	46.02	35.96	30	28
8286	1	70.86	58.6	30	28
8286	6	45.24	35.61	30	28
8290	0	37.04	35.61	26	33
8290	1	37.04	35.61	26	33
8290	6	37.04	35.61	26	33
8300	0	42	40.62	32	33
8300	1	58.41	40.62	32	33
8300	6	40.99	40.62	32	33
8310	0	52.29	40.62	36	36
8310	1	58.41	40.62	36	36
8310	6	52.29	40.62	36	36
8311	0	52.29	40.62	41	43
8311	1	52.29	40.62	41	43
8311	6	52.29	40.62	41	43
8312	0	52.29	40.62	32	29
8312	1	58.41	40.62	32	29
8312	6	52.29	40.62	32	29
8320	0	52.29	40.62	34	32
8320	1	58.41	40.62	34	32
8320	6	52.29	40.62	34	32
8321	0	52.29	40.62	30	31
8321	1	58.41	40.62	30	31
8321	6	52.29	40.62	30	31
8322	0	52.29	40.62	30	31
8322	1	58.41	40.62	30	31
8322	6	52.29	40.62	30	31
8323	0	52.29	40.62	30	32
8323	1	52.29	40.62	30	32
8323	6	52.29	40.62	30	32
8324	0	52.29	40.62	34	33
8324	1	58.41	40.62	34	33
8324	6	52.29	40.62	34	33
8330	0	41.59	40.62	26	32
8330	1	58.41	40.62	26	32
8330	6	40.51	40.62	26	32
8331	0	41.59	40.62	26	31
8331	1	58.41	40.62	26	31
8331	6	40.51	40.62	26	31
8332	0	41.59	40.62	26	32
8332	1	58.41	40.62	26	32
8332	6	40.51	40.62	26	32
8333	0	41.59	40.62	28	33
8333	1	58.41	40.62	28	33
8333	6	40.51	40.62	28	33
8334	0	41.59	40.62	28	28
8334	1	58.41	40.62	28	28
8334	6	40.51	40.62	28	28
8340	0	40.51	40.62	32	29
8340	1	40.51	40.62	32	29
8340	6	40.51	40.62	32	29
8400	0	41.3	36.51	24	33
8400	1	64.86	53.87	24	33
8400	6	39.44	35.87	24	33
9000	0	37.16	38.01	20	21
9000	1	45.26	49.31	20	21
9000	6	37.03	37.88	20	21
9100	0	42.67	37.49	25	23
9100	1	49.04	52.67	25	23
9100	6	42.41	37.35	25	23
9110	0	42.67	37.49	29	25
9110	1	49.04	52.67	29	25
9110	6	42.41	37.35	29	25
9111	0	42.67	37.49	29	24
9111	1	49.04	52.67	29	24
9111	6	42.41	37.35	29	24
9112	0	42.67	37.49	28	24
9112	1	49.04	52.67	28	24
9112	6	42.41	37.35	28	24
9113	0	42.67	37.49	29	26
9113	1	49.04	52.67	29	26
9113	6	42.41	37.35	29	26
9120	0	42.67	37.49	28	12
9120	1	49.04	52.67	28	12
9120	6	42.41	37.35	28	12
9130	0	41.33	40.49	16	21
9130	1	49.04	52.67	16	21
9130	6	41.2	40.49	16	21
9131	0	45.12	40.62	16	22
9131	1	49.04	52.67	16	22
9131	6	41.2	40.49	16	22
9132	0	32.81	33.43	16	21
9132	1	49.04	52.67	16	21
9132	6	32.13	32.92	16	21
9133	0	38.94	36.28	16	22
9133	1	49.04	52.67	16	22
9133	6	38.57	35.95	16	22
9140	0	44.72	37.74	23	23
9140	1	49.04	52.67	23	23
9140	6	44.54	37.65	23	23
9141	0	44.72	37.74	23	25
9141	1	49.04	52.67	23	25
9141	6	44.54	37.65	23	25
9142	0	44.72	37.74	23	19
9142	1	49.04	52.67	23	19
9142	6	44.54	37.65	23	19
9150	0	42.23	50.46	27	20
9150	1	49.04	52.67	27	20
9150	6	41.97	50.46	27	20
9151	0	42.23	50.46	25	22
9151	1	49.04	52.67	25	22
9151	6	41.97	50.46	25	22
9152	0	42.23	50.46	27	20
9152	1	49.04	50.46	27	20
9152	6	41.97	50.46	27	20
9153	0	42.23	50.46	27	21
9153	1	49.04	52.67	27	21
9153	6	41.97	50.46	27	21
9160	0	42.67	37.49	23	13
9160	1	49.04	52.67	23	13
9160	6	42.41	37.35	23	13
9161	0	42.67	37.49	23	13
9161	1	49.04	52.67	23	13
9161	6	42.41	37.35	23	13
9162	0	42.67	37.49	23	13
9162	1	49.04	52.67	23	13
9162	6	42.41	37.35	23	13
9200	0	37.71	38.28	16	23
9200	1	37.71	38.28	16	23
9200	6	37.71	38.28	16	23
9210	0	37.71	38.28	16	23
9210	1	37.71	38.28	16	23
9210	6	37.71	38.28	16	23
9211	0	37.71	38.28	16	23
9211	1	37.71	38.28	16	23
9211	6	37.71	38.28	16	23
9212	0	37.71	38.28	16	18
9212	1	37.71	38.28	16	18
9212	6	37.71	38.28	16	18
9213	0	37.71	38.28	16	23
9213	1	37.71	38.28	16	23
9213	6	37.71	38.28	16	23
9300	0	31.72	38.43	23	18
9300	1	31.72	38.43	23	18
9300	6	31.72	38.43	23	18
9310	0	31.12	38.43	21	16
9310	1	49.04	58.6	21	16
9310	6	31.12	38.43	21	16
9311	0	31.12	38.43	21	18
9311	1	49.04	58.6	21	18
9311	6	31.12	38.43	21	18
9312	0	31.12	38.43	21	15
9312	1	49.04	58.6	21	15
9312	6	31.12	38.43	21	15
9313	0	31.12	38.43	21	15
9313	1	31.12	38.43	21	15
9313	6	31.12	38.43	21	15
9320	0	31.6	38.93	20	19
9320	1	49.04	58.6	20	19
9320	6	31.6	38.93	20	19
9321	0	31.6	38.93	20	18
9321	1	49.04	58.6	20	18
9321	6	31.6	38.93	20	18
9322	0	38.61	39.79	24	22
9322	1	49.04	58.6	24	22
9322	6	38.58	39.71	24	22
9330	0	41.22	38.43	29	20
9330	1	49.04	58.6	29	20
9330	6	41.22	38.43	29	20
9331	0	40.81	41.99	22	17
9331	1	49.04	58.6	22	17
9331	6	40.7	38.43	22	17
9332	0	40.81	41.99	22	22
9332	1	49.04	58.6	22	22
9332	6	40.7	38.43	22	22
9333	0	38.54	43.08	30	20
9333	1	49.04	58.6	30	20
9333	6	37.59	38.43	30	20
