isco88
0
1
2
3
4
5
6
7
8
9
1
10
11
12
13
20
21
22
23
24
30
31
32
33
34
40
41
42
50
51
52
60
61
62
70
71
72
73
74
75
80
81
82
83
84
90
91
92
93
11
100
111
112
113
114
115
116
120
121
122
123
124
125
130
131
200
210
211
212
213
214
220
221
222
223
230
231
232
233
234
235
240
241
242
243
244
245
246
247
300
310
311
312
313
314
315
316
320
321
322
323
324
330
331
332
333
334
340
341
342
343
344
345
346
347
348
349
400
410
411
412
413
414
419
420
421
422
500
510
511
512
513
514
515
516
520
521
522
523
600
610
611
612
613
614
615
620
621
700
710
711
712
713
714
720
721
722
723
724
730
731
732
733
734
740
741
742
743
744
750
751
752
753
800
810
811
812
813
814
815
816
817
818
820
821
822
823
824
825
826
827
828
829
830
831
832
833
834
840
900
910
911
912
913
914
915
916
920
921
930
931
932
933
110
1000
1100
1110
1111
1113
1120
1123
1125
1127
1128
1130
1140
1141
1142
1143
1150
1160
1200
1210
1220
1221
1222
1223
1224
1225
1226
1227
1228
1229
1230
1231
1232
1233
1234
1235
1236
1237
1239
1240
1250
1251
1252
1300
1310
1311
1312
1313
1314
1315
1316
1317
1318
1319
2000
2100
2110
2111
2112
2113
2114
2119
2120
2121
2122
2129
2130
2131
2132
2139
2140
2141
2142
2143
2144
2145
2146
2147
2148
2149
2200
2210
2211
2212
2213
2220
2221
2222
2223
2224
2225
2229
2230
2300
2310
2311
2319
2320
2321
2322
2323
2330
2331
2332
2340
2341
2342
2343
2350
2351
2352
2353
2354
2355
2356
2359
2400
2410
2411
2412
2413
2419
2420
2421
2422
2426
2429
2430
2431
2432
2433
2439
2440
2441
2442
2443
2444
2445
2446
2447
2450
2451
2452
2453
2454
2455
2456
2457
2458
2459
2460
2470
3000
3100
3110
3111
3112
3113
3114
3115
3116
3117
3118
3119
3120
3121
3122
3123
3129
3130
3131
3132
3133
3134
3139
3140
3141
3142
3143
3144
3145
3146
3150
3151
3152
3160
3200
3210
3211
3212
3213
3220
3221
3222
3223
3224
3225
3226
3227
3228
3229
3230
3231
3232
3233
3234
3235
3240
3241
3242
3300
3310
3311
3312
3320
3330
3331
3332
3340
3341
3342
3343
3349
3400
3410
3411
3412
3413
3414
3415
3416
3417
3419
3420
3421
3422
3423
3429
3430
3431
3432
3433
3434
3435
3436
3439
3440
3441
3442
3443
3444
3449
3450
3451
3452
3453
3460
3470
3471
3472
3473
3474
3475
3479
3480
3481
3482
3490
4000
4100
4110
4111
4112
4113
4114
4115
4120
4121
4122
4123
4130
4131
4132
4133
4140
4141
4142
4143
4144
4190
4200
4210
4211
4212
4213
4214
4215
4216
4219
4220
4221
4222
4223
4224
5000
5100
5110
5111
5112
5113
5120
5121
5122
5123
5124
5130
5131
5132
5133
5139
5140
5141
5142
5143
5144
5145
5149
5150
5151
5152
5160
5161
5162
5163
5164
5165
5169
5200
5210
5211
5212
5220
5230
6000
6100
6110
6111
6112
6113
6114
6115
6120
6121
6122
6123
6124
6129
6130
6131
6132
6133
6134
6140
6141
6142
6150
6151
6152
6153
6154
6200
6210
6254
7000
7100
7110
7111
7112
7113
7114
7115
7120
7121
7122
7123
7124
7125
7126
7129
7130
7131
7132
7133
7134
7135
7136
7137
7139
7140
7141
7142
7143
7200
7210
7211
7212
7213
7214
7215
7216
7220
7221
7222
7223
7224
7226
7227
7230
7231
7232
7233
7234
7235
7239
7240
7241
7242
7243
7244
7245
7246
7247
7300
7310
7311
7312
7313
7314
7320
7321
7322
7323
7324
7330
7331
7332
7340
7341
7342
7343
7344
7345
7346
7400
7410
7411
7412
7413
7414
7415
7416
7419
7420
7421
7422
7423
7424
7430
7431
7432
7433
7434
7435
7436
7437
7439
7440
7441
7442
7443
7500
7510
7520
7530
8000
8100
8110
8111
8112
8113
8120
8121
8122
8123
8124
8126
8129
8130
8131
8139
8140
8141
8142
8143
8149
8150
8151
8152
8153
8154
8155
8159
8160
8161
8162
8163
8164
8170
8171
8172
8180
8200
8210
8211
8212
8219
8220
8221
8222
8223
8224
8225
8226
8229
8230
8231
8232
8240
8250
8251
8252
8253
8254
8255
8260
8261
8262
8263
8264
8265
8266
8267
8269
8270
8271
8272
8273
8274
8275
8276
8277
8278
8279
8280
8281
8282
8283
8284
8285
8286
8287
8290
8300
8310
8311
8312
8313
8314
8320
8321
8322
8323
8324
8325
8326
8330
8331
8332
8333
8334
8340
8400
9000
9100
9110
9111
9112
9113
9114
9120
9129
9130
9131
9132
9133
9134
9140
9141
9142
9143
9144
9150
9151
9152
9153
9154
9159
9160
9161
9162
9169
9200
9210
9211
9212
9213
9300
9310
9311
9312
9313
9315
9320
9321
9322
9323
9330
9331
9332
9333
9334
9339
